date,State,Population,new_confirmed,new_deceased,cumulative_confirmed,cumulative_deceased
7/1/2021,Alaska,738432,48,0,68482,402
7/2/2021,Alaska,738432,41,1,68523,403
7/3/2021,Alaska,738432,40,1,68563,404
7/4/2021,Alaska,738432,33,0,68596,404
7/5/2021,Alaska,738432,25,0,68621,404
7/6/2021,Alaska,738432,57,1,68678,405
7/7/2021,Alaska,738432,69,1,68747,406
7/8/2021,Alaska,738432,51,2,68798,408
7/9/2021,Alaska,738432,80,3,68878,411
7/10/2021,Alaska,738432,55,3,68933,414
7/11/2021,Alaska,738432,26,2,68959,416
7/12/2021,Alaska,738432,100,1,69059,417
7/13/2021,Alaska,738432,138,0,69197,417
7/14/2021,Alaska,738432,121,0,69318,417
7/15/2021,Alaska,738432,144,2,69462,419
7/16/2021,Alaska,738432,166,2,69628,421
7/17/2021,Alaska,738432,185,1,69813,422
7/18/2021,Alaska,738432,84,1,69897,423
7/19/2021,Alaska,738432,215,1,70112,424
7/20/2021,Alaska,738432,217,4,70329,428
7/21/2021,Alaska,738432,187,4,70516,432
7/22/2021,Alaska,738432,243,3,70759,435
7/23/2021,Alaska,738432,245,0,71004,435
7/24/2021,Alaska,738432,169,1,71173,436
7/25/2021,Alaska,738432,119,1,71292,437
7/26/2021,Alaska,738432,133,1,71425,438
7/27/2021,Alaska,738432,334,3,71759,441
7/28/2021,Alaska,738432,297,4,72056,445
7/29/2021,Alaska,738432,234,1,72290,446
7/30/2021,Alaska,738432,207,3,72497,449
7/31/2021,Alaska,738432,267,2,72764,451
8/1/2021,Alaska,738432,222,2,72986,453
8/2/2021,Alaska,738432,285,1,73271,454
8/3/2021,Alaska,738432,325,3,73596,457
8/4/2021,Alaska,738432,349,7,73945,464
8/5/2021,Alaska,738432,303,3,74248,467
8/6/2021,Alaska,738432,305,4,74553,471
8/7/2021,Alaska,738432,341,1,74894,472
8/8/2021,Alaska,738432,185,1,75079,473
8/9/2021,Alaska,738432,239,2,75318,475
8/10/2021,Alaska,738432,360,3,75678,478
8/11/2021,Alaska,738432,377,1,76055,479
8/12/2021,Alaska,738432,310,4,76365,483
8/13/2021,Alaska,738432,352,5,76717,488
8/14/2021,Alaska,738432,374,1,77091,489
8/15/2021,Alaska,738432,273,3,77364,492
8/16/2021,Alaska,738432,440,5,77804,497
8/17/2021,Alaska,738432,617,4,78421,501
8/18/2021,Alaska,738432,632,4,79053,505
8/19/2021,Alaska,738432,447,0,79500,505
8/20/2021,Alaska,738432,522,6,80022,511
8/21/2021,Alaska,738432,310,3,80332,514
8/22/2021,Alaska,738432,221,0,80553,514
8/23/2021,Alaska,738432,565,6,81118,520
8/24/2021,Alaska,738432,575,6,81693,526
8/25/2021,Alaska,738432,700,5,82393,531
8/26/2021,Alaska,738432,505,7,82898,538
8/27/2021,Alaska,738432,667,6,83565,544
8/28/2021,Alaska,738432,291,1,83856,545
8/29/2021,Alaska,738432,153,0,84009,545
8/30/2021,Alaska,738432,597,7,84606,552
8/31/2021,Alaska,738432,755,7,85361,559
9/1/2021,Alaska,738432,676,2,86037,561
9/2/2021,Alaska,738432,579,7,86616,568
9/3/2021,Alaska,738432,850,5,87466,573
9/4/2021,Alaska,738432,505,2,87971,575
9/5/2021,Alaska,738432,274,4,88245,579
9/6/2021,Alaska,738432,430,8,88675,587
9/7/2021,Alaska,738432,806,10,89481,597
9/8/2021,Alaska,738432,810,11,90291,608
9/9/2021,Alaska,738432,659,3,90950,611
9/10/2021,Alaska,738432,793,4,91743,615
9/11/2021,Alaska,738432,370,4,92113,619
9/12/2021,Alaska,738432,276,1,92389,620
9/13/2021,Alaska,738432,679,9,93068,629
9/14/2021,Alaska,738432,1070,7,94138,636
9/15/2021,Alaska,738432,1031,9,95169,645
9/16/2021,Alaska,738432,878,12,96047,657
9/17/2021,Alaska,738432,900,5,96947,662
9/18/2021,Alaska,738432,640,8,97587,670
9/19/2021,Alaska,738432,512,4,98099,674
9/20/2021,Alaska,738432,834,6,98933,680
9/21/2021,Alaska,738432,1213,11,100146,691
9/22/2021,Alaska,738432,1274,13,101420,704
9/23/2021,Alaska,738432,1719,13,103139,717
9/24/2021,Alaska,738432,1007,14,104146,731
9/25/2021,Alaska,738432,1286,3,105432,734
9/26/2021,Alaska,738432,1548,7,106980,741
9/27/2021,Alaska,738432,697,5,107677,746
9/28/2021,Alaska,738432,967,8,108644,754
9/29/2021,Alaska,738432,1209,7,109853,761
9/30/2021,Alaska,738432,999,6,110852,767
10/1/2021,Alaska,738432,1044,5,111896,772
10/2/2021,Alaska,738432,774,7,112670,779
10/3/2021,Alaska,738432,404,5,113074,784
10/4/2021,Alaska,738432,834,3,113908,787
10/5/2021,Alaska,738432,851,4,114759,791
10/6/2021,Alaska,738432,834,5,115593,796
10/7/2021,Alaska,738432,809,5,116402,801
10/8/2021,Alaska,738432,898,9,117300,810
10/9/2021,Alaska,738432,1048,5,118348,815
10/10/2021,Alaska,738432,769,10,119117,825
10/11/2021,Alaska,738432,464,6,119581,831
10/12/2021,Alaska,738432,1212,14,120793,845
10/13/2021,Alaska,738432,967,11,121760,856
10/14/2021,Alaska,738432,969,4,122729,860
10/15/2021,Alaska,738432,715,3,123444,863
10/16/2021,Alaska,738432,988,11,124432,874
10/17/2021,Alaska,738432,562,2,124994,876
10/18/2021,Alaska,738432,501,5,125495,881
10/19/2021,Alaska,738432,815,7,126310,888
10/20/2021,Alaska,738432,978,4,127288,892
10/21/2021,Alaska,738432,861,8,128149,900
10/22/2021,Alaska,738432,515,4,128664,904
10/23/2021,Alaska,738432,788,5,129452,909
10/24/2021,Alaska,738432,348,3,129800,912
10/25/2021,Alaska,738432,738,7,130538,919
10/26/2021,Alaska,738432,558,5,131096,924
10/27/2021,Alaska,738432,811,5,131907,929
10/28/2021,Alaska,738432,805,5,132712,934
10/29/2021,Alaska,738432,617,9,133329,943
10/30/2021,Alaska,738432,560,1,133889,944
10/31/2021,Alaska,738432,348,0,134237,944
11/1/2021,Alaska,738432,492,0,134729,944
11/2/2021,Alaska,738432,658,6,135387,950
11/3/2021,Alaska,738432,644,4,136031,954
11/4/2021,Alaska,738432,838,1,136869,955
11/5/2021,Alaska,738432,438,4,137307,959
11/6/2021,Alaska,738432,580,2,137887,961
11/7/2021,Alaska,738432,299,0,138186,961
11/8/2021,Alaska,738432,385,0,138571,961
11/9/2021,Alaska,738432,502,5,139073,966
11/10/2021,Alaska,738432,341,5,139414,971
11/11/2021,Alaska,738432,531,0,139945,971
11/12/2021,Alaska,738432,426,6,140371,977
11/13/2021,Alaska,738432,345,0,140716,977
11/14/2021,Alaska,738432,304,5,141020,982
11/15/2021,Alaska,738432,379,2,141399,984
11/16/2021,Alaska,738432,495,3,141894,987
11/17/2021,Alaska,738432,437,1,142331,988
11/18/2021,Alaska,738432,511,0,142842,988
11/19/2021,Alaska,738432,281,2,143123,990
11/20/2021,Alaska,738432,299,0,143422,990
11/21/2021,Alaska,738432,151,1,143573,991
11/22/2021,Alaska,738432,151,1,143724,992
11/23/2021,Alaska,738432,470,0,144194,992
11/24/2021,Alaska,738432,485,3,144679,995
11/25/2021,Alaska,738432,138,2,144817,997
11/26/2021,Alaska,738432,372,2,145189,999
11/27/2021,Alaska,738432,235,0,145424,999
11/28/2021,Alaska,738432,106,1,145530,1000
11/29/2021,Alaska,738432,183,0,145713,1000
11/30/2021,Alaska,738432,334,0,146047,1000
12/1/2021,Alaska,738432,345,1,146392,1001
12/2/2021,Alaska,738432,311,1,146703,1002
12/3/2021,Alaska,738432,303,0,147006,1002
12/4/2021,Alaska,738432,52,0,147058,1002
12/5/2021,Alaska,738432,194,1,147252,1003
12/6/2021,Alaska,738432,189,1,147441,1004
12/7/2021,Alaska,738432,239,0,147680,1004
12/8/2021,Alaska,738432,224,0,147904,1004
12/9/2021,Alaska,738432,211,2,148115,1006
12/10/2021,Alaska,738432,233,0,148348,1006
12/11/2021,Alaska,738432,126,0,148474,1006
12/12/2021,Alaska,738432,57,0,148531,1006
12/13/2021,Alaska,738432,61,1,148592,1007
12/14/2021,Alaska,738432,279,0,148871,1007
12/15/2021,Alaska,738432,251,2,149122,1009
12/16/2021,Alaska,738432,147,1,149269,1010
12/17/2021,Alaska,738432,176,1,149445,1011
12/18/2021,Alaska,738432,96,0,149541,1011
12/19/2021,Alaska,738432,148,0,149689,1011
12/20/2021,Alaska,738432,115,0,149804,1011
12/21/2021,Alaska,738432,111,0,149915,1011
12/22/2021,Alaska,738432,246,0,150161,1011
12/23/2021,Alaska,738432,292,1,150453,1012
12/24/2021,Alaska,738432,109,1,150562,1013
12/25/2021,Alaska,738432,56,0,150618,1013
12/26/2021,Alaska,738432,88,1,150706,1014
12/27/2021,Alaska,738432,476,0,151182,1014
12/28/2021,Alaska,738432,467,1,151649,1015
12/29/2021,Alaska,738432,559,0,152208,1015
12/30/2021,Alaska,738432,801,1,153009,1016
12/31/2021,Alaska,738432,271,0,153280,1016
1/1/2022,Alaska,738432,900,0,154180,1016
1/2/2022,Alaska,738432,223,0,154403,1016
1/3/2022,Alaska,738432,624,0,155027,1016
1/4/2022,Alaska,738432,888,0,155915,1016
1/5/2022,Alaska,738432,1770,1,157685,1017
1/6/2022,Alaska,738432,1735,0,159420,1017
1/7/2022,Alaska,738432,1620,0,161040,1017
1/8/2022,Alaska,738432,811,0,161851,1017
1/9/2022,Alaska,738432,772,0,162623,1017
1/10/2022,Alaska,738432,1963,0,164586,1017
1/11/2022,Alaska,738432,2394,0,166980,1017
1/12/2022,Alaska,738432,2839,0,169819,1017
1/13/2022,Alaska,738432,2504,0,172323,1017
1/14/2022,Alaska,738432,2609,0,174932,1017
1/15/2022,Alaska,738432,2064,1,176996,1018
1/16/2022,Alaska,738432,1333,0,178329,1018
1/17/2022,Alaska,738432,1283,0,179612,1018
1/18/2022,Alaska,738432,2673,0,182285,1018
1/19/2022,Alaska,738432,10181,64,187655,1027
1/20/2022,Alaska,738432,0,0,187655,1027
1/21/2022,Alaska,738432,6478,0,194133,1027
1/22/2022,Alaska,738432,0,0,194133,1027
1/23/2022,Alaska,738432,0,0,194133,1027
1/24/2022,Alaska,738432,5632,19,199765,1046
1/25/2022,Alaska,738432,0,0,199765,1046
1/26/2022,Alaska,738432,5474,7,205239,1053
1/27/2022,Alaska,738432,0,0,205239,1053
1/28/2022,Alaska,738432,5878,4,211117,1057
1/29/2022,Alaska,738432,0,0,211117,1057
1/30/2022,Alaska,738432,0,0,211117,1057
1/31/2022,Alaska,738432,4526,0,215643,1057
2/1/2022,Alaska,738432,0,0,215643,1057
2/2/2022,Alaska,738432,4124,7,219767,1064
2/3/2022,Alaska,738432,0,0,219767,1064
2/4/2022,Alaska,738432,3806,0,223573,1064
2/5/2022,Alaska,738432,0,0,223573,1064
2/6/2022,Alaska,738432,0,0,223573,1064
2/7/2022,Alaska,738432,3043,0,226616,1064
2/8/2022,Alaska,738432,0,0,226616,1064
7/1/2021,Alabama,5024279,0,0,550983,11352
7/2/2021,Alabama,5024279,315,6,551298,11358
7/3/2021,Alabama,5024279,0,0,551298,11358
7/4/2021,Alabama,5024279,0,0,551298,11358
7/5/2021,Alabama,5024279,0,0,551298,11358
7/6/2021,Alabama,5024279,0,0,551298,11358
7/7/2021,Alabama,5024279,1613,29,552911,11387
7/8/2021,Alabama,5024279,0,0,552911,11387
7/9/2021,Alabama,5024279,1160,11,554071,11398
7/10/2021,Alabama,5024279,534,4,554605,11402
7/11/2021,Alabama,5024279,0,0,554605,11402
7/12/2021,Alabama,5024279,610,0,555215,11402
7/13/2021,Alabama,5024279,0,0,555215,11402
7/14/2021,Alabama,5024279,1398,26,556613,11428
7/15/2021,Alabama,5024279,965,11,557578,11439
7/16/2021,Alabama,5024279,999,3,558577,11442
7/17/2021,Alabama,5024279,901,1,559478,11443
7/18/2021,Alabama,5024279,724,0,560202,11443
7/19/2021,Alabama,5024279,718,0,560920,11443
7/20/2021,Alabama,5024279,1391,17,562311,11460
7/21/2021,Alabama,5024279,1632,2,563943,11462
7/22/2021,Alabama,5024279,1567,6,565510,11468
7/23/2021,Alabama,5024279,1733,4,567243,11472
7/24/2021,Alabama,5024279,1888,11,569131,11483
7/25/2021,Alabama,5024279,1536,0,570667,11483
7/26/2021,Alabama,5024279,1403,0,572070,11483
7/27/2021,Alabama,5024279,2667,9,574737,11492
7/28/2021,Alabama,5024279,2726,18,577463,11510
7/29/2021,Alabama,5024279,2730,6,580193,11516
7/30/2021,Alabama,5024279,0,0,580193,11516
7/31/2021,Alabama,5024279,5414,20,585607,11536
8/1/2021,Alabama,5024279,1798,0,587405,11536
8/2/2021,Alabama,5024279,1705,0,589110,11536
8/3/2021,Alabama,5024279,3307,6,592417,11542
8/4/2021,Alabama,5024279,3399,19,595816,11561
8/5/2021,Alabama,5024279,3817,13,599633,11574
8/6/2021,Alabama,5024279,3685,26,603318,11600
8/7/2021,Alabama,5024279,3891,24,607209,11624
8/8/2021,Alabama,5024279,0,0,607209,11624
8/9/2021,Alabama,5024279,4877,1,612086,11625
8/10/2021,Alabama,5024279,3815,23,615901,11648
8/11/2021,Alabama,5024279,3851,41,619752,11689
8/12/2021,Alabama,5024279,4167,35,623919,11724
8/13/2021,Alabama,5024279,3986,41,627905,11765
8/14/2021,Alabama,5024279,0,0,627905,11765
8/15/2021,Alabama,5024279,6992,33,634897,11798
8/16/2021,Alabama,5024279,2466,1,637363,11799
8/17/2021,Alabama,5024279,4023,33,641386,11832
8/18/2021,Alabama,5024279,4465,40,645851,11872
8/19/2021,Alabama,5024279,3890,42,649741,11914
8/20/2021,Alabama,5024279,3799,28,653540,11942
8/21/2021,Alabama,5024279,6210,58,659750,12000
8/22/2021,Alabama,5024279,3315,0,663065,12000
8/23/2021,Alabama,5024279,2588,0,665653,12000
8/24/2021,Alabama,5024279,0,0,665653,12000
8/25/2021,Alabama,5024279,0,0,665653,12000
8/26/2021,Alabama,5024279,11142,103,676795,12103
8/27/2021,Alabama,5024279,5033,50,681828,12153
8/28/2021,Alabama,5024279,6190,66,688018,12219
8/29/2021,Alabama,5024279,3433,3,691451,12222
8/30/2021,Alabama,5024279,3072,0,694523,12222
8/31/2021,Alabama,5024279,5206,61,699729,12283
9/1/2021,Alabama,5024279,4691,8,704420,12291
9/2/2021,Alabama,5024279,5312,39,709732,12330
9/3/2021,Alabama,5024279,5128,64,714860,12394
9/4/2021,Alabama,5024279,4420,20,719280,12414
9/5/2021,Alabama,5024279,2842,1,722122,12415
9/6/2021,Alabama,5024279,2566,1,724688,12416
9/7/2021,Alabama,5024279,2672,4,727360,12420
9/8/2021,Alabama,5024279,4791,68,732151,12488
9/9/2021,Alabama,5024279,4367,64,736518,12552
9/10/2021,Alabama,5024279,4800,53,741318,12605
9/11/2021,Alabama,5024279,4494,68,745812,12673
9/12/2021,Alabama,5024279,1794,3,747606,12676
9/13/2021,Alabama,5024279,2692,2,750298,12678
9/14/2021,Alabama,5024279,3944,40,754242,12718
9/15/2021,Alabama,5024279,3651,66,757893,12784
9/16/2021,Alabama,5024279,3972,72,761865,12856
9/17/2021,Alabama,5024279,2974,192,764839,13048
9/18/2021,Alabama,5024279,3462,161,768301,13209
9/19/2021,Alabama,5024279,2090,1,770391,13210
9/20/2021,Alabama,5024279,1920,0,772311,13210
9/21/2021,Alabama,5024279,3220,250,775531,13460
9/22/2021,Alabama,5024279,3018,205,778549,13665
9/23/2021,Alabama,5024279,3366,133,781915,13798
9/24/2021,Alabama,5024279,2569,123,784484,13921
9/25/2021,Alabama,5024279,2937,101,787421,14022
9/26/2021,Alabama,5024279,1633,0,789054,14022
9/27/2021,Alabama,5024279,1594,3,790648,14025
9/28/2021,Alabama,5024279,1984,130,792632,14155
9/29/2021,Alabama,5024279,2141,45,794773,14200
9/30/2021,Alabama,5024279,1702,99,796475,14299
10/1/2021,Alabama,5024279,1845,94,798320,14393
10/2/2021,Alabama,5024279,1480,76,799800,14469
10/3/2021,Alabama,5024279,892,1,800692,14470
10/4/2021,Alabama,5024279,736,1,801428,14471
10/5/2021,Alabama,5024279,1549,71,802977,14542
10/6/2021,Alabama,5024279,1272,70,804249,14612
10/7/2021,Alabama,5024279,1262,63,805511,14675
10/8/2021,Alabama,5024279,1049,81,806560,14756
10/9/2021,Alabama,5024279,919,101,807479,14857
10/10/2021,Alabama,5024279,653,1,808132,14858
10/11/2021,Alabama,5024279,467,1,808599,14859
10/12/2021,Alabama,5024279,886,10,809485,14869
10/13/2021,Alabama,5024279,1016,111,810501,14980
10/14/2021,Alabama,5024279,1050,121,811551,15101
10/15/2021,Alabama,5024279,1143,41,812694,15142
10/16/2021,Alabama,5024279,787,37,813481,15179
10/17/2021,Alabama,5024279,544,0,814025,15179
10/18/2021,Alabama,5024279,338,0,814363,15179
10/19/2021,Alabama,5024279,961,84,815324,15263
10/20/2021,Alabama,5024279,665,48,815989,15311
10/21/2021,Alabama,5024279,1065,9,817054,15320
10/22/2021,Alabama,5024279,1598,58,818652,15378
10/23/2021,Alabama,5024279,945,28,819597,15406
10/24/2021,Alabama,5024279,414,1,820011,15407
10/25/2021,Alabama,5024279,301,0,820312,15407
10/26/2021,Alabama,5024279,943,17,821255,15424
10/27/2021,Alabama,5024279,7393,8,828648,15432
10/28/2021,Alabama,5024279,2141,52,830789,15484
10/29/2021,Alabama,5024279,376,48,831165,15532
10/30/2021,Alabama,5024279,488,41,831653,15573
10/31/2021,Alabama,5024279,394,0,832047,15573
11/1/2021,Alabama,5024279,217,0,832264,15573
11/2/2021,Alabama,5024279,745,56,833009,15629
11/3/2021,Alabama,5024279,484,47,833493,15676
11/4/2021,Alabama,5024279,1089,58,834582,15734
11/5/2021,Alabama,5024279,575,52,835157,15786
11/6/2021,Alabama,5024279,583,48,835740,15834
11/7/2021,Alabama,5024279,292,0,836032,15834
11/8/2021,Alabama,5024279,223,0,836255,15834
11/9/2021,Alabama,5024279,995,45,837250,15879
11/10/2021,Alabama,5024279,178,38,837428,15917
11/11/2021,Alabama,5024279,686,17,838114,15934
11/12/2021,Alabama,5024279,722,0,838836,15934
11/13/2021,Alabama,5024279,600,47,839436,15981
11/14/2021,Alabama,5024279,259,0,839695,15981
11/15/2021,Alabama,5024279,258,0,839953,15981
11/16/2021,Alabama,5024279,542,18,840495,15999
11/17/2021,Alabama,5024279,496,26,840991,16025
11/18/2021,Alabama,5024279,492,18,841483,16043
11/19/2021,Alabama,5024279,473,20,841956,16063
11/20/2021,Alabama,5024279,680,10,842636,16073
11/21/2021,Alabama,5024279,272,0,842908,16073
11/22/2021,Alabama,5024279,253,0,843161,16073
11/23/2021,Alabama,5024279,619,13,843780,16086
11/24/2021,Alabama,5024279,416,16,844196,16102
11/25/2021,Alabama,5024279,398,13,844594,16115
11/26/2021,Alabama,5024279,0,0,844594,16115
11/27/2021,Alabama,5024279,357,0,844951,16115
11/28/2021,Alabama,5024279,157,0,845108,16115
11/29/2021,Alabama,5024279,176,1,845284,16116
11/30/2021,Alabama,5024279,477,3,845761,16119
12/1/2021,Alabama,5024279,536,24,846297,16143
12/2/2021,Alabama,5024279,767,14,847064,16157
12/3/2021,Alabama,5024279,595,15,847659,16172
12/4/2021,Alabama,5024279,478,13,848137,16185
12/5/2021,Alabama,5024279,361,0,848498,16185
12/6/2021,Alabama,5024279,281,0,848779,16185
12/7/2021,Alabama,5024279,630,14,849409,16199
12/8/2021,Alabama,5024279,687,4,850096,16203
12/9/2021,Alabama,5024279,549,0,850645,16203
12/10/2021,Alabama,5024279,592,40,851237,16243
12/11/2021,Alabama,5024279,713,22,851950,16265
12/12/2021,Alabama,5024279,330,0,852280,16265
12/13/2021,Alabama,5024279,294,0,852574,16265
12/14/2021,Alabama,5024279,1655,20,854229,16285
12/15/2021,Alabama,5024279,647,19,854876,16304
12/16/2021,Alabama,5024279,816,16,855692,16320
12/17/2021,Alabama,5024279,908,23,856600,16343
12/18/2021,Alabama,5024279,692,10,857292,16353
12/19/2021,Alabama,5024279,552,0,857844,16353
12/20/2021,Alabama,5024279,552,0,858396,16353
12/21/2021,Alabama,5024279,1254,15,859650,16368
12/22/2021,Alabama,5024279,1460,12,861110,16380
12/23/2021,Alabama,5024279,2060,22,863170,16402
12/24/2021,Alabama,5024279,2466,16,865636,16418
12/25/2021,Alabama,5024279,2449,0,868085,16418
12/26/2021,Alabama,5024279,863,0,868948,16418
12/27/2021,Alabama,5024279,1679,0,870627,16418
12/28/2021,Alabama,5024279,3705,18,874332,16436
12/29/2021,Alabama,5024279,5975,18,880307,16454
12/30/2021,Alabama,5024279,8256,1,888563,16455
12/31/2021,Alabama,5024279,8051,0,896614,16455
1/1/2022,Alabama,5024279,0,0,896614,16455
1/2/2022,Alabama,5024279,12927,0,909541,16455
1/3/2022,Alabama,5024279,4062,0,913603,16455
1/4/2022,Alabama,5024279,7572,41,921175,16496
1/5/2022,Alabama,5024279,11075,7,932250,16503
1/6/2022,Alabama,5024279,12626,40,944876,16543
1/7/2022,Alabama,5024279,12972,42,957848,16585
1/8/2022,Alabama,5024279,8332,39,966180,16624
1/9/2022,Alabama,5024279,12452,0,978632,16624
1/10/2022,Alabama,5024279,6250,0,984882,16624
1/11/2022,Alabama,5024279,8536,6,993418,16630
1/12/2022,Alabama,5024279,11204,11,1004622,16641
1/13/2022,Alabama,5024279,0,0,1004622,16641
1/14/2022,Alabama,5024279,0,0,1004622,16641
1/15/2022,Alabama,5024279,0,0,1004622,16641
1/16/2022,Alabama,5024279,51856,93,1056478,16734
1/17/2022,Alabama,5024279,8058,0,1064536,16734
1/18/2022,Alabama,5024279,6728,0,1071264,16734
1/19/2022,Alabama,5024279,17106,22,1088370,16756
1/20/2022,Alabama,5024279,15986,36,1104356,16792
1/21/2022,Alabama,5024279,16525,32,1120881,16824
1/22/2022,Alabama,5024279,16506,2,1137387,16826
1/23/2022,Alabama,5024279,9807,0,1147194,16826
1/24/2022,Alabama,5024279,5955,0,1153149,16826
1/25/2022,Alabama,5024279,0,0,1153149,16826
1/26/2022,Alabama,5024279,0,0,1153149,16826
1/27/2022,Alabama,5024279,0,0,1153149,16826
1/28/2022,Alabama,5024279,0,0,1153149,16826
1/29/2022,Alabama,5024279,53159,260,1206308,17086
1/30/2022,Alabama,5024279,6490,0,1212798,17086
1/31/2022,Alabama,5024279,5459,0,1218257,17086
2/1/2022,Alabama,5024279,5639,60,1223896,17146
2/2/2022,Alabama,5024279,5404,69,1229300,17215
2/3/2022,Alabama,5024279,0,0,1229300,17215
2/4/2022,Alabama,5024279,11196,156,1240496,17371
2/5/2022,Alabama,5024279,1924,0,1242420,17371
2/6/2022,Alabama,5024279,0,0,1242420,17371
2/7/2022,Alabama,5024279,3456,16,1245876,17387
2/8/2022,Alabama,5024279,4507,20,1250383,17407
7/1/2021,Arkansas,2978204,700,0,350085,5909
7/2/2021,Arkansas,2978204,494,4,350579,5913
7/3/2021,Arkansas,2978204,0,0,350579,5913
7/4/2021,Arkansas,2978204,0,0,350579,5913
7/5/2021,Arkansas,2978204,1246,7,351825,5920
7/6/2021,Arkansas,2978204,270,6,352095,5926
7/7/2021,Arkansas,2978204,1000,7,353095,5933
7/8/2021,Arkansas,2978204,1210,11,354305,5944
7/9/2021,Arkansas,2978204,1155,4,355460,5948
7/10/2021,Arkansas,2978204,0,0,355460,5948
7/11/2021,Arkansas,2978204,0,0,355460,5948
7/12/2021,Arkansas,2978204,2013,7,357473,5955
7/13/2021,Arkansas,2978204,1476,15,358949,5970
7/14/2021,Arkansas,2978204,1309,7,360258,5977
7/15/2021,Arkansas,2978204,980,4,361238,5981
7/16/2021,Arkansas,2978204,1342,11,362580,5992
7/17/2021,Arkansas,2978204,0,0,362580,5992
7/18/2021,Arkansas,2978204,0,0,362580,5992
7/19/2021,Arkansas,2978204,2552,15,365132,6007
7/20/2021,Arkansas,2978204,1875,0,367007,6007
7/21/2021,Arkansas,2978204,1459,13,368466,6020
7/22/2021,Arkansas,2978204,1860,15,370326,6035
7/23/2021,Arkansas,2978204,1987,6,372313,6041
7/24/2021,Arkansas,2978204,2015,7,374328,6048
7/25/2021,Arkansas,2978204,1022,6,375350,6054
7/26/2021,Arkansas,2978204,621,23,375971,6077
7/27/2021,Arkansas,2978204,2052,10,378023,6087
7/28/2021,Arkansas,2978204,1703,12,379726,6099
7/29/2021,Arkansas,2978204,2843,11,382569,6110
7/30/2021,Arkansas,2978204,2544,13,385113,6123
7/31/2021,Arkansas,2978204,1339,18,386452,6141
8/1/2021,Arkansas,2978204,1984,16,388436,6157
8/2/2021,Arkansas,2978204,844,42,389280,6199
8/3/2021,Arkansas,2978204,2343,16,391623,6215
8/4/2021,Arkansas,2978204,2838,15,394461,6230
8/5/2021,Arkansas,2978204,2777,17,397238,6247
8/6/2021,Arkansas,2978204,3037,22,400275,6269
8/7/2021,Arkansas,2978204,2633,21,402908,6290
8/8/2021,Arkansas,2978204,1369,11,404277,6301
8/9/2021,Arkansas,2978204,995,21,405272,6322
8/10/2021,Arkansas,2978204,2620,24,407892,6346
8/11/2021,Arkansas,2978204,2940,20,410832,6366
8/12/2021,Arkansas,2978204,2318,30,413150,6396
8/13/2021,Arkansas,2978204,3023,36,416173,6432
8/14/2021,Arkansas,2978204,2117,13,418290,6445
8/15/2021,Arkansas,2978204,1517,22,419807,6467
8/16/2021,Arkansas,2978204,856,31,420663,6498
8/17/2021,Arkansas,2978204,2203,41,422866,6539
8/18/2021,Arkansas,2978204,2685,26,425551,6565
8/19/2021,Arkansas,2978204,3549,16,429100,6581
8/20/2021,Arkansas,2978204,2407,33,431507,6614
8/21/2021,Arkansas,2978204,2520,31,434027,6645
8/22/2021,Arkansas,2978204,1229,29,435256,6674
8/23/2021,Arkansas,2978204,986,30,436242,6704
8/24/2021,Arkansas,2978204,2223,45,438465,6749
8/25/2021,Arkansas,2978204,2781,25,441246,6774
8/26/2021,Arkansas,2978204,2318,32,443564,6806
8/27/2021,Arkansas,2978204,2866,30,446430,6836
8/28/2021,Arkansas,2978204,2166,18,448596,6854
8/29/2021,Arkansas,2978204,787,25,449383,6879
8/30/2021,Arkansas,2978204,882,33,450265,6912
8/31/2021,Arkansas,2978204,2626,22,452891,6934
9/1/2021,Arkansas,2978204,2890,35,455781,6969
9/2/2021,Arkansas,2978204,2453,34,458234,7003
9/3/2021,Arkansas,2978204,2129,19,460363,7022
9/4/2021,Arkansas,2978204,2360,16,462723,7038
9/5/2021,Arkansas,2978204,1072,19,463795,7057
9/6/2021,Arkansas,2978204,937,13,464732,7070
9/7/2021,Arkansas,2978204,583,38,465315,7108
9/8/2021,Arkansas,2978204,2181,34,467496,7142
9/9/2021,Arkansas,2978204,2481,27,469977,7169
9/10/2021,Arkansas,2978204,2159,30,472136,7199
9/11/2021,Arkansas,2978204,1749,33,473885,7232
9/12/2021,Arkansas,2978204,1116,35,475001,7267
9/13/2021,Arkansas,2978204,646,31,475647,7298
9/14/2021,Arkansas,2978204,1544,36,477191,7334
9/15/2021,Arkansas,2978204,1919,28,479110,7362
9/16/2021,Arkansas,2978204,1824,33,480934,7395
9/17/2021,Arkansas,2978204,1809,17,482743,7412
9/18/2021,Arkansas,2978204,1574,23,484317,7435
9/19/2021,Arkansas,2978204,739,10,485056,7445
9/20/2021,Arkansas,2978204,396,37,485452,7482
9/21/2021,Arkansas,2978204,1401,17,486853,7499
9/22/2021,Arkansas,2978204,1463,29,488316,7528
9/23/2021,Arkansas,2978204,1540,20,489856,7548
9/24/2021,Arkansas,2978204,1365,13,491221,7561
9/25/2021,Arkansas,2978204,1012,14,492233,7575
9/26/2021,Arkansas,2978204,417,15,492650,7590
9/27/2021,Arkansas,2978204,470,40,493120,7630
9/28/2021,Arkansas,2978204,800,21,493920,7651
9/29/2021,Arkansas,2978204,1153,19,495073,7670
9/30/2021,Arkansas,2978204,1004,21,496077,7691
10/1/2021,Arkansas,2978204,857,27,496934,7718
10/2/2021,Arkansas,2978204,642,6,497576,7724
10/3/2021,Arkansas,2978204,486,16,498062,7740
10/4/2021,Arkansas,2978204,195,12,498257,7752
10/5/2021,Arkansas,2978204,747,23,499004,7775
10/6/2021,Arkansas,2978204,882,6,499886,7781
10/7/2021,Arkansas,2978204,893,21,500779,7802
10/8/2021,Arkansas,2978204,739,8,501518,7810
10/9/2021,Arkansas,2978204,887,21,502405,7831
10/10/2021,Arkansas,2978204,467,289,502872,8120
10/11/2021,Arkansas,2978204,217,12,503089,8132
10/12/2021,Arkansas,2978204,733,15,503822,8147
10/13/2021,Arkansas,2978204,694,19,504516,8166
10/14/2021,Arkansas,2978204,781,10,505297,8176
10/15/2021,Arkansas,2978204,714,16,506011,8192
10/16/2021,Arkansas,2978204,562,3,506573,8195
10/17/2021,Arkansas,2978204,383,5,506956,8200
10/18/2021,Arkansas,2978204,142,2,507098,8202
10/19/2021,Arkansas,2978204,661,19,507759,8221
10/20/2021,Arkansas,2978204,672,9,508431,8230
10/21/2021,Arkansas,2978204,506,7,508937,8237
10/22/2021,Arkansas,2978204,622,18,509559,8255
10/23/2021,Arkansas,2978204,440,12,509999,8267
10/24/2021,Arkansas,2978204,246,14,510245,8281
10/25/2021,Arkansas,2978204,161,11,510406,8292
10/26/2021,Arkansas,2978204,502,14,510908,8306
10/27/2021,Arkansas,2978204,559,19,511467,8325
10/28/2021,Arkansas,2978204,517,19,511984,8344
10/29/2021,Arkansas,2978204,546,9,512530,8353
10/30/2021,Arkansas,2978204,464,17,512994,8370
10/31/2021,Arkansas,2978204,221,6,513215,8376
11/1/2021,Arkansas,2978204,137,8,513352,8384
11/2/2021,Arkansas,2978204,641,28,513993,8412
11/3/2021,Arkansas,2978204,546,22,514539,8434
11/4/2021,Arkansas,2978204,428,18,514967,8452
11/5/2021,Arkansas,2978204,557,20,515524,8472
11/6/2021,Arkansas,2978204,455,11,515979,8483
11/7/2021,Arkansas,2978204,266,14,516245,8497
11/8/2021,Arkansas,2978204,141,11,516386,8508
11/9/2021,Arkansas,2978204,614,14,517000,8522
11/10/2021,Arkansas,2978204,675,3,517675,8525
11/11/2021,Arkansas,2978204,673,22,518348,8547
11/12/2021,Arkansas,2978204,515,13,518863,8560
11/13/2021,Arkansas,2978204,590,2,519453,8562
11/14/2021,Arkansas,2978204,307,5,519760,8567
11/15/2021,Arkansas,2978204,151,12,519911,8579
11/16/2021,Arkansas,2978204,814,13,520725,8592
11/17/2021,Arkansas,2978204,828,3,521553,8595
11/18/2021,Arkansas,2978204,907,4,522460,8599
11/19/2021,Arkansas,2978204,732,9,523192,8608
11/20/2021,Arkansas,2978204,674,4,523866,8612
11/21/2021,Arkansas,2978204,304,3,524170,8615
11/22/2021,Arkansas,2978204,270,5,524440,8620
11/23/2021,Arkansas,2978204,690,7,525130,8627
11/24/2021,Arkansas,2978204,694,16,525824,8643
11/25/2021,Arkansas,2978204,579,9,526403,8652
11/26/2021,Arkansas,2978204,303,0,526706,8652
11/27/2021,Arkansas,2978204,507,1,527213,8653
11/28/2021,Arkansas,2978204,374,0,527587,8653
11/29/2021,Arkansas,2978204,207,2,527794,8655
11/30/2021,Arkansas,2978204,1044,12,528838,8667
12/1/2021,Arkansas,2978204,930,20,529768,8687
12/2/2021,Arkansas,2978204,1226,6,530994,8693
12/3/2021,Arkansas,2978204,1174,6,532168,8699
12/4/2021,Arkansas,2978204,805,22,532973,8721
12/5/2021,Arkansas,2978204,383,18,533356,8739
12/6/2021,Arkansas,2978204,302,13,533658,8752
12/7/2021,Arkansas,2978204,932,24,534590,8776
12/8/2021,Arkansas,2978204,860,20,535450,8796
12/9/2021,Arkansas,2978204,918,14,536368,8810
12/10/2021,Arkansas,2978204,1093,21,537461,8831
12/11/2021,Arkansas,2978204,747,9,538208,8840
12/12/2021,Arkansas,2978204,218,8,538426,8848
12/13/2021,Arkansas,2978204,275,17,538701,8865
12/14/2021,Arkansas,2978204,782,15,539483,8880
12/15/2021,Arkansas,2978204,1027,21,540510,8901
12/16/2021,Arkansas,2978204,805,12,541315,8913
12/17/2021,Arkansas,2978204,1111,17,542426,8930
12/18/2021,Arkansas,2978204,816,12,543242,8942
12/19/2021,Arkansas,2978204,406,14,543648,8956
12/20/2021,Arkansas,2978204,434,26,544082,8982
12/21/2021,Arkansas,2978204,955,15,545037,8997
12/22/2021,Arkansas,2978204,897,10,545934,9007
12/23/2021,Arkansas,2978204,1314,13,547248,9020
12/24/2021,Arkansas,2978204,1719,24,548967,9044
12/25/2021,Arkansas,2978204,1024,14,549991,9058
12/26/2021,Arkansas,2978204,422,8,550413,9066
12/27/2021,Arkansas,2978204,981,15,551394,9081
12/28/2021,Arkansas,2978204,2414,16,553808,9097
12/29/2021,Arkansas,2978204,3743,16,557551,9113
12/30/2021,Arkansas,2978204,4978,18,562529,9131
12/31/2021,Arkansas,2978204,3957,17,566486,9148
1/1/2022,Arkansas,2978204,4155,32,570641,9180
1/2/2022,Arkansas,2978204,2181,16,572822,9196
1/3/2022,Arkansas,2978204,1750,25,574572,9221
1/4/2022,Arkansas,2978204,6562,27,581134,9248
1/5/2022,Arkansas,2978204,7488,8,588622,9256
1/6/2022,Arkansas,2978204,7787,22,596409,9278
1/7/2022,Arkansas,2978204,8434,20,604843,9298
1/8/2022,Arkansas,2978204,8171,16,613014,9314
1/9/2022,Arkansas,2978204,0,0,613014,9314
1/10/2022,Arkansas,2978204,9055,19,622069,9333
1/11/2022,Arkansas,2978204,7756,25,629825,9358
1/12/2022,Arkansas,2978204,10974,14,640799,9372
1/13/2022,Arkansas,2978204,12990,18,653789,9390
1/14/2022,Arkansas,2978204,10405,23,664194,9413
1/15/2022,Arkansas,2978204,11596,17,675790,9430
1/16/2022,Arkansas,2978204,5386,4,681176,9434
1/17/2022,Arkansas,2978204,3600,3,684776,9437
1/18/2022,Arkansas,2978204,3213,15,687989,9452
1/19/2022,Arkansas,2978204,14494,10,702483,9462
1/20/2022,Arkansas,2978204,11160,8,713643,9470
1/21/2022,Arkansas,2978204,13073,14,726716,9484
1/22/2022,Arkansas,2978204,8118,14,734834,9498
1/23/2022,Arkansas,2978204,3804,12,738638,9510
1/24/2022,Arkansas,2978204,3243,22,741881,9532
1/25/2022,Arkansas,2978204,7943,24,749824,9556
1/26/2022,Arkansas,2978204,6561,21,756385,9577
1/27/2022,Arkansas,2978204,6016,22,762401,9599
1/28/2022,Arkansas,2978204,5660,23,768061,9622
1/29/2022,Arkansas,2978204,0,0,768061,9622
1/30/2022,Arkansas,2978204,0,0,768061,9622
1/31/2022,Arkansas,2978204,8698,12,776759,9634
2/1/2022,Arkansas,2978204,4637,36,781396,9670
2/2/2022,Arkansas,2978204,4614,23,786010,9693
2/3/2022,Arkansas,2978204,4213,40,790223,9733
2/4/2022,Arkansas,2978204,1507,29,791730,9762
2/5/2022,Arkansas,2978204,1631,31,793361,9793
2/6/2022,Arkansas,2978204,981,38,794342,9831
2/7/2022,Arkansas,2978204,729,36,795071,9867
2/8/2022,Arkansas,2978204,2965,28,798036,9895
7/1/2021,American Samoa,55689,0,0,0,0
7/2/2021,American Samoa,55689,0,0,0,0
7/3/2021,American Samoa,55689,0,0,0,0
7/4/2021,American Samoa,55689,0,0,0,0
7/5/2021,American Samoa,55689,0,0,0,0
7/6/2021,American Samoa,55689,0,0,0,0
7/7/2021,American Samoa,55689,0,0,0,0
7/8/2021,American Samoa,55689,0,0,0,0
7/9/2021,American Samoa,55689,0,0,0,0
7/10/2021,American Samoa,55689,0,0,0,0
7/11/2021,American Samoa,55689,0,0,0,0
7/12/2021,American Samoa,55689,0,0,0,0
7/13/2021,American Samoa,55689,0,0,0,0
7/14/2021,American Samoa,55689,0,0,0,0
7/15/2021,American Samoa,55689,0,0,0,0
7/16/2021,American Samoa,55689,0,0,0,0
7/17/2021,American Samoa,55689,0,0,0,0
7/18/2021,American Samoa,55689,0,0,0,0
7/19/2021,American Samoa,55689,0,0,0,0
7/20/2021,American Samoa,55689,0,0,0,0
7/21/2021,American Samoa,55689,0,0,0,0
7/22/2021,American Samoa,55689,0,0,0,0
7/23/2021,American Samoa,55689,0,0,0,0
7/24/2021,American Samoa,55689,0,0,0,0
7/25/2021,American Samoa,55689,0,0,0,0
7/26/2021,American Samoa,55689,0,0,0,0
7/27/2021,American Samoa,55689,0,0,0,0
7/28/2021,American Samoa,55689,0,0,0,0
7/29/2021,American Samoa,55689,0,0,0,0
7/30/2021,American Samoa,55689,0,0,0,0
7/31/2021,American Samoa,55689,0,0,0,0
8/1/2021,American Samoa,55689,0,0,0,0
8/2/2021,American Samoa,55689,0,0,0,0
8/3/2021,American Samoa,55689,0,0,0,0
8/4/2021,American Samoa,55689,0,0,0,0
8/5/2021,American Samoa,55689,0,0,0,0
8/6/2021,American Samoa,55689,0,0,0,0
8/7/2021,American Samoa,55689,0,0,0,0
8/8/2021,American Samoa,55689,0,0,0,0
8/9/2021,American Samoa,55689,0,0,0,0
8/10/2021,American Samoa,55689,0,0,0,0
8/11/2021,American Samoa,55689,0,0,0,0
8/12/2021,American Samoa,55689,0,0,0,0
8/13/2021,American Samoa,55689,0,0,0,0
8/14/2021,American Samoa,55689,0,0,0,0
8/15/2021,American Samoa,55689,0,0,0,0
8/16/2021,American Samoa,55689,0,0,0,0
8/17/2021,American Samoa,55689,0,0,0,0
8/18/2021,American Samoa,55689,0,0,0,0
8/19/2021,American Samoa,55689,0,0,0,0
8/20/2021,American Samoa,55689,0,0,0,0
8/21/2021,American Samoa,55689,0,0,0,0
8/22/2021,American Samoa,55689,0,0,0,0
8/23/2021,American Samoa,55689,0,0,0,0
8/24/2021,American Samoa,55689,0,0,0,0
8/25/2021,American Samoa,55689,0,0,0,0
8/26/2021,American Samoa,55689,0,0,0,0
8/27/2021,American Samoa,55689,0,0,0,0
8/28/2021,American Samoa,55689,0,0,0,0
8/29/2021,American Samoa,55689,0,0,0,0
8/30/2021,American Samoa,55689,0,0,0,0
8/31/2021,American Samoa,55689,0,0,0,0
9/1/2021,American Samoa,55689,0,0,0,0
9/2/2021,American Samoa,55689,0,0,0,0
9/3/2021,American Samoa,55689,0,0,0,0
9/4/2021,American Samoa,55689,0,0,0,0
9/5/2021,American Samoa,55689,0,0,0,0
9/6/2021,American Samoa,55689,0,0,0,0
9/7/2021,American Samoa,55689,0,0,0,0
9/8/2021,American Samoa,55689,0,0,0,0
9/9/2021,American Samoa,55689,0,0,0,0
9/10/2021,American Samoa,55689,0,0,0,0
9/11/2021,American Samoa,55689,0,0,0,0
9/12/2021,American Samoa,55689,0,0,0,0
9/13/2021,American Samoa,55689,0,0,0,0
9/14/2021,American Samoa,55689,0,0,0,0
9/15/2021,American Samoa,55689,0,0,0,0
9/16/2021,American Samoa,55689,0,0,0,0
9/17/2021,American Samoa,55689,0,0,0,0
9/18/2021,American Samoa,55689,0,0,0,0
9/19/2021,American Samoa,55689,0,0,0,0
9/20/2021,American Samoa,55689,1,0,1,0
9/21/2021,American Samoa,55689,0,0,1,0
9/22/2021,American Samoa,55689,0,0,1,0
9/23/2021,American Samoa,55689,0,0,1,0
9/24/2021,American Samoa,55689,0,0,1,0
9/25/2021,American Samoa,55689,0,0,1,0
9/26/2021,American Samoa,55689,0,0,1,0
9/27/2021,American Samoa,55689,0,0,1,0
9/28/2021,American Samoa,55689,0,0,1,0
9/29/2021,American Samoa,55689,0,0,1,0
9/30/2021,American Samoa,55689,0,0,1,0
10/1/2021,American Samoa,55689,0,0,1,0
10/2/2021,American Samoa,55689,0,0,1,0
10/3/2021,American Samoa,55689,0,0,1,0
10/4/2021,American Samoa,55689,0,0,1,0
10/5/2021,American Samoa,55689,0,0,1,0
10/6/2021,American Samoa,55689,0,0,1,0
10/7/2021,American Samoa,55689,0,0,1,0
10/8/2021,American Samoa,55689,0,0,1,0
10/9/2021,American Samoa,55689,0,0,1,0
10/10/2021,American Samoa,55689,0,0,1,0
10/11/2021,American Samoa,55689,0,0,1,0
10/12/2021,American Samoa,55689,0,0,1,0
10/13/2021,American Samoa,55689,0,0,1,0
10/14/2021,American Samoa,55689,0,0,1,0
10/15/2021,American Samoa,55689,0,0,1,0
10/16/2021,American Samoa,55689,0,0,1,0
10/17/2021,American Samoa,55689,0,0,1,0
10/18/2021,American Samoa,55689,0,0,1,0
10/19/2021,American Samoa,55689,0,0,1,0
10/20/2021,American Samoa,55689,0,0,1,0
10/21/2021,American Samoa,55689,0,0,1,0
10/22/2021,American Samoa,55689,0,0,1,0
10/23/2021,American Samoa,55689,0,0,1,0
10/24/2021,American Samoa,55689,0,0,1,0
10/25/2021,American Samoa,55689,0,0,1,0
10/26/2021,American Samoa,55689,0,0,1,0
10/27/2021,American Samoa,55689,0,0,1,0
10/28/2021,American Samoa,55689,0,0,1,0
10/29/2021,American Samoa,55689,0,0,1,0
10/30/2021,American Samoa,55689,0,0,1,0
10/31/2021,American Samoa,55689,0,0,1,0
11/1/2021,American Samoa,55689,0,0,1,0
11/2/2021,American Samoa,55689,0,0,1,0
11/3/2021,American Samoa,55689,0,0,1,0
11/4/2021,American Samoa,55689,0,0,1,0
11/5/2021,American Samoa,55689,0,0,1,0
11/6/2021,American Samoa,55689,0,0,1,0
11/7/2021,American Samoa,55689,0,0,1,0
11/8/2021,American Samoa,55689,0,0,1,0
11/9/2021,American Samoa,55689,0,0,1,0
11/10/2021,American Samoa,55689,0,0,1,0
11/11/2021,American Samoa,55689,0,0,1,0
11/12/2021,American Samoa,55689,0,0,1,0
11/13/2021,American Samoa,55689,0,0,1,0
11/14/2021,American Samoa,55689,0,0,1,0
11/15/2021,American Samoa,55689,0,0,1,0
11/16/2021,American Samoa,55689,0,0,1,0
11/17/2021,American Samoa,55689,0,0,1,0
11/18/2021,American Samoa,55689,0,0,1,0
11/19/2021,American Samoa,55689,0,0,1,0
11/20/2021,American Samoa,55689,0,0,1,0
11/21/2021,American Samoa,55689,0,0,1,0
11/22/2021,American Samoa,55689,0,0,1,0
11/23/2021,American Samoa,55689,0,0,1,0
11/24/2021,American Samoa,55689,0,0,1,0
11/25/2021,American Samoa,55689,0,0,1,0
11/26/2021,American Samoa,55689,0,0,1,0
11/27/2021,American Samoa,55689,0,0,1,0
11/28/2021,American Samoa,55689,0,0,1,0
11/29/2021,American Samoa,55689,0,0,1,0
11/30/2021,American Samoa,55689,0,0,1,0
12/1/2021,American Samoa,55689,0,0,1,0
12/2/2021,American Samoa,55689,0,0,1,0
12/3/2021,American Samoa,55689,0,0,1,0
12/4/2021,American Samoa,55689,0,0,1,0
12/5/2021,American Samoa,55689,0,0,1,0
12/6/2021,American Samoa,55689,0,0,1,0
12/7/2021,American Samoa,55689,0,0,1,0
12/8/2021,American Samoa,55689,0,0,1,0
12/9/2021,American Samoa,55689,0,0,1,0
12/10/2021,American Samoa,55689,0,0,1,0
12/11/2021,American Samoa,55689,0,0,1,0
12/12/2021,American Samoa,55689,0,0,1,0
12/13/2021,American Samoa,55689,0,0,1,0
12/14/2021,American Samoa,55689,0,0,1,0
12/15/2021,American Samoa,55689,0,0,1,0
12/16/2021,American Samoa,55689,0,0,1,0
12/17/2021,American Samoa,55689,0,0,1,0
12/18/2021,American Samoa,55689,0,0,1,0
12/19/2021,American Samoa,55689,0,0,1,0
12/20/2021,American Samoa,55689,0,0,1,0
12/21/2021,American Samoa,55689,0,0,1,0
12/22/2021,American Samoa,55689,0,0,1,0
12/23/2021,American Samoa,55689,0,0,1,0
12/24/2021,American Samoa,55689,0,0,1,0
12/25/2021,American Samoa,55689,0,0,1,0
12/26/2021,American Samoa,55689,0,0,1,0
12/27/2021,American Samoa,55689,0,0,1,0
12/28/2021,American Samoa,55689,0,0,1,0
12/29/2021,American Samoa,55689,0,0,1,0
12/30/2021,American Samoa,55689,0,0,1,0
12/31/2021,American Samoa,55689,0,0,1,0
1/1/2022,American Samoa,55689,0,0,1,0
1/2/2022,American Samoa,55689,0,0,1,0
1/3/2022,American Samoa,55689,0,0,1,0
1/4/2022,American Samoa,55689,0,0,1,0
1/5/2022,American Samoa,55689,0,0,1,0
1/6/2022,American Samoa,55689,0,0,1,0
1/7/2022,American Samoa,55689,0,0,1,0
1/8/2022,American Samoa,55689,0,0,1,0
1/9/2022,American Samoa,55689,0,0,1,0
1/10/2022,American Samoa,55689,0,0,1,0
1/11/2022,American Samoa,55689,0,0,1,0
1/12/2022,American Samoa,55689,0,0,1,0
1/13/2022,American Samoa,55689,0,0,1,0
1/14/2022,American Samoa,55689,0,0,1,0
1/15/2022,American Samoa,55689,0,0,1,0
1/16/2022,American Samoa,55689,0,0,1,0
1/17/2022,American Samoa,55689,0,0,1,0
1/18/2022,American Samoa,55689,0,0,1,0
1/19/2022,American Samoa,55689,0,0,1,0
1/20/2022,American Samoa,55689,0,0,1,0
1/21/2022,American Samoa,55689,0,0,1,0
1/22/2022,American Samoa,55689,0,0,1,0
1/23/2022,American Samoa,55689,0,0,1,0
1/24/2022,American Samoa,55689,0,0,1,0
1/25/2022,American Samoa,55689,0,0,1,0
1/26/2022,American Samoa,55689,0,0,1,0
1/27/2022,American Samoa,55689,0,0,1,0
1/28/2022,American Samoa,55689,0,0,1,0
1/29/2022,American Samoa,55689,0,0,1,0
1/30/2022,American Samoa,55689,0,0,1,0
1/31/2022,American Samoa,55689,0,0,1,0
2/1/2022,American Samoa,55689,0,0,1,0
2/2/2022,American Samoa,55689,0,0,1,0
2/3/2022,American Samoa,55689,0,0,1,0
2/4/2022,American Samoa,55689,0,0,1,0
2/5/2022,American Samoa,55689,0,0,1,0
2/6/2022,American Samoa,55689,0,0,1,0
2/7/2022,American Samoa,55689,0,0,1,0
2/8/2022,American Samoa,55689,0,0,1,0
7/1/2021,Arizona,6828065,472,3,895347,17939
7/2/2021,Arizona,6828065,526,22,895873,17961
7/3/2021,Arizona,6828065,645,14,896518,17975
7/4/2021,Arizona,6828065,442,4,896960,17979
7/5/2021,Arizona,6828065,50,0,897010,17979
7/6/2021,Arizona,6828065,900,21,897910,18000
7/7/2021,Arizona,6828065,373,4,898283,18004
7/8/2021,Arizona,6828065,625,-1,898908,18003
7/9/2021,Arizona,6828065,921,6,899829,18009
7/10/2021,Arizona,6828065,807,20,900636,18029
7/11/2021,Arizona,6828065,803,4,901439,18033
7/12/2021,Arizona,6828065,122,2,901561,18035
7/13/2021,Arizona,6828065,345,20,901906,18055
7/14/2021,Arizona,6828065,1945,21,903851,18076
7/15/2021,Arizona,6828065,1014,7,904865,18083
7/16/2021,Arizona,6828065,1251,17,906116,18100
7/17/2021,Arizona,6828065,1152,14,907268,18114
7/18/2021,Arizona,6828065,980,3,908248,18117
7/19/2021,Arizona,6828065,1034,0,909282,18117
7/20/2021,Arizona,6828065,1154,0,910436,18117
7/21/2021,Arizona,6828065,1043,10,911479,18127
7/22/2021,Arizona,6828065,1174,10,912653,18137
7/23/2021,Arizona,6828065,1479,7,914132,18144
7/24/2021,Arizona,6828065,1528,26,915660,18170
7/25/2021,Arizona,6828065,1508,1,917168,18171
7/26/2021,Arizona,6828065,1441,0,918609,18171
7/27/2021,Arizona,6828065,1475,12,920084,18183
7/28/2021,Arizona,6828065,1361,2,921445,18185
7/29/2021,Arizona,6828065,1759,15,923204,18200
7/30/2021,Arizona,6828065,1965,24,925169,18224
7/31/2021,Arizona,6828065,2066,22,927235,18246
8/1/2021,Arizona,6828065,2306,5,929541,18251
8/2/2021,Arizona,6828065,1846,1,931387,18252
8/3/2021,Arizona,6828065,1974,30,933361,18282
8/4/2021,Arizona,6828065,2286,7,935647,18289
8/5/2021,Arizona,6828065,2289,11,937936,18300
8/6/2021,Arizona,6828065,2826,42,940762,18342
8/7/2021,Arizona,6828065,2653,34,943415,18376
8/8/2021,Arizona,6828065,2639,12,946054,18388
8/9/2021,Arizona,6828065,2191,0,948245,18388
8/10/2021,Arizona,6828065,2582,12,950827,18400
8/11/2021,Arizona,6828065,1970,6,952797,18406
8/12/2021,Arizona,6828065,2970,6,955767,18412
8/13/2021,Arizona,6828065,3225,23,958992,18435
8/14/2021,Arizona,6828065,3418,27,962410,18462
8/15/2021,Arizona,6828065,3052,2,965462,18464
8/16/2021,Arizona,6828065,2400,0,967862,18464
8/17/2021,Arizona,6828065,2661,3,970523,18467
8/18/2021,Arizona,6828065,2402,37,972925,18504
8/19/2021,Arizona,6828065,3546,4,976471,18508
8/20/2021,Arizona,6828065,3109,53,979580,18561
8/21/2021,Arizona,6828065,3195,36,982775,18597
8/22/2021,Arizona,6828065,3307,3,986082,18600
8/23/2021,Arizona,6828065,2632,0,988714,18600
8/24/2021,Arizona,6828065,2595,38,991309,18638
8/25/2021,Arizona,6828065,0,0,991309,18638
8/26/2021,Arizona,6828065,6855,23,998164,18661
8/27/2021,Arizona,6828065,3707,63,1001871,18724
8/28/2021,Arizona,6828065,3893,55,1005764,18779
8/29/2021,Arizona,6828065,2090,8,1007854,18787
8/30/2021,Arizona,6828065,3247,0,1011101,18787
8/31/2021,Arizona,6828065,822,-1,1011923,18786
9/1/2021,Arizona,6828065,4740,67,1016663,18853
9/2/2021,Arizona,6828065,3470,26,1020133,18879
9/3/2021,Arizona,6828065,3802,80,1023935,18959
9/4/2021,Arizona,6828065,3424,38,1027359,18997
9/5/2021,Arizona,6828065,3071,1,1030430,18998
9/6/2021,Arizona,6828065,2378,1,1032808,18999
9/7/2021,Arizona,6828065,1982,54,1034790,19053
9/8/2021,Arizona,6828065,2222,26,1037012,19079
9/9/2021,Arizona,6828065,2480,62,1039492,19141
9/10/2021,Arizona,6828065,2988,6,1042480,19147
9/11/2021,Arizona,6828065,3355,36,1045835,19183
9/12/2021,Arizona,6828065,2765,4,1048600,19187
9/13/2021,Arizona,6828065,2278,0,1050878,19187
9/14/2021,Arizona,6828065,2609,117,1053487,19304
9/15/2021,Arizona,6828065,2432,29,1055919,19333
9/16/2021,Arizona,6828065,2855,27,1058774,19360
9/17/2021,Arizona,6828065,2830,19,1061604,19379
9/18/2021,Arizona,6828065,2742,108,1064346,19487
9/19/2021,Arizona,6828065,2457,26,1066803,19513
9/20/2021,Arizona,6828065,2020,0,1068823,19513
9/21/2021,Arizona,6828065,1934,71,1070757,19584
9/22/2021,Arizona,6828065,2106,74,1072863,19658
9/23/2021,Arizona,6828065,3013,69,1075876,19727
9/24/2021,Arizona,6828065,2998,10,1078874,19737
9/25/2021,Arizona,6828065,2916,69,1081790,19806
9/26/2021,Arizona,6828065,2579,6,1084369,19812
9/27/2021,Arizona,6828065,1959,0,1086328,19812
9/28/2021,Arizona,6828065,1123,108,1087451,19920
9/29/2021,Arizona,6828065,3388,39,1090839,19959
9/30/2021,Arizona,6828065,2744,25,1093583,19984
10/1/2021,Arizona,6828065,3642,55,1097225,20039
10/2/2021,Arizona,6828065,2942,95,1100167,20134
10/3/2021,Arizona,6828065,2255,3,1102422,20137
10/4/2021,Arizona,6828065,2113,0,1104535,20137
10/5/2021,Arizona,6828065,2254,74,1106789,20211
10/6/2021,Arizona,6828065,2041,39,1108830,20250
10/7/2021,Arizona,6828065,2529,32,1111359,20282
10/8/2021,Arizona,6828065,2702,37,1114061,20319
10/9/2021,Arizona,6828065,2358,31,1116419,20350
10/10/2021,Arizona,6828065,2182,32,1118601,20382
10/11/2021,Arizona,6828065,1760,0,1120361,20382
10/12/2021,Arizona,6828065,2029,71,1122390,20453
10/13/2021,Arizona,6828065,2319,-6,1124709,20447
10/14/2021,Arizona,6828065,2386,9,1127095,20456
10/15/2021,Arizona,6828065,2399,38,1129494,20494
10/16/2021,Arizona,6828065,2482,15,1131976,20509
10/17/2021,Arizona,6828065,0,0,1131976,20509
10/18/2021,Arizona,6828065,0,0,1131976,20509
10/19/2021,Arizona,6828065,5660,170,1137636,20679
10/20/2021,Arizona,6828065,1991,48,1139627,20727
10/21/2021,Arizona,6828065,2495,49,1142122,20776
10/22/2021,Arizona,6828065,3074,50,1145196,20826
10/23/2021,Arizona,6828065,3145,30,1148341,20856
10/24/2021,Arizona,6828065,1483,11,1149824,20867
10/25/2021,Arizona,6828065,158,-1,1149982,20866
10/26/2021,Arizona,6828065,450,101,1150432,20967
10/27/2021,Arizona,6828065,6299,81,1156731,21048
10/28/2021,Arizona,6828065,2795,-11,1159526,21037
10/29/2021,Arizona,6828065,3691,63,1163217,21100
10/30/2021,Arizona,6828065,2843,53,1166060,21153
10/31/2021,Arizona,6828065,2840,1,1168900,21154
11/1/2021,Arizona,6828065,2090,1,1170990,21155
11/2/2021,Arizona,6828065,2350,-6,1173340,21149
11/3/2021,Arizona,6828065,2180,124,1175520,21273
11/4/2021,Arizona,6828065,3552,17,1179072,21290
11/5/2021,Arizona,6828065,3813,58,1182885,21348
11/6/2021,Arizona,6828065,3592,60,1186477,21408
11/7/2021,Arizona,6828065,3231,1,1189708,21409
11/8/2021,Arizona,6828065,2657,0,1192365,21409
11/9/2021,Arizona,6828065,3118,77,1195483,21486
11/10/2021,Arizona,6828065,3794,39,1199277,21525
11/11/2021,Arizona,6828065,3624,24,1202901,21549
11/12/2021,Arizona,6828065,4447,51,1207348,21600
11/13/2021,Arizona,6828065,3985,51,1211333,21651
11/14/2021,Arizona,6828065,3086,2,1214419,21653
11/15/2021,Arizona,6828065,2774,0,1217193,21653
11/16/2021,Arizona,6828065,3240,83,1220433,21736
11/17/2021,Arizona,6828065,3459,16,1223892,21752
11/18/2021,Arizona,6828065,4184,56,1228076,21808
11/19/2021,Arizona,6828065,5070,78,1233146,21886
11/20/2021,Arizona,6828065,5103,53,1238249,21939
11/21/2021,Arizona,6828065,3629,1,1241878,21940
11/22/2021,Arizona,6828065,3249,2,1245127,21942
11/23/2021,Arizona,6828065,3057,120,1248184,22062
11/24/2021,Arizona,6828065,4064,36,1252248,22098
11/25/2021,Arizona,6828065,3349,75,1255597,22173
11/26/2021,Arizona,6828065,3322,4,1258919,22177
11/27/2021,Arizona,6828065,3655,47,1262574,22224
11/28/2021,Arizona,6828065,2274,5,1264848,22229
11/29/2021,Arizona,6828065,1961,1,1266809,22230
11/30/2021,Arizona,6828065,2971,77,1269780,22307
12/1/2021,Arizona,6828065,3163,43,1272943,22350
12/2/2021,Arizona,6828065,4012,33,1276955,22383
12/3/2021,Arizona,6828065,5236,14,1282191,22397
12/4/2021,Arizona,6828065,6043,164,1288234,22561
12/5/2021,Arizona,6828065,3820,28,1292054,22589
12/6/2021,Arizona,6828065,3022,0,1295076,22589
12/7/2021,Arizona,6828065,3015,172,1298091,22761
12/8/2021,Arizona,6828065,3506,18,1301597,22779
12/9/2021,Arizona,6828065,3663,75,1305260,22854
12/10/2021,Arizona,6828065,3924,93,1309184,22947
12/11/2021,Arizona,6828065,3774,74,1312958,23021
12/12/2021,Arizona,6828065,3231,19,1316189,23040
12/13/2021,Arizona,6828065,2391,0,1318580,23040
12/14/2021,Arizona,6828065,2168,203,1320748,23243
12/15/2021,Arizona,6828065,3249,81,1323997,23324
12/16/2021,Arizona,6828065,2911,20,1326908,23344
12/17/2021,Arizona,6828065,3686,143,1330594,23487
12/18/2021,Arizona,6828065,3467,29,1334061,23516
12/19/2021,Arizona,6828065,2745,3,1336806,23519
12/20/2021,Arizona,6828065,2176,0,1338982,23519
12/21/2021,Arizona,6828065,2395,223,1341377,23742
12/22/2021,Arizona,6828065,2806,74,1344183,23816
12/23/2021,Arizona,6828065,3222,25,1347405,23841
12/24/2021,Arizona,6828065,3808,72,1351213,23913
12/25/2021,Arizona,6828065,3495,70,1354708,23983
12/26/2021,Arizona,6828065,344,-1,1355052,23982
12/27/2021,Arizona,6828065,7641,0,1362693,23982
12/28/2021,Arizona,6828065,1976,162,1364669,24144
12/29/2021,Arizona,6828065,3411,27,1368080,24171
12/30/2021,Arizona,6828065,5687,41,1373767,24212
12/31/2021,Arizona,6828065,7721,17,1381488,24229
1/1/2022,Arizona,6828065,8220,125,1389708,24354
1/2/2022,Arizona,6828065,701,1,1390409,24355
1/3/2022,Arizona,6828065,14192,0,1404601,24355
1/4/2022,Arizona,6828065,7212,154,1411813,24509
1/5/2022,Arizona,6828065,7749,61,1419562,24570
1/6/2022,Arizona,6828065,10679,16,1430241,24586
1/7/2022,Arizona,6828065,14888,30,1445129,24616
1/8/2022,Arizona,6828065,16504,88,1461633,24704
1/9/2022,Arizona,6828065,15850,69,1477483,24773
1/10/2022,Arizona,6828065,13937,0,1491420,24773
1/11/2022,Arizona,6828065,14160,213,1505580,24986
1/12/2022,Arizona,6828065,18783,6,1524363,24992
1/13/2022,Arizona,6828065,18573,10,1542936,25002
1/14/2022,Arizona,6828065,20257,66,1563193,25068
1/15/2022,Arizona,6828065,24962,103,1588155,25171
1/16/2022,Arizona,6828065,21637,40,1609792,25211
1/17/2022,Arizona,6828065,12066,1,1621858,25212
1/18/2022,Arizona,6828065,23836,183,1645694,25395
1/19/2022,Arizona,6828065,20497,21,1666191,25416
1/20/2022,Arizona,6828065,17724,13,1683915,25429
1/21/2022,Arizona,6828065,18034,73,1701949,25502
1/22/2022,Arizona,6828065,27681,55,1729630,25557
1/23/2022,Arizona,6828065,22922,66,1752552,25623
1/24/2022,Arizona,6828065,14750,1,1767302,25624
1/25/2022,Arizona,6828065,13972,0,1781274,25624
1/26/2022,Arizona,6828065,18229,275,1799503,25899
1/27/2022,Arizona,6828065,14293,33,1813796,25932
1/28/2022,Arizona,6828065,15610,69,1829406,26001
1/29/2022,Arizona,6828065,15506,182,1844912,26183
1/30/2022,Arizona,6828065,13473,23,1858385,26206
1/31/2022,Arizona,6828065,12259,-1,1870644,26205
2/1/2022,Arizona,6828065,7567,140,1878211,26345
2/2/2022,Arizona,6828065,8330,24,1886541,26369
2/3/2022,Arizona,6828065,7794,61,1894335,26430
2/4/2022,Arizona,6828065,9077,100,1903412,26530
2/5/2022,Arizona,6828065,8243,98,1911655,26628
2/6/2022,Arizona,6828065,6379,11,1918034,26639
2/7/2022,Arizona,6828065,4416,0,1922450,26639
2/8/2022,Arizona,6828065,3790,183,1926240,26822
7/1/2021,California,39144818,1792,45,3713944,63141
7/2/2021,California,39144818,0,0,3713944,63141
7/3/2021,California,39144818,0,0,3713944,63141
7/4/2021,California,39144818,0,0,3713944,63141
7/5/2021,California,39144818,5730,97,3719674,63238
7/6/2021,California,39144818,1332,21,3721006,63259
7/7/2021,California,39144818,1416,58,3722422,63317
7/8/2021,California,39144818,2411,59,3724833,63376
7/9/2021,California,39144818,0,0,3724833,63376
7/10/2021,California,39144818,0,0,3724833,63376
7/11/2021,California,39144818,8910,96,3733743,63472
7/12/2021,California,39144818,3256,6,3736999,63478
7/13/2021,California,39144818,3093,30,3740092,63508
7/14/2021,California,39144818,3622,25,3743714,63533
7/15/2021,California,39144818,4651,65,3748365,63598
7/16/2021,California,39144818,0,0,3748365,63598
7/17/2021,California,39144818,0,0,3748365,63598
7/18/2021,California,39144818,14097,51,3762462,63649
7/19/2021,California,39144818,4723,4,3767185,63653
7/20/2021,California,39144818,5285,11,3772470,63664
7/21/2021,California,39144818,5577,31,3778047,63695
7/22/2021,California,39144818,7984,46,3786031,63741
7/23/2021,California,39144818,0,0,3786031,63741
7/24/2021,California,39144818,0,0,3786031,63741
7/25/2021,California,39144818,21940,65,3807971,63806
7/26/2021,California,39144818,7731,5,3815702,63811
7/27/2021,California,39144818,6849,38,3822551,63849
7/28/2021,California,39144818,7457,42,3830008,63891
7/29/2021,California,39144818,10356,44,3840364,63935
7/30/2021,California,39144818,0,0,3840364,63935
7/31/2021,California,39144818,0,0,3840364,63935
8/1/2021,California,39144818,33407,150,3873771,64085
8/2/2021,California,39144818,7318,11,3881089,64096
8/3/2021,California,39144818,8552,54,3889641,64150
8/4/2021,California,39144818,9517,56,3899158,64206
8/5/2021,California,39144818,14402,37,3913560,64243
8/6/2021,California,39144818,12916,33,3926476,64276
8/7/2021,California,39144818,13271,36,3939747,64312
8/8/2021,California,39144818,10425,6,3950172,64318
8/9/2021,California,39144818,9625,10,3959797,64328
8/10/2021,California,39144818,9925,-352,3969722,63976
8/11/2021,California,39144818,10450,61,3980172,64037
8/12/2021,California,39144818,14099,61,3994271,64098
8/13/2021,California,39144818,14479,40,4008750,64138
8/14/2021,California,39144818,13472,45,4022222,64183
8/15/2021,California,39144818,11437,11,4033659,64194
8/16/2021,California,39144818,9748,7,4043407,64201
8/17/2021,California,39144818,14317,90,4057724,64291
8/18/2021,California,39144818,12359,92,4070083,64383
8/19/2021,California,39144818,14716,120,4084799,64503
8/20/2021,California,39144818,13613,82,4098412,64585
8/21/2021,California,39144818,14564,89,4112976,64674
8/22/2021,California,39144818,10274,3,4123250,64677
8/23/2021,California,39144818,10401,17,4133651,64694
8/24/2021,California,39144818,11899,108,4145550,64802
8/25/2021,California,39144818,11769,129,4157319,64931
8/26/2021,California,39144818,13785,102,4171104,65033
8/27/2021,California,39144818,15157,106,4186261,65139
8/28/2021,California,39144818,11828,104,4198089,65243
8/29/2021,California,39144818,14968,28,4213057,65271
8/30/2021,California,39144818,9606,16,4222663,65287
8/31/2021,California,39144818,23387,143,4246050,65430
9/1/2021,California,39144818,10194,155,4256244,65585
9/2/2021,California,39144818,11742,119,4267986,65704
9/3/2021,California,39144818,9318,103,4277304,65807
9/4/2021,California,39144818,14267,158,4291571,65965
9/5/2021,California,39144818,8866,25,4300437,65990
9/6/2021,California,39144818,7523,40,4307960,66030
9/7/2021,California,39144818,7274,26,4315234,66056
9/8/2021,California,39144818,7127,201,4322361,66257
9/9/2021,California,39144818,9244,165,4331605,66422
9/10/2021,California,39144818,13463,203,4345068,66625
9/11/2021,California,39144818,9045,76,4354113,66701
9/12/2021,California,39144818,6842,15,4360955,66716
9/13/2021,California,39144818,11851,97,4372806,66813
9/14/2021,California,39144818,7760,188,4380566,67001
9/15/2021,California,39144818,7360,186,4387926,67187
9/16/2021,California,39144818,9543,171,4397469,67358
9/17/2021,California,39144818,9385,125,4406854,67483
9/18/2021,California,39144818,9038,125,4415892,67608
9/19/2021,California,39144818,6193,4,4422085,67612
9/20/2021,California,39144818,6032,16,4428117,67628
9/21/2021,California,39144818,6579,146,4434696,67774
9/22/2021,California,39144818,6694,154,4441390,67928
9/23/2021,California,39144818,7276,159,4448666,68087
9/24/2021,California,39144818,0,0,4448666,68087
9/25/2021,California,39144818,0,0,4448666,68087
9/26/2021,California,39144818,22969,275,4471635,68362
9/27/2021,California,39144818,4753,25,4476388,68387
9/28/2021,California,39144818,6493,130,4482881,68517
9/29/2021,California,39144818,5967,153,4488848,68670
9/30/2021,California,39144818,7869,126,4496717,68796
10/1/2021,California,39144818,0,0,4496717,68796
10/2/2021,California,39144818,0,0,4496717,68796
10/3/2021,California,39144818,18998,243,4515715,69039
10/4/2021,California,39144818,3752,-12,4519467,69027
10/5/2021,California,39144818,5386,157,4524853,69184
10/6/2021,California,39144818,4710,167,4529563,69351
10/7/2021,California,39144818,6710,156,4536273,69507
10/8/2021,California,39144818,0,0,4536273,69507
10/9/2021,California,39144818,0,0,4536273,69507
10/10/2021,California,39144818,16921,234,4553194,69741
10/11/2021,California,39144818,4091,15,4557285,69756
10/12/2021,California,39144818,4034,106,4561319,69862
10/13/2021,California,39144818,3960,148,4565279,70010
10/14/2021,California,39144818,6188,140,4571467,70150
10/15/2021,California,39144818,0,0,4571467,70150
10/16/2021,California,39144818,0,0,4571467,70150
10/17/2021,California,39144818,16764,266,4588231,70416
10/18/2021,California,39144818,4081,21,4592312,70437
10/19/2021,California,39144818,3070,156,4595382,70593
10/20/2021,California,39144818,5124,148,4600506,70741
10/21/2021,California,39144818,6093,143,4606599,70884
10/22/2021,California,39144818,0,0,4606599,70884
10/23/2021,California,39144818,0,0,4606599,70884
10/24/2021,California,39144818,0,0,4606599,70884
10/25/2021,California,39144818,24563,298,4631162,71182
10/26/2021,California,39144818,4378,113,4635540,71295
10/27/2021,California,39144818,4949,113,4640489,71408
10/28/2021,California,39144818,7098,111,4647587,71519
10/29/2021,California,39144818,0,0,4647587,71519
10/30/2021,California,39144818,0,0,4647587,71519
10/31/2021,California,39144818,19351,13,4666938,71532
11/1/2021,California,39144818,4209,38,4671147,71570
11/2/2021,California,39144818,3518,76,4674665,71646
11/3/2021,California,39144818,5608,113,4680273,71759
11/4/2021,California,39144818,8012,93,4688285,71852
11/5/2021,California,39144818,0,0,4688285,71852
11/6/2021,California,39144818,0,0,4688285,71852
11/7/2021,California,39144818,18893,127,4707178,71979
11/8/2021,California,39144818,3945,19,4711123,71998
11/9/2021,California,39144818,3716,134,4714839,72132
11/10/2021,California,39144818,4757,156,4719596,72288
11/11/2021,California,39144818,0,0,4719596,72288
11/12/2021,California,39144818,11996,148,4731592,72436
11/13/2021,California,39144818,0,0,4731592,72436
11/14/2021,California,39144818,8410,134,4740002,72570
11/15/2021,California,39144818,4515,20,4744517,72590
11/16/2021,California,39144818,3912,128,4748429,72718
11/17/2021,California,39144818,4541,129,4752970,72847
11/18/2021,California,39144818,5327,153,4758297,73000
11/19/2021,California,39144818,0,0,4758297,73000
11/20/2021,California,39144818,0,0,4758297,73000
11/21/2021,California,39144818,15344,199,4773641,73199
11/22/2021,California,39144818,4163,15,4777804,73214
11/23/2021,California,39144818,3063,151,4780867,73365
11/24/2021,California,39144818,0,0,4780867,73365
11/25/2021,California,39144818,0,0,4780867,73365
11/26/2021,California,39144818,0,0,4780867,73365
11/27/2021,California,39144818,0,0,4780867,73365
11/28/2021,California,39144818,20976,291,4801843,73656
11/29/2021,California,39144818,4667,56,4806510,73712
11/30/2021,California,39144818,3654,110,4810164,73822
12/1/2021,California,39144818,5113,97,4815277,73919
12/2/2021,California,39144818,7612,127,4822889,74046
12/3/2021,California,39144818,0,0,4822889,74046
12/4/2021,California,39144818,0,0,4822889,74046
12/5/2021,California,39144818,22406,163,4845295,74209
12/6/2021,California,39144818,6134,12,4851429,74221
12/7/2021,California,39144818,4672,130,4856101,74351
12/8/2021,California,39144818,5251,81,4861352,74432
12/9/2021,California,39144818,6252,77,4867604,74509
12/10/2021,California,39144818,0,0,4867604,74509
12/11/2021,California,39144818,0,0,4867604,74509
12/12/2021,California,39144818,18905,176,4886509,74685
12/13/2021,California,39144818,5476,19,4891985,74704
12/14/2021,California,39144818,4416,90,4896401,74794
12/15/2021,California,39144818,5494,85,4901895,74879
12/16/2021,California,39144818,7293,117,4909188,74996
12/17/2021,California,39144818,0,0,4909188,74996
12/18/2021,California,39144818,0,0,4909188,74996
12/19/2021,California,39144818,26273,171,4935461,75167
12/20/2021,California,39144818,7766,-3,4943227,75164
12/21/2021,California,39144818,10903,117,4954130,75281
12/22/2021,California,39144818,15485,102,4969615,75383
12/23/2021,California,39144818,20401,78,4990016,75461
12/24/2021,California,39144818,0,0,4990016,75461
12/25/2021,California,39144818,0,0,4990016,75461
12/26/2021,California,39144818,0,0,4990016,75461
12/27/2021,California,39144818,86634,97,5076650,75558
12/28/2021,California,39144818,20748,71,5097398,75629
12/29/2021,California,39144818,37673,109,5135071,75738
12/30/2021,California,39144818,56367,109,5191438,75847
12/31/2021,California,39144818,0,0,5191438,75847
1/1/2022,California,39144818,0,0,5191438,75847
1/2/2022,California,39144818,0,0,5191438,75847
1/3/2022,California,39144818,237084,77,5428522,75924
1/4/2022,California,39144818,51743,130,5480265,76054
1/5/2022,California,39144818,50486,-5,5530751,76049
1/6/2022,California,39144818,103606,292,5634357,76341
1/7/2022,California,39144818,0,0,5634357,76341
1/8/2022,California,39144818,0,0,5634357,76341
1/9/2022,California,39144818,308820,209,5943177,76550
1/10/2022,California,39144818,143380,14,6086557,76564
1/11/2022,California,39144818,102310,119,6188867,76683
1/12/2022,California,39144818,108040,121,6296907,76804
1/13/2022,California,39144818,119264,136,6416171,76940
1/14/2022,California,39144818,0,0,6416171,76940
1/15/2022,California,39144818,0,0,6416171,76940
1/16/2022,California,39144818,319809,330,6735980,77270
1/17/2022,California,39144818,76374,36,6812354,77306
1/18/2022,California,39144818,98637,39,6910991,77345
1/19/2022,California,39144818,86719,176,6997710,77521
1/20/2022,California,39144818,125861,201,7123571,77722
1/21/2022,California,39144818,0,0,7123571,77722
1/22/2022,California,39144818,0,0,7123571,77722
1/23/2022,California,39144818,296072,379,7419643,78101
1/24/2022,California,39144818,62826,17,7482469,78118
1/25/2022,California,39144818,87218,198,7569687,78316
1/26/2022,California,39144818,59979,255,7629666,78571
1/27/2022,California,39144818,76729,254,7706395,78825
1/28/2022,California,39144818,0,0,7706395,78825
1/29/2022,California,39144818,0,0,7706395,78825
1/30/2022,California,39144818,172226,459,7878621,79284
1/31/2022,California,39144818,37147,98,7915768,79382
2/1/2022,California,39144818,25550,239,7941318,79621
2/2/2022,California,39144818,28080,181,7969398,79802
2/3/2022,California,39144818,37012,220,8006410,80022
2/4/2022,California,39144818,0,0,8006410,80022
2/5/2022,California,39144818,0,0,8006410,80022
2/6/2022,California,39144818,73361,517,8079771,80539
2/7/2022,California,39144818,47310,101,8127081,80640
2/8/2022,California,39144818,39312,272,8166393,80912
7/1/2021,Colorado,5456574,533,5,561460,6952
7/2/2021,Colorado,5456574,462,4,561922,6956
7/3/2021,Colorado,5456574,393,11,562315,6967
7/4/2021,Colorado,5456574,303,4,562618,6971
7/5/2021,Colorado,5456574,170,0,562788,6971
7/6/2021,Colorado,5456574,279,0,563067,6971
7/7/2021,Colorado,5456574,488,5,563555,6976
7/8/2021,Colorado,5456574,445,3,564000,6979
7/9/2021,Colorado,5456574,891,5,564891,6984
7/10/2021,Colorado,5456574,606,10,565497,6994
7/11/2021,Colorado,5456574,338,9,565835,7003
7/12/2021,Colorado,5456574,374,2,566209,7005
7/13/2021,Colorado,5456574,600,10,566809,7015
7/14/2021,Colorado,5456574,496,8,567305,7023
7/15/2021,Colorado,5456574,547,2,567852,7025
7/16/2021,Colorado,5456574,617,6,568469,7031
7/17/2021,Colorado,5456574,0,0,568469,7031
7/18/2021,Colorado,5456574,251,7,568720,7038
7/19/2021,Colorado,5456574,1140,2,569860,7040
7/20/2021,Colorado,5456574,191,0,570051,7040
7/21/2021,Colorado,5456574,854,10,570905,7050
7/22/2021,Colorado,5456574,832,6,571737,7056
7/23/2021,Colorado,5456574,535,6,572272,7062
7/24/2021,Colorado,5456574,188,1,572460,7063
7/25/2021,Colorado,5456574,372,3,572832,7066
7/26/2021,Colorado,5456574,1465,13,574297,7079
7/27/2021,Colorado,5456574,304,0,574601,7079
7/28/2021,Colorado,5456574,1274,1,575875,7080
7/29/2021,Colorado,5456574,1240,10,577115,7090
7/30/2021,Colorado,5456574,855,6,577970,7096
7/31/2021,Colorado,5456574,529,1,578499,7097
8/1/2021,Colorado,5456574,214,0,578713,7097
8/2/2021,Colorado,5456574,1768,15,580481,7112
8/3/2021,Colorado,5456574,969,1,581450,7113
8/4/2021,Colorado,5456574,872,5,582322,7118
8/5/2021,Colorado,5456574,1124,7,583446,7125
8/6/2021,Colorado,5456574,817,7,584263,7132
8/7/2021,Colorado,5456574,936,7,585199,7139
8/8/2021,Colorado,5456574,263,1,585462,7140
8/9/2021,Colorado,5456574,2202,15,587664,7155
8/10/2021,Colorado,5456574,953,12,588617,7167
8/11/2021,Colorado,5456574,1161,3,589778,7170
8/12/2021,Colorado,5456574,1167,9,590945,7179
8/13/2021,Colorado,5456574,1820,7,592765,7186
8/14/2021,Colorado,5456574,0,0,592765,7186
8/15/2021,Colorado,5456574,600,4,593365,7190
8/16/2021,Colorado,5456574,2090,8,595455,7198
8/17/2021,Colorado,5456574,1463,7,596918,7205
8/18/2021,Colorado,5456574,1837,8,598755,7213
8/19/2021,Colorado,5456574,1276,4,600031,7217
8/20/2021,Colorado,5456574,1728,12,601759,7229
8/21/2021,Colorado,5456574,479,2,602238,7231
8/22/2021,Colorado,5456574,982,3,603220,7234
8/23/2021,Colorado,5456574,3297,12,606517,7246
8/24/2021,Colorado,5456574,985,3,607502,7249
8/25/2021,Colorado,5456574,1623,7,609125,7256
8/26/2021,Colorado,5456574,2235,9,611360,7265
8/27/2021,Colorado,5456574,1426,15,612786,7280
8/28/2021,Colorado,5456574,1117,8,613903,7288
8/29/2021,Colorado,5456574,0,0,613903,7288
8/30/2021,Colorado,5456574,3076,19,616979,7307
8/31/2021,Colorado,5456574,2104,12,619083,7319
9/1/2021,Colorado,5456574,1604,5,620687,7324
9/2/2021,Colorado,5456574,2873,22,623560,7346
9/3/2021,Colorado,5456574,2118,24,625678,7370
9/4/2021,Colorado,5456574,-6,0,625672,7370
9/5/2021,Colorado,5456574,928,5,626600,7375
9/6/2021,Colorado,5456574,3578,22,630178,7397
9/7/2021,Colorado,5456574,1930,6,632108,7403
9/8/2021,Colorado,5456574,2083,17,634191,7420
9/9/2021,Colorado,5456574,1827,13,636018,7433
9/10/2021,Colorado,5456574,1721,14,637739,7447
9/11/2021,Colorado,5456574,0,0,637739,7447
9/12/2021,Colorado,5456574,1137,4,638876,7451
9/13/2021,Colorado,5456574,4326,28,643202,7479
9/14/2021,Colorado,5456574,2517,19,645719,7498
9/15/2021,Colorado,5456574,1594,18,647313,7516
9/16/2021,Colorado,5456574,2123,7,649436,7523
9/17/2021,Colorado,5456574,2145,24,651581,7547
9/18/2021,Colorado,5456574,0,0,651581,7547
9/19/2021,Colorado,5456574,1320,16,652901,7563
9/20/2021,Colorado,5456574,4007,20,656908,7583
9/21/2021,Colorado,5456574,1804,22,658712,7605
9/22/2021,Colorado,5456574,1311,14,660023,7619
9/23/2021,Colorado,5456574,2428,15,662451,7634
9/24/2021,Colorado,5456574,1559,14,664010,7648
9/25/2021,Colorado,5456574,386,1,664396,7649
9/26/2021,Colorado,5456574,386,13,664782,7662
9/27/2021,Colorado,5456574,3853,21,668635,7683
9/28/2021,Colorado,5456574,2297,20,670932,7703
9/29/2021,Colorado,5456574,1384,14,672316,7717
9/30/2021,Colorado,5456574,2531,14,674847,7731
10/1/2021,Colorado,5456574,2296,41,677143,7772
10/2/2021,Colorado,5456574,451,4,677594,7776
10/3/2021,Colorado,5456574,416,6,678010,7782
10/4/2021,Colorado,5456574,3902,23,681912,7805
10/5/2021,Colorado,5456574,2124,17,684036,7822
10/6/2021,Colorado,5456574,2040,21,686076,7843
10/7/2021,Colorado,5456574,3054,31,689130,7874
10/8/2021,Colorado,5456574,2952,39,692082,7913
10/9/2021,Colorado,5456574,0,0,692082,7913
10/10/2021,Colorado,5456574,479,2,692561,7915
10/11/2021,Colorado,5456574,5381,34,697942,7949
10/12/2021,Colorado,5456574,1626,18,699568,7967
10/13/2021,Colorado,5456574,2709,33,702277,8000
10/14/2021,Colorado,5456574,2548,10,704825,8010
10/15/2021,Colorado,5456574,3972,37,708797,8047
10/16/2021,Colorado,5456574,588,5,709385,8052
10/17/2021,Colorado,5456574,391,2,709776,8054
10/18/2021,Colorado,5456574,3987,45,713763,8099
10/19/2021,Colorado,5456574,2403,33,716166,8132
10/20/2021,Colorado,5456574,2312,21,718478,8153
10/21/2021,Colorado,5456574,2595,21,721073,8174
10/22/2021,Colorado,5456574,3001,28,724074,8202
10/23/2021,Colorado,5456574,642,16,724716,8218
10/24/2021,Colorado,5456574,732,2,725448,8220
10/25/2021,Colorado,5456574,6155,53,731603,8273
10/26/2021,Colorado,5456574,2589,20,734192,8293
10/27/2021,Colorado,5456574,2772,23,736964,8316
10/28/2021,Colorado,5456574,4358,33,741322,8349
10/29/2021,Colorado,5456574,3335,21,744657,8370
10/30/2021,Colorado,5456574,0,0,744657,8370
10/31/2021,Colorado,5456574,912,6,745569,8376
11/1/2021,Colorado,5456574,5564,53,751133,8429
11/2/2021,Colorado,5456574,3463,51,754596,8480
11/3/2021,Colorado,5456574,2303,13,756899,8493
11/4/2021,Colorado,5456574,3642,50,760541,8543
11/5/2021,Colorado,5456574,4275,51,764816,8594
11/6/2021,Colorado,5456574,758,4,765574,8598
11/7/2021,Colorado,5456574,-2,0,765572,8598
11/8/2021,Colorado,5456574,7510,93,773082,8691
11/9/2021,Colorado,5456574,2505,22,775587,8713
11/10/2021,Colorado,5456574,3734,27,779321,8740
11/11/2021,Colorado,5456574,3744,34,783065,8774
11/12/2021,Colorado,5456574,3399,36,786464,8810
11/13/2021,Colorado,5456574,853,3,787317,8813
11/14/2021,Colorado,5456574,600,10,787917,8823
11/15/2021,Colorado,5456574,5984,63,793901,8886
11/16/2021,Colorado,5456574,3004,60,796905,8946
11/17/2021,Colorado,5456574,3857,28,800762,8974
11/18/2021,Colorado,5456574,4717,44,805479,9018
11/19/2021,Colorado,5456574,2836,41,808315,9059
11/20/2021,Colorado,5456574,0,0,808315,9059
11/21/2021,Colorado,5456574,2103,17,810418,9076
11/22/2021,Colorado,5456574,6090,71,816508,9147
11/23/2021,Colorado,5456574,1968,54,818476,9201
11/24/2021,Colorado,5456574,3758,51,822234,9252
11/25/2021,Colorado,5456574,2115,11,824349,9263
11/26/2021,Colorado,5456574,1309,7,825658,9270
11/27/2021,Colorado,5456574,389,4,826047,9274
11/28/2021,Colorado,5456574,916,15,826963,9289
11/29/2021,Colorado,5456574,4787,50,831750,9339
11/30/2021,Colorado,5456574,2613,44,834363,9383
12/1/2021,Colorado,5456574,2356,66,836719,9449
12/2/2021,Colorado,5456574,4044,69,840763,9518
12/3/2021,Colorado,5456574,2683,39,843446,9557
12/4/2021,Colorado,5456574,0,-24,843446,9533
12/5/2021,Colorado,5456574,738,2,844184,9535
12/6/2021,Colorado,5456574,4394,36,848578,9571
12/7/2021,Colorado,5456574,3380,82,851958,9653
12/8/2021,Colorado,5456574,2291,41,854249,9694
12/9/2021,Colorado,5456574,2635,50,856884,9744
12/10/2021,Colorado,5456574,2302,69,859186,9813
12/11/2021,Colorado,5456574,0,0,859186,9813
12/12/2021,Colorado,5456574,359,17,859545,9830
12/13/2021,Colorado,5456574,3973,39,863518,9869
12/14/2021,Colorado,5456574,1600,61,865118,9930
12/15/2021,Colorado,5456574,1913,44,867031,9974
12/16/2021,Colorado,5456574,2074,50,869105,10024
12/17/2021,Colorado,5456574,1760,19,870865,10043
12/18/2021,Colorado,5456574,446,13,871311,10056
12/19/2021,Colorado,5456574,675,19,871986,10075
12/20/2021,Colorado,5456574,3623,40,875609,10115
12/21/2021,Colorado,5456574,3114,69,878723,10184
12/22/2021,Colorado,5456574,3542,59,882265,10243
12/23/2021,Colorado,5456574,2442,14,884707,10257
12/24/2021,Colorado,5456574,4758,20,889465,10277
12/25/2021,Colorado,5456574,1217,0,890682,10277
12/26/2021,Colorado,5456574,1427,5,892109,10282
12/27/2021,Colorado,5456574,9472,3,901581,10285
12/28/2021,Colorado,5456574,4737,75,906318,10360
12/29/2021,Colorado,5456574,8616,51,914934,10411
12/30/2021,Colorado,5456574,9036,30,923970,10441
12/31/2021,Colorado,5456574,9287,39,933257,10480
1/1/2022,Colorado,5456574,0,0,933257,10480
1/2/2022,Colorado,5456574,3165,5,936422,10485
1/3/2022,Colorado,5456574,22793,24,959215,10509
1/4/2022,Colorado,5456574,8298,37,967513,10546
1/5/2022,Colorado,5456574,7918,20,975431,10566
1/6/2022,Colorado,5456574,8739,45,984170,10611
1/7/2022,Colorado,5456574,10234,22,994404,10633
1/8/2022,Colorado,5456574,2556,2,996960,10635
1/9/2022,Colorado,5456574,2397,2,999357,10637
1/10/2022,Colorado,5456574,42452,31,1041809,10668
1/11/2022,Colorado,5456574,23363,58,1065172,10726
1/12/2022,Colorado,5456574,14203,34,1079375,10760
1/13/2022,Colorado,5456574,15100,30,1094475,10790
1/14/2022,Colorado,5456574,13490,36,1107965,10826
1/15/2022,Colorado,5456574,0,0,1107965,10826
1/16/2022,Colorado,5456574,4544,10,1112509,10836
1/17/2022,Colorado,5456574,24407,33,1136916,10869
1/18/2022,Colorado,5456574,11684,10,1148600,10879
1/19/2022,Colorado,5456574,8589,42,1157189,10921
1/20/2022,Colorado,5456574,16052,34,1173241,10955
1/21/2022,Colorado,5456574,13180,19,1186421,10974
1/22/2022,Colorado,5456574,0,0,1186421,10974
1/23/2022,Colorado,5456574,0,0,1186421,10974
1/24/2022,Colorado,5456574,26984,95,1213405,11069
1/25/2022,Colorado,5456574,7263,72,1220668,11141
1/26/2022,Colorado,5456574,7630,29,1228298,11170
1/27/2022,Colorado,5456574,7747,35,1236045,11205
1/28/2022,Colorado,5456574,9347,54,1245392,11259
1/29/2022,Colorado,5456574,-4678,-41,1240714,11218
1/30/2022,Colorado,5456574,4678,45,1245392,11263
1/31/2022,Colorado,5456574,13479,76,1258871,11339
2/1/2022,Colorado,5456574,3732,40,1262603,11379
2/2/2022,Colorado,5456574,3911,19,1266514,11398
2/3/2022,Colorado,5456574,4796,11,1271310,11409
2/4/2022,Colorado,5456574,4879,14,1276189,11423
2/5/2022,Colorado,5456574,0,0,1276189,11423
2/6/2022,Colorado,5456574,648,4,1276837,11427
2/7/2022,Colorado,5456574,6426,197,1283263,11624
2/8/2022,Colorado,5456574,2355,20,1285618,11644
7/1/2021,Connecticut,3590886,35,1,349387,8279
7/2/2021,Connecticut,3590886,89,0,349476,8279
7/3/2021,Connecticut,3590886,0,0,349476,8279
7/4/2021,Connecticut,3590886,0,0,349476,8279
7/5/2021,Connecticut,3590886,0,0,349476,8279
7/6/2021,Connecticut,3590886,175,0,349651,8279
7/7/2021,Connecticut,3590886,92,-1,349743,8278
7/8/2021,Connecticut,3590886,55,1,349798,8279
7/9/2021,Connecticut,3590886,171,0,349969,8279
7/10/2021,Connecticut,3590886,0,0,349969,8279
7/11/2021,Connecticut,3590886,0,0,349969,8279
7/12/2021,Connecticut,3590886,70,0,350039,8279
7/13/2021,Connecticut,3590886,206,0,350245,8279
7/14/2021,Connecticut,3590886,141,0,350386,8279
7/15/2021,Connecticut,3590886,150,3,350536,8282
7/16/2021,Connecticut,3590886,139,0,350675,8282
7/17/2021,Connecticut,3590886,0,0,350675,8282
7/18/2021,Connecticut,3590886,0,0,350675,8282
7/19/2021,Connecticut,3590886,409,0,351084,8282
7/20/2021,Connecticut,3590886,218,0,351302,8282
7/21/2021,Connecticut,3590886,228,0,351530,8282
7/22/2021,Connecticut,3590886,295,4,351825,8286
7/23/2021,Connecticut,3590886,212,0,352037,8286
7/24/2021,Connecticut,3590886,0,0,352037,8286
7/25/2021,Connecticut,3590886,0,0,352037,8286
7/26/2021,Connecticut,3590886,589,2,352626,8288
7/27/2021,Connecticut,3590886,488,0,353114,8288
7/28/2021,Connecticut,3590886,391,0,353505,8288
7/29/2021,Connecticut,3590886,339,5,353844,8293
7/30/2021,Connecticut,3590886,491,0,354335,8293
7/31/2021,Connecticut,3590886,0,0,354335,8293
8/1/2021,Connecticut,3590886,0,0,354335,8293
8/2/2021,Connecticut,3590886,1245,0,355580,8293
8/3/2021,Connecticut,3590886,584,-1,356164,8292
8/4/2021,Connecticut,3590886,537,0,356701,8292
8/5/2021,Connecticut,3590886,644,4,357345,8296
8/6/2021,Connecticut,3590886,731,0,358076,8296
8/7/2021,Connecticut,3590886,0,0,358076,8296
8/8/2021,Connecticut,3590886,0,0,358076,8296
8/9/2021,Connecticut,3590886,1287,0,359363,8296
8/10/2021,Connecticut,3590886,275,1,359638,8297
8/11/2021,Connecticut,3590886,914,0,360552,8297
8/12/2021,Connecticut,3590886,742,10,361294,8307
8/13/2021,Connecticut,3590886,542,0,361836,8307
8/14/2021,Connecticut,3590886,0,0,361836,8307
8/15/2021,Connecticut,3590886,0,0,361836,8307
8/16/2021,Connecticut,3590886,1581,0,363417,8307
8/17/2021,Connecticut,3590886,881,-3,364298,8304
8/18/2021,Connecticut,3590886,593,3,364891,8307
8/19/2021,Connecticut,3590886,534,23,365425,8330
8/20/2021,Connecticut,3590886,431,7,365856,8337
8/21/2021,Connecticut,3590886,0,0,365856,8337
8/22/2021,Connecticut,3590886,0,0,365856,8337
8/23/2021,Connecticut,3590886,1554,-2,367410,8335
8/24/2021,Connecticut,3590886,1071,0,368481,8335
8/25/2021,Connecticut,3590886,651,0,369132,8335
8/26/2021,Connecticut,3590886,788,20,369920,8355
8/27/2021,Connecticut,3590886,788,3,370708,8358
8/28/2021,Connecticut,3590886,0,0,370708,8358
8/29/2021,Connecticut,3590886,0,0,370708,8358
8/30/2021,Connecticut,3590886,1361,0,372069,8358
8/31/2021,Connecticut,3590886,1003,0,373072,8358
9/1/2021,Connecticut,3590886,712,0,373784,8358
9/2/2021,Connecticut,3590886,686,36,374470,8394
9/3/2021,Connecticut,3590886,665,0,375135,8394
9/4/2021,Connecticut,3590886,0,0,375135,8394
9/5/2021,Connecticut,3590886,0,0,375135,8394
9/6/2021,Connecticut,3590886,0,0,375135,8394
9/7/2021,Connecticut,3590886,1612,1,376747,8395
9/8/2021,Connecticut,3590886,935,20,377682,8415
9/9/2021,Connecticut,3590886,626,1,378308,8416
9/10/2021,Connecticut,3590886,625,8,378933,8424
9/11/2021,Connecticut,3590886,0,0,378933,8424
9/12/2021,Connecticut,3590886,0,0,378933,8424
9/13/2021,Connecticut,3590886,1348,0,380281,8424
9/14/2021,Connecticut,3590886,1050,22,381331,8446
9/15/2021,Connecticut,3590886,401,1,381732,8447
9/16/2021,Connecticut,3590886,1066,0,382798,8447
9/17/2021,Connecticut,3590886,1544,16,384342,8463
9/18/2021,Connecticut,3590886,0,0,384342,8463
9/19/2021,Connecticut,3590886,0,0,384342,8463
9/20/2021,Connecticut,3590886,1446,-1,385788,8462
9/21/2021,Connecticut,3590886,394,15,386182,8477
9/22/2021,Connecticut,3590886,490,7,386672,8484
9/23/2021,Connecticut,3590886,591,-1,387263,8483
9/24/2021,Connecticut,3590886,470,18,387733,8501
9/25/2021,Connecticut,3590886,0,0,387733,8501
9/26/2021,Connecticut,3590886,0,0,387733,8501
9/27/2021,Connecticut,3590886,1444,92,389177,8593
9/28/2021,Connecticut,3590886,553,33,389730,8626
9/29/2021,Connecticut,3590886,450,3,390180,8629
9/30/2021,Connecticut,3590886,165,0,390345,8629
10/1/2021,Connecticut,3590886,721,21,391066,8650
10/2/2021,Connecticut,3590886,0,0,391066,8650
10/3/2021,Connecticut,3590886,0,0,391066,8650
10/4/2021,Connecticut,3590886,1097,0,392163,8650
10/5/2021,Connecticut,3590886,411,16,392574,8666
10/6/2021,Connecticut,3590886,377,1,392951,8667
10/7/2021,Connecticut,3590886,548,0,393499,8667
10/8/2021,Connecticut,3590886,509,0,394008,8667
10/9/2021,Connecticut,3590886,0,0,394008,8667
10/10/2021,Connecticut,3590886,0,0,394008,8667
10/11/2021,Connecticut,3590886,0,0,394008,8667
10/12/2021,Connecticut,3590886,1473,0,395481,8667
10/13/2021,Connecticut,3590886,240,38,395721,8705
10/14/2021,Connecticut,3590886,908,2,396629,8707
10/15/2021,Connecticut,3590886,494,11,397123,8718
10/16/2021,Connecticut,3590886,0,0,397123,8718
10/17/2021,Connecticut,3590886,0,0,397123,8718
10/18/2021,Connecticut,3590886,1147,0,398270,8718
10/19/2021,Connecticut,3590886,709,3,398979,8721
10/20/2021,Connecticut,3590886,384,0,399363,8721
10/21/2021,Connecticut,3590886,410,0,399773,8721
10/22/2021,Connecticut,3590886,453,18,400226,8739
10/23/2021,Connecticut,3590886,0,0,400226,8739
10/24/2021,Connecticut,3590886,0,0,400226,8739
10/25/2021,Connecticut,3590886,899,0,401125,8739
10/26/2021,Connecticut,3590886,254,13,401379,8752
10/27/2021,Connecticut,3590886,337,0,401716,8752
10/28/2021,Connecticut,3590886,443,-1,402159,8751
10/29/2021,Connecticut,3590886,424,13,402583,8764
10/30/2021,Connecticut,3590886,0,0,402583,8764
10/31/2021,Connecticut,3590886,0,0,402583,8764
11/1/2021,Connecticut,3590886,832,2,403415,8766
11/2/2021,Connecticut,3590886,412,10,403827,8776
11/3/2021,Connecticut,3590886,391,0,404218,8776
11/4/2021,Connecticut,3590886,431,0,404649,8776
11/5/2021,Connecticut,3590886,320,14,404969,8790
11/6/2021,Connecticut,3590886,0,0,404969,8790
11/7/2021,Connecticut,3590886,0,0,404969,8790
11/8/2021,Connecticut,3590886,941,0,405910,8790
11/9/2021,Connecticut,3590886,309,16,406219,8806
11/10/2021,Connecticut,3590886,533,3,406752,8809
11/11/2021,Connecticut,3590886,540,0,407292,8809
11/12/2021,Connecticut,3590886,458,0,407750,8809
11/13/2021,Connecticut,3590886,0,0,407750,8809
11/14/2021,Connecticut,3590886,0,0,407750,8809
11/15/2021,Connecticut,3590886,2179,17,409929,8826
11/16/2021,Connecticut,3590886,544,0,410473,8826
11/17/2021,Connecticut,3590886,838,8,411311,8834
11/18/2021,Connecticut,3590886,747,0,412058,8834
11/19/2021,Connecticut,3590886,860,16,412918,8850
11/20/2021,Connecticut,3590886,0,0,412918,8850
11/21/2021,Connecticut,3590886,0,0,412918,8850
11/22/2021,Connecticut,3590886,2060,3,414978,8853
11/23/2021,Connecticut,3590886,754,0,415732,8853
11/24/2021,Connecticut,3590886,841,12,416573,8865
11/25/2021,Connecticut,3590886,0,0,416573,8865
11/26/2021,Connecticut,3590886,1900,0,418473,8865
11/27/2021,Connecticut,3590886,0,0,418473,8865
11/28/2021,Connecticut,3590886,0,0,418473,8865
11/29/2021,Connecticut,3590886,2312,-1,420785,8864
11/30/2021,Connecticut,3590886,907,41,421692,8905
12/1/2021,Connecticut,3590886,1093,4,422785,8909
12/2/2021,Connecticut,3590886,1627,0,424412,8909
12/3/2021,Connecticut,3590886,863,16,425275,8925
12/4/2021,Connecticut,3590886,0,0,425275,8925
12/5/2021,Connecticut,3590886,0,0,425275,8925
12/6/2021,Connecticut,3590886,5481,0,430756,8925
12/7/2021,Connecticut,3590886,1919,20,432675,8945
12/8/2021,Connecticut,3590886,789,1,433464,8946
12/9/2021,Connecticut,3590886,2679,0,436143,8946
12/10/2021,Connecticut,3590886,3280,26,439423,8972
12/11/2021,Connecticut,3590886,0,0,439423,8972
12/12/2021,Connecticut,3590886,0,0,439423,8972
12/13/2021,Connecticut,3590886,7893,0,447316,8972
12/14/2021,Connecticut,3590886,2999,28,450315,9000
12/15/2021,Connecticut,3590886,1723,2,452038,9002
12/16/2021,Connecticut,3590886,2085,0,454123,9002
12/17/2021,Connecticut,3590886,1443,0,455566,9002
12/18/2021,Connecticut,3590886,0,0,455566,9002
12/19/2021,Connecticut,3590886,0,0,455566,9002
12/20/2021,Connecticut,3590886,6209,40,461775,9042
12/21/2021,Connecticut,3590886,6000,34,467775,9076
12/22/2021,Connecticut,3590886,3366,2,471141,9078
12/23/2021,Connecticut,3590886,3416,-1,474557,9077
12/24/2021,Connecticut,3590886,0,0,474557,9077
12/25/2021,Connecticut,3590886,0,0,474557,9077
12/26/2021,Connecticut,3590886,0,0,474557,9077
12/27/2021,Connecticut,3590886,14654,26,489211,9103
12/28/2021,Connecticut,3590886,5753,53,494964,9156
12/29/2021,Connecticut,3590886,7520,5,502484,9161
12/30/2021,Connecticut,3590886,7704,-1,510188,9160
12/31/2021,Connecticut,3590886,0,0,510188,9160
1/1/2022,Connecticut,3590886,0,0,510188,9160
1/2/2022,Connecticut,3590886,0,0,510188,9160
1/3/2022,Connecticut,3590886,23678,50,533866,9210
1/4/2022,Connecticut,3590886,10602,64,544468,9274
1/5/2022,Connecticut,3590886,10344,7,554812,9281
1/6/2022,Connecticut,3590886,8823,0,563635,9281
1/7/2022,Connecticut,3590886,10076,96,573711,9377
1/8/2022,Connecticut,3590886,0,0,573711,9377
1/9/2022,Connecticut,3590886,0,0,573711,9377
1/10/2022,Connecticut,3590886,31405,0,605116,9377
1/11/2022,Connecticut,3590886,6751,58,611867,9435
1/12/2022,Connecticut,3590886,7318,7,619185,9442
1/13/2022,Connecticut,3590886,9604,0,628789,9442
1/14/2022,Connecticut,3590886,8783,114,637572,9556
1/15/2022,Connecticut,3590886,0,0,637572,9556
1/16/2022,Connecticut,3590886,0,0,637572,9556
1/17/2022,Connecticut,3590886,15844,-2,653416,9554
1/18/2022,Connecticut,3590886,4264,10,657680,9564
1/19/2022,Connecticut,3590886,4745,106,662425,9670
1/20/2022,Connecticut,3590886,4805,13,667230,9683
1/21/2022,Connecticut,3590886,4444,86,671674,9769
1/22/2022,Connecticut,3590886,0,0,671674,9769
1/23/2022,Connecticut,3590886,0,0,671674,9769
1/24/2022,Connecticut,3590886,12057,5,683731,9774
1/25/2022,Connecticut,3590886,3824,-1,687555,9773
1/26/2022,Connecticut,3590886,2795,128,690350,9901
1/27/2022,Connecticut,3590886,3036,7,693386,9908
1/28/2022,Connecticut,3590886,2684,77,696070,9985
1/29/2022,Connecticut,3590886,0,0,696070,9985
1/30/2022,Connecticut,3590886,0,0,696070,9985
1/31/2022,Connecticut,3590886,3330,25,699400,10010
2/1/2022,Connecticut,3590886,1240,66,700640,10076
2/2/2022,Connecticut,3590886,1786,7,702426,10083
2/3/2022,Connecticut,3590886,2445,0,704871,10083
2/4/2022,Connecticut,3590886,1269,76,706140,10159
2/5/2022,Connecticut,3590886,0,0,706140,10159
2/6/2022,Connecticut,3590886,0,0,706140,10159
2/7/2022,Connecticut,3590886,2138,0,708278,10159
2/8/2022,Connecticut,3590886,1343,-1,709621,10158
7/1/2021,District of Columbia,705749,16,0,49378,1141
7/2/2021,District of Columbia,705749,-5379,0,43999,1141
7/3/2021,District of Columbia,705749,0,0,49378,1141
7/4/2021,District of Columbia,705749,0,0,49378,1141
7/5/2021,District of Columbia,705749,5418,0,49417,1141
7/6/2021,District of Columbia,705749,6,0,49423,1141
7/7/2021,District of Columbia,705749,11,0,49434,1141
7/8/2021,District of Columbia,705749,21,2,49455,1143
7/9/2021,District of Columbia,705749,71,0,49526,1143
7/10/2021,District of Columbia,705749,0,0,49455,1143
7/11/2021,District of Columbia,705749,0,0,49455,1143
7/12/2021,District of Columbia,705749,10,1,49536,1144
7/13/2021,District of Columbia,705749,38,0,49574,1144
7/14/2021,District of Columbia,705749,41,1,49615,1145
7/15/2021,District of Columbia,705749,37,0,49652,1145
7/16/2021,District of Columbia,705749,141,1,49793,1146
7/17/2021,District of Columbia,705749,0,0,49652,1146
7/18/2021,District of Columbia,705749,0,0,49652,1146
7/19/2021,District of Columbia,705749,34,0,49827,1146
7/20/2021,District of Columbia,705749,31,0,49858,1146
7/21/2021,District of Columbia,705749,72,0,49930,1146
7/22/2021,District of Columbia,705749,43,0,49973,1146
7/23/2021,District of Columbia,705749,187,0,50160,1146
7/24/2021,District of Columbia,705749,0,0,49973,1146
7/25/2021,District of Columbia,705749,0,0,49973,1146
7/26/2021,District of Columbia,705749,68,0,50228,1146
7/27/2021,District of Columbia,705749,40,0,50268,1146
7/28/2021,District of Columbia,705749,61,0,50329,1146
7/29/2021,District of Columbia,705749,69,0,50398,1146
7/30/2021,District of Columbia,705749,320,3,50718,1149
7/31/2021,District of Columbia,705749,0,0,50398,1149
8/1/2021,District of Columbia,705749,0,0,50398,1149
8/2/2021,District of Columbia,705749,82,0,50800,1149
8/3/2021,District of Columbia,705749,58,0,50858,1149
8/4/2021,District of Columbia,705749,117,0,50975,1149
8/5/2021,District of Columbia,705749,128,0,51103,1149
8/6/2021,District of Columbia,705749,486,0,51589,1149
8/7/2021,District of Columbia,705749,0,0,51103,1149
8/8/2021,District of Columbia,705749,0,0,51103,1149
8/9/2021,District of Columbia,705749,137,0,51726,1149
8/10/2021,District of Columbia,705749,127,0,51853,1149
8/11/2021,District of Columbia,705749,152,0,52005,1149
8/12/2021,District of Columbia,705749,196,1,52201,1150
8/13/2021,District of Columbia,705749,576,0,52777,1150
8/14/2021,District of Columbia,705749,0,0,52201,1150
8/15/2021,District of Columbia,705749,0,0,52201,1150
8/16/2021,District of Columbia,705749,66,0,52843,1150
8/17/2021,District of Columbia,705749,181,1,53024,1151
8/18/2021,District of Columbia,705749,138,0,53162,1151
8/19/2021,District of Columbia,705749,180,4,53342,1155
8/20/2021,District of Columbia,705749,556,0,53898,1155
8/21/2021,District of Columbia,705749,0,0,53342,1155
8/22/2021,District of Columbia,705749,0,0,53342,1155
8/23/2021,District of Columbia,705749,133,0,54031,1155
8/24/2021,District of Columbia,705749,125,0,54156,1155
8/25/2021,District of Columbia,705749,210,0,54366,1155
8/26/2021,District of Columbia,705749,190,3,54556,1158
8/27/2021,District of Columbia,705749,697,1,55253,1159
8/28/2021,District of Columbia,705749,0,0,54556,1159
8/29/2021,District of Columbia,705749,0,0,54556,1159
8/30/2021,District of Columbia,705749,178,0,55431,1159
8/31/2021,District of Columbia,705749,139,1,55570,1160
9/1/2021,District of Columbia,705749,148,1,55718,1161
9/2/2021,District of Columbia,705749,200,0,55918,1161
9/3/2021,District of Columbia,705749,651,1,56569,1162
9/4/2021,District of Columbia,705749,0,0,55918,1162
9/5/2021,District of Columbia,705749,0,0,55918,1162
9/6/2021,District of Columbia,705749,0,0,56569,1162
9/7/2021,District of Columbia,705749,125,1,56694,1163
9/8/2021,District of Columbia,705749,165,0,56859,1163
9/9/2021,District of Columbia,705749,107,1,56966,1164
9/10/2021,District of Columbia,705749,805,1,57771,1165
9/11/2021,District of Columbia,705749,0,0,56966,1165
9/12/2021,District of Columbia,705749,0,0,56966,1165
9/13/2021,District of Columbia,705749,393,0,58164,1165
9/14/2021,District of Columbia,705749,236,2,58400,1167
9/15/2021,District of Columbia,705749,249,0,58649,1167
9/16/2021,District of Columbia,705749,202,0,58851,1167
9/17/2021,District of Columbia,705749,712,0,59563,1167
9/18/2021,District of Columbia,705749,0,0,58851,1167
9/19/2021,District of Columbia,705749,0,0,58851,1167
9/20/2021,District of Columbia,705749,149,0,59712,1167
9/21/2021,District of Columbia,705749,137,4,59849,1171
9/22/2021,District of Columbia,705749,-53831,0,6018,1171
9/23/2021,District of Columbia,705749,54187,1,60205,1172
9/24/2021,District of Columbia,705749,567,0,60772,1172
9/25/2021,District of Columbia,705749,0,0,60205,1172
9/26/2021,District of Columbia,705749,0,0,60205,1172
9/27/2021,District of Columbia,705749,126,2,60898,1174
9/28/2021,District of Columbia,705749,98,0,60996,1174
9/29/2021,District of Columbia,705749,157,0,61153,1174
9/30/2021,District of Columbia,705749,178,0,61331,1174
10/1/2021,District of Columbia,705749,460,2,61791,1176
10/2/2021,District of Columbia,705749,0,0,61331,1176
10/3/2021,District of Columbia,705749,0,0,61331,1176
10/4/2021,District of Columbia,705749,72,2,61863,1178
10/5/2021,District of Columbia,705749,115,1,61978,1179
10/6/2021,District of Columbia,705749,120,1,62098,1180
10/7/2021,District of Columbia,705749,168,1,62266,1181
10/8/2021,District of Columbia,705749,436,1,62702,1182
10/9/2021,District of Columbia,705749,0,0,62266,1182
10/10/2021,District of Columbia,705749,0,0,62266,1182
10/11/2021,District of Columbia,705749,0,0,62702,1182
10/12/2021,District of Columbia,705749,48,0,62750,1182
10/13/2021,District of Columbia,705749,102,1,62852,1183
10/14/2021,District of Columbia,705749,124,0,62976,1183
10/15/2021,District of Columbia,705749,329,0,63305,1183
10/16/2021,District of Columbia,705749,0,0,62976,1183
10/17/2021,District of Columbia,705749,0,0,62976,1183
10/18/2021,District of Columbia,705749,40,1,63345,1184
10/19/2021,District of Columbia,705749,55,1,63400,1185
10/20/2021,District of Columbia,705749,74,0,63474,1185
10/21/2021,District of Columbia,705749,114,1,63588,1186
10/22/2021,District of Columbia,705749,291,0,63879,1186
10/23/2021,District of Columbia,705749,0,0,63588,1186
10/24/2021,District of Columbia,705749,0,0,63588,1186
10/25/2021,District of Columbia,705749,40,0,63919,1186
10/26/2021,District of Columbia,705749,71,1,63990,1187
10/27/2021,District of Columbia,705749,118,0,64108,1187
10/28/2021,District of Columbia,705749,132,1,64240,1188
10/29/2021,District of Columbia,705749,230,2,64470,1190
10/30/2021,District of Columbia,705749,0,0,64240,1190
10/31/2021,District of Columbia,705749,0,0,64240,1190
11/1/2021,District of Columbia,705749,71,1,64541,1191
11/2/2021,District of Columbia,705749,61,2,64602,1193
11/3/2021,District of Columbia,705749,106,0,64708,1193
11/4/2021,District of Columbia,705749,91,0,64799,1193
11/5/2021,District of Columbia,705749,251,0,65050,1193
11/6/2021,District of Columbia,705749,0,0,64799,1193
11/7/2021,District of Columbia,705749,0,0,64799,1193
11/8/2021,District of Columbia,705749,44,0,65094,1193
11/9/2021,District of Columbia,705749,65,0,65159,1193
11/10/2021,District of Columbia,705749,65,0,65159,1193
11/11/2021,District of Columbia,705749,0,0,65159,1193
11/12/2021,District of Columbia,705749,212,1,65371,1194
11/13/2021,District of Columbia,705749,0,0,65371,1194
11/14/2021,District of Columbia,705749,464,0,65623,1194
11/15/2021,District of Columbia,705749,84,0,65707,1194
11/16/2021,District of Columbia,705749,86,1,65793,1195
11/17/2021,District of Columbia,705749,96,0,65889,1195
11/18/2021,District of Columbia,705749,139,1,66028,1196
11/19/2021,District of Columbia,705749,319,0,66347,1196
11/20/2021,District of Columbia,705749,0,0,66028,1196
11/21/2021,District of Columbia,705749,0,0,66028,1196
11/22/2021,District of Columbia,705749,86,0,66433,1196
11/23/2021,District of Columbia,705749,77,0,66510,1196
11/24/2021,District of Columbia,705749,347,0,66857,1196
11/25/2021,District of Columbia,705749,0,0,66857,1196
11/26/2021,District of Columbia,705749,0,0,66857,1196
11/27/2021,District of Columbia,705749,0,0,66857,1196
11/28/2021,District of Columbia,705749,0,0,66857,1196
11/29/2021,District of Columbia,705749,55,0,66912,1196
11/30/2021,District of Columbia,705749,135,0,67047,1196
12/1/2021,District of Columbia,705749,126,0,67173,1196
12/2/2021,District of Columbia,705749,257,1,67430,1197
12/3/2021,District of Columbia,705749,566,0,67996,1197
12/4/2021,District of Columbia,705749,0,0,67430,1197
12/5/2021,District of Columbia,705749,0,0,67430,1197
12/6/2021,District of Columbia,705749,0,0,67996,1197
12/7/2021,District of Columbia,705749,266,0,68262,1197
12/8/2021,District of Columbia,705749,198,0,68460,1197
12/9/2021,District of Columbia,705749,242,0,68702,1197
12/10/2021,District of Columbia,705749,690,2,69392,1199
12/11/2021,District of Columbia,705749,0,0,68702,1199
12/12/2021,District of Columbia,705749,0,0,68702,1199
12/13/2021,District of Columbia,705749,148,0,69540,1199
12/14/2021,District of Columbia,705749,327,4,69867,1203
12/15/2021,District of Columbia,705749,508,0,70375,1203
12/16/2021,District of Columbia,705749,844,1,71219,1204
12/17/2021,District of Columbia,705749,3763,2,74982,1206
12/18/2021,District of Columbia,705749,0,0,71219,1206
12/19/2021,District of Columbia,705749,0,0,71219,1206
12/20/2021,District of Columbia,705749,1155,1,76137,1207
12/21/2021,District of Columbia,705749,1524,0,77661,1207
12/22/2021,District of Columbia,705749,1904,0,79565,1207
12/23/2021,District of Columbia,705749,9200,0,88765,1207
12/24/2021,District of Columbia,705749,0,0,79565,1207
12/25/2021,District of Columbia,705749,0,0,79565,1207
12/26/2021,District of Columbia,705749,0,0,79565,1207
12/27/2021,District of Columbia,705749,1868,2,90633,1209
12/28/2021,District of Columbia,705749,1412,0,92045,1209
12/29/2021,District of Columbia,705749,2241,1,94286,1210
12/30/2021,District of Columbia,705749,2241,1,94286,1211
12/31/2021,District of Columbia,705749,0,0,94286,1211
1/1/2022,District of Columbia,705749,0,0,94286,1211
1/2/2022,District of Columbia,705749,0,0,94286,1211
1/3/2022,District of Columbia,705749,11207,7,105493,1218
1/4/2022,District of Columbia,705749,0,2,105493,1220
1/5/2022,District of Columbia,705749,2619,2,108112,1222
1/6/2022,District of Columbia,705749,1928,3,110040,1225
1/7/2022,District of Columbia,705749,6238,2,116278,1227
1/8/2022,District of Columbia,705749,0,0,110040,1227
1/9/2022,District of Columbia,705749,0,0,110040,1227
1/10/2022,District of Columbia,705749,1308,6,117586,1233
1/11/2022,District of Columbia,705749,1216,4,118802,1237
1/12/2022,District of Columbia,705749,1525,3,120327,1240
1/13/2022,District of Columbia,705749,1544,5,121871,1245
1/14/2022,District of Columbia,705749,3836,10,125707,1255
1/15/2022,District of Columbia,705749,0,0,121871,1255
1/16/2022,District of Columbia,705749,0,0,121871,1255
1/17/2022,District of Columbia,705749,0,0,121871,1255
1/18/2022,District of Columbia,705749,480,5,126187,1260
1/19/2022,District of Columbia,705749,488,3,126675,1263
1/20/2022,District of Columbia,705749,525,1,127200,1264
1/21/2022,District of Columbia,705749,1350,3,128550,1267
1/22/2022,District of Columbia,705749,0,0,127200,1267
1/23/2022,District of Columbia,705749,0,0,127200,1267
1/24/2022,District of Columbia,705749,189,8,128739,1275
1/25/2022,District of Columbia,705749,369,3,129108,1278
1/26/2022,District of Columbia,705749,371,2,129479,1280
1/27/2022,District of Columbia,705749,338,2,129817,1282
1/28/2022,District of Columbia,705749,0,2,129817,1284
1/29/2022,District of Columbia,705749,0,0,129817,1284
1/30/2022,District of Columbia,705749,0,0,129817,1284
1/31/2022,District of Columbia,705749,1132,5,130949,1289
2/1/2022,District of Columbia,705749,144,1,131093,1290
2/2/2022,District of Columbia,705749,191,0,131284,1290
2/3/2022,District of Columbia,705749,258,1,131542,1291
2/4/2022,District of Columbia,705749,628,2,132170,1293
2/5/2022,District of Columbia,705749,0,0,131543,1293
2/6/2022,District of Columbia,705749,0,0,131543,1293
2/7/2022,District of Columbia,705749,87,11,132257,1304
2/8/2022,District of Columbia,705749,87,0,132257,1304
12/30/2022,District of Columbia,705749,-28770,,103487,
7/1/2021,Delaware,945934,50,0,109809,1687
7/2/2021,Delaware,945934,28,0,109837,1687
7/3/2021,Delaware,945934,28,1,109865,1688
7/4/2021,Delaware,945934,18,0,109883,1688
7/5/2021,Delaware,945934,12,0,109895,1688
7/6/2021,Delaware,945934,12,0,109907,1688
7/7/2021,Delaware,945934,20,0,109927,1688
7/8/2021,Delaware,945934,53,0,109980,1688
7/9/2021,Delaware,945934,29,1,110009,1689
7/10/2021,Delaware,945934,53,2,110062,1691
7/11/2021,Delaware,945934,22,0,110084,1691
7/12/2021,Delaware,945934,17,1,110101,1692
7/13/2021,Delaware,945934,58,0,110159,1692
7/14/2021,Delaware,945934,49,0,110208,1692
7/15/2021,Delaware,945934,41,1,110249,1693
7/16/2021,Delaware,945934,61,0,110310,1693
7/17/2021,Delaware,945934,45,0,110355,1693
7/18/2021,Delaware,945934,39,1,110394,1694
7/19/2021,Delaware,945934,36,0,110430,1694
7/20/2021,Delaware,945934,47,0,110477,1694
7/21/2021,Delaware,945934,63,1,110540,1695
7/22/2021,Delaware,945934,61,1,110601,1696
7/23/2021,Delaware,945934,85,2,110686,1698
7/24/2021,Delaware,945934,71,0,110757,1698
7/25/2021,Delaware,945934,66,1,110823,1699
7/26/2021,Delaware,945934,72,0,110895,1699
7/27/2021,Delaware,945934,64,0,110959,1699
7/28/2021,Delaware,945934,107,0,111066,1699
7/29/2021,Delaware,945934,147,1,111213,1700
7/30/2021,Delaware,945934,135,1,111348,1701
7/31/2021,Delaware,945934,151,1,111499,1702
8/1/2021,Delaware,945934,121,1,111620,1703
8/2/2021,Delaware,945934,82,1,111702,1704
8/3/2021,Delaware,945934,117,1,111819,1705
8/4/2021,Delaware,945934,184,0,112003,1705
8/5/2021,Delaware,945934,219,1,112222,1706
8/6/2021,Delaware,945934,247,1,112469,1707
8/7/2021,Delaware,945934,216,2,112685,1709
8/8/2021,Delaware,945934,206,1,112891,1710
8/9/2021,Delaware,945934,129,0,113020,1710
8/10/2021,Delaware,945934,150,3,113170,1713
8/11/2021,Delaware,945934,328,0,113498,1713
8/12/2021,Delaware,945934,265,1,113763,1714
8/13/2021,Delaware,945934,352,0,114115,1714
8/14/2021,Delaware,945934,306,2,114421,1716
8/15/2021,Delaware,945934,287,0,114708,1716
8/16/2021,Delaware,945934,153,1,114861,1717
8/17/2021,Delaware,945934,332,4,115193,1721
8/18/2021,Delaware,945934,429,4,115622,1725
8/19/2021,Delaware,945934,395,1,116017,1726
8/20/2021,Delaware,945934,370,2,116387,1728
8/21/2021,Delaware,945934,305,4,116692,1732
8/22/2021,Delaware,945934,282,5,116974,1737
8/23/2021,Delaware,945934,196,4,117170,1741
8/24/2021,Delaware,945934,339,1,117509,1742
8/25/2021,Delaware,945934,425,3,117934,1745
8/26/2021,Delaware,945934,523,2,118457,1747
8/27/2021,Delaware,945934,397,0,118854,1747
8/28/2021,Delaware,945934,303,0,119157,1747
8/29/2021,Delaware,945934,392,2,119549,1749
8/30/2021,Delaware,945934,233,2,119782,1751
8/31/2021,Delaware,945934,332,2,120114,1753
9/1/2021,Delaware,945934,539,3,120653,1756
9/2/2021,Delaware,945934,545,1,121198,1757
9/3/2021,Delaware,945934,450,1,121648,1758
9/4/2021,Delaware,945934,378,5,122026,1763
9/5/2021,Delaware,945934,272,1,122298,1764
9/6/2021,Delaware,945934,362,1,122660,1765
9/7/2021,Delaware,945934,244,5,122904,1770
9/8/2021,Delaware,945934,352,4,123256,1774
9/9/2021,Delaware,945934,636,5,123892,1779
9/10/2021,Delaware,945934,623,3,124515,1782
9/11/2021,Delaware,945934,540,4,125055,1786
9/12/2021,Delaware,945934,439,5,125494,1791
9/13/2021,Delaware,945934,276,6,125770,1797
9/14/2021,Delaware,945934,246,4,126016,1801
9/15/2021,Delaware,945934,555,4,126571,1805
9/16/2021,Delaware,945934,613,9,127184,1814
9/17/2021,Delaware,945934,582,3,127766,1817
9/18/2021,Delaware,945934,458,4,128224,1821
9/19/2021,Delaware,945934,450,0,128674,1821
9/20/2021,Delaware,945934,277,8,128951,1829
9/21/2021,Delaware,945934,271,3,129222,1832
9/22/2021,Delaware,945934,630,3,129852,1835
9/23/2021,Delaware,945934,560,5,130412,1840
9/24/2021,Delaware,945934,600,4,131012,1844
9/25/2021,Delaware,945934,375,1,131387,1845
9/26/2021,Delaware,945934,400,2,131787,1847
9/27/2021,Delaware,945934,288,3,132075,1850
9/28/2021,Delaware,945934,292,3,132367,1853
9/29/2021,Delaware,945934,513,4,132880,1857
9/30/2021,Delaware,945934,636,4,133516,1861
10/1/2021,Delaware,945934,639,4,134155,1865
10/2/2021,Delaware,945934,407,1,134562,1866
10/3/2021,Delaware,945934,385,2,134947,1868
10/4/2021,Delaware,945934,271,4,135218,1872
10/5/2021,Delaware,945934,436,8,135654,1880
10/6/2021,Delaware,945934,472,3,136126,1883
10/7/2021,Delaware,945934,499,4,136625,1887
10/8/2021,Delaware,945934,611,5,137236,1892
10/9/2021,Delaware,945934,323,7,137559,1899
10/10/2021,Delaware,945934,365,1,137924,1900
10/11/2021,Delaware,945934,168,0,138092,1900
10/12/2021,Delaware,945934,309,1,138401,1901
10/13/2021,Delaware,945934,507,1,138908,1902
10/14/2021,Delaware,945934,454,6,139362,1908
10/15/2021,Delaware,945934,494,5,139856,1913
10/16/2021,Delaware,945934,247,1,140103,1914
10/17/2021,Delaware,945934,317,3,140420,1917
10/18/2021,Delaware,945934,198,7,140618,1924
10/19/2021,Delaware,945934,292,6,140910,1930
10/20/2021,Delaware,945934,380,1,141290,1931
10/21/2021,Delaware,945934,401,6,141691,1937
10/22/2021,Delaware,945934,341,2,142032,1939
10/23/2021,Delaware,945934,303,3,142335,1942
10/24/2021,Delaware,945934,252,2,142587,1944
10/25/2021,Delaware,945934,99,1,142686,1945
10/26/2021,Delaware,945934,254,2,142940,1947
10/27/2021,Delaware,945934,321,1,143261,1948
10/28/2021,Delaware,945934,287,2,143548,1950
10/29/2021,Delaware,945934,381,4,143929,1954
10/30/2021,Delaware,945934,254,3,144183,1957
10/31/2021,Delaware,945934,194,1,144377,1958
11/1/2021,Delaware,945934,91,3,144468,1961
11/2/2021,Delaware,945934,266,1,144734,1962
11/3/2021,Delaware,945934,274,4,145008,1966
11/4/2021,Delaware,945934,276,4,145284,1970
11/5/2021,Delaware,945934,286,3,145570,1973
11/6/2021,Delaware,945934,299,2,145869,1975
11/7/2021,Delaware,945934,229,1,146098,1976
11/8/2021,Delaware,945934,63,2,146161,1978
11/9/2021,Delaware,945934,267,3,146428,1981
11/10/2021,Delaware,945934,329,1,146757,1982
11/11/2021,Delaware,945934,408,1,147165,1983
11/12/2021,Delaware,945934,291,2,147456,1985
11/13/2021,Delaware,945934,371,0,147827,1985
11/14/2021,Delaware,945934,270,2,148097,1987
11/15/2021,Delaware,945934,148,0,148245,1987
11/16/2021,Delaware,945934,367,1,148612,1988
11/17/2021,Delaware,945934,409,2,149021,1990
11/18/2021,Delaware,945934,455,2,149476,1992
11/19/2021,Delaware,945934,466,3,149942,1995
11/20/2021,Delaware,945934,353,0,150295,1995
11/21/2021,Delaware,945934,294,2,150589,1997
11/22/2021,Delaware,945934,249,0,150838,1997
11/23/2021,Delaware,945934,291,1,151129,1998
11/24/2021,Delaware,945934,501,2,151630,2000
11/25/2021,Delaware,945934,514,4,152144,2004
11/26/2021,Delaware,945934,245,1,152389,2005
11/27/2021,Delaware,945934,282,0,152671,2005
11/28/2021,Delaware,945934,262,2,152933,2007
11/29/2021,Delaware,945934,282,0,153215,2007
11/30/2021,Delaware,945934,578,2,153793,2009
12/1/2021,Delaware,945934,639,3,154432,2012
12/2/2021,Delaware,945934,743,2,155175,2014
12/3/2021,Delaware,945934,764,1,155939,2015
12/4/2021,Delaware,945934,538,3,156477,2018
12/5/2021,Delaware,945934,445,2,156922,2020
12/6/2021,Delaware,945934,290,2,157212,2022
12/7/2021,Delaware,945934,582,1,157794,2023
12/8/2021,Delaware,945934,806,1,158600,2024
12/9/2021,Delaware,945934,849,4,158600,2210
12/10/2021,Delaware,945934,799,1,159399,2211
12/11/2021,Delaware,945934,725,7,160124,2218
12/12/2021,Delaware,945934,644,0,160768,2218
12/13/2021,Delaware,945934,591,0,161359,2218
12/14/2021,Delaware,945934,291,7,161650,2225
12/15/2021,Delaware,945934,681,5,162331,2230
12/16/2021,Delaware,945934,690,1,163021,2231
12/17/2021,Delaware,945934,1071,3,164092,2234
12/18/2021,Delaware,945934,831,8,164923,2242
12/19/2021,Delaware,945934,698,0,165621,2242
12/20/2021,Delaware,945934,671,0,166292,2242
12/21/2021,Delaware,945934,528,7,166820,2249
12/22/2021,Delaware,945934,673,0,167493,2249
12/23/2021,Delaware,945934,1138,6,168631,2255
12/24/2021,Delaware,945934,1378,16,170009,2271
12/25/2021,Delaware,945934,1554,0,171563,2271
12/26/2021,Delaware,945934,1264,0,172827,2271
12/27/2021,Delaware,945934,431,0,173258,2271
12/28/2021,Delaware,945934,566,5,173824,2276
12/29/2021,Delaware,945934,1085,7,174909,2283
12/30/2021,Delaware,945934,1954,3,176863,2286
12/31/2021,Delaware,945934,3503,0,180366,2286
1/1/2022,Delaware,945934,3514,0,183880,2286
1/2/2022,Delaware,945934,3116,0,186996,2286
1/3/2022,Delaware,945934,2386,0,189382,2286
1/4/2022,Delaware,945934,2267,0,191649,2286
1/5/2022,Delaware,945934,1319,0,192968,2286
1/6/2022,Delaware,945934,2632,0,195600,2286
1/7/2022,Delaware,945934,2907,44,198507,2330
1/8/2022,Delaware,945934,3729,35,202236,2365
1/9/2022,Delaware,945934,3404,0,205640,2365
1/10/2022,Delaware,945934,2700,0,208340,2365
1/11/2022,Delaware,945934,2097,8,210437,2373
1/12/2022,Delaware,945934,3556,4,213993,2377
1/13/2022,Delaware,945934,4493,3,218486,2380
1/14/2022,Delaware,945934,3325,16,221811,2396
1/15/2022,Delaware,945934,3283,28,225094,2424
1/16/2022,Delaware,945934,2500,0,227594,2424
1/17/2022,Delaware,945934,2165,0,229759,2424
1/18/2022,Delaware,945934,1117,0,230876,2424
1/19/2022,Delaware,945934,1256,16,232132,2440
1/20/2022,Delaware,945934,1711,10,233843,2450
1/21/2022,Delaware,945934,2179,7,236022,2457
1/22/2022,Delaware,945934,2479,23,238501,2480
1/23/2022,Delaware,945934,1678,0,240179,2480
1/24/2022,Delaware,945934,1188,0,241367,2480
1/25/2022,Delaware,945934,957,9,242324,2489
1/26/2022,Delaware,945934,878,4,243202,2493
1/27/2022,Delaware,945934,1528,1,244730,2494
1/28/2022,Delaware,945934,1307,4,246037,2498
1/29/2022,Delaware,945934,922,33,246959,2531
1/30/2022,Delaware,945934,679,0,247638,2531
1/31/2022,Delaware,945934,473,0,248111,2531
2/1/2022,Delaware,945934,336,13,248447,2544
2/2/2022,Delaware,945934,463,8,248910,2552
2/3/2022,Delaware,945934,806,3,249716,2555
2/4/2022,Delaware,945934,595,8,250311,2563
2/5/2022,Delaware,945934,445,13,250756,2576
2/6/2022,Delaware,945934,436,0,251192,2576
2/7/2022,Delaware,945934,275,0,251467,2576
2/8/2022,Delaware,945934,202,17,251669,2593
7/1/2021,Florida,20271272,2432,36,2331916,37913
7/2/2021,Florida,20271272,5697,72,2337613,37985
7/3/2021,Florida,20271272,0,0,2337613,37985
7/4/2021,Florida,20271272,0,0,2337613,37985
7/5/2021,Florida,20271272,0,0,2337613,37985
7/6/2021,Florida,20271272,0,0,2337613,37985
7/7/2021,Florida,20271272,9206,0,2346819,37985
7/8/2021,Florida,20271272,3911,112,2350730,38097
7/9/2021,Florida,20271272,10630,60,2361360,38157
7/10/2021,Florida,20271272,0,0,2361360,38157
7/11/2021,Florida,20271272,0,0,2361360,38157
7/12/2021,Florida,20271272,0,0,2361360,38157
7/13/2021,Florida,20271272,15283,54,2376643,38211
7/14/2021,Florida,20271272,6425,71,2383068,38282
7/15/2021,Florida,20271272,7011,45,2390079,38327
7/16/2021,Florida,20271272,16730,61,2406809,38388
7/17/2021,Florida,20271272,0,7,2406809,38395
7/18/2021,Florida,20271272,0,0,2406809,38395
7/19/2021,Florida,20271272,0,0,2406809,38395
7/20/2021,Florida,20271272,24017,27,2430826,38422
7/21/2021,Florida,20271272,8988,58,2439814,38480
7/22/2021,Florida,20271272,12647,86,2452461,38566
7/23/2021,Florida,20271272,27514,104,2479975,38670
7/24/2021,Florida,20271272,0,0,2479975,38670
7/25/2021,Florida,20271272,0,0,2479975,38670
7/26/2021,Florida,20271272,0,0,2479975,38670
7/27/2021,Florida,20271272,38321,78,2518296,38748
7/28/2021,Florida,20271272,16038,92,2534334,38840
7/29/2021,Florida,20271272,17589,56,2551923,38896
7/30/2021,Florida,20271272,38776,183,2590699,39079
7/31/2021,Florida,20271272,0,0,2590699,39079
8/1/2021,Florida,20271272,0,0,2590699,39079
8/2/2021,Florida,20271272,0,0,2590699,39079
8/3/2021,Florida,20271272,50997,100,2641696,39179
8/4/2021,Florida,20271272,16935,140,2658631,39319
8/5/2021,Florida,20271272,20133,84,2678764,39403
8/6/2021,Florida,20271272,46686,292,2725450,39695
8/7/2021,Florida,20271272,0,0,2725450,39695
8/8/2021,Florida,20271272,0,0,2725450,39695
8/9/2021,Florida,20271272,0,239,2725450,39934
8/10/2021,Florida,20271272,56610,233,2782060,40167
8/11/2021,Florida,20271272,24753,4,2806813,40171
8/12/2021,Florida,20271272,20656,357,2827469,40528
8/13/2021,Florida,20271272,49745,238,2877214,40766
8/14/2021,Florida,20271272,179,0,2877393,40766
8/15/2021,Florida,20271272,0,0,2877393,40766
8/16/2021,Florida,20271272,56036,357,2933429,41123
8/17/2021,Florida,20271272,21669,7,2955098,41130
8/18/2021,Florida,20271272,23335,8,2978433,41138
8/19/2021,Florida,20271272,15586,799,2994019,41937
8/20/2021,Florida,20271272,33935,315,3027954,42252
8/21/2021,Florida,20271272,12636,0,3040590,42252
8/22/2021,Florida,20271272,0,0,3040590,42252
8/23/2021,Florida,20271272,42143,464,3082733,42716
8/24/2021,Florida,20271272,21208,6,3103941,42722
8/25/2021,Florida,20271272,26203,9,3130144,42731
8/26/2021,Florida,20271272,21765,901,3151909,43632
8/27/2021,Florida,20271272,27805,347,3179714,43979
8/28/2021,Florida,20271272,20968,0,3200682,43979
8/29/2021,Florida,20271272,0,0,3200682,43979
8/30/2021,Florida,20271272,31164,574,3231846,44553
8/31/2021,Florida,20271272,18608,8,3250454,44561
9/1/2021,Florida,20271272,19048,10,3269502,44571
9/2/2021,Florida,20271272,21723,1338,3291225,45909
9/3/2021,Florida,20271272,17691,415,3308916,46324
9/4/2021,Florida,20271272,0,0,3308916,46324
9/5/2021,Florida,20271272,0,0,3308916,46324
9/6/2021,Florida,20271272,0,0,3308916,46324
9/7/2021,Florida,20271272,56082,649,3364998,46973
9/8/2021,Florida,20271272,13774,4,3378772,46977
9/9/2021,Florida,20271272,12386,1296,3391158,48273
9/10/2021,Florida,20271272,18007,499,3409165,48772
9/11/2021,Florida,20271272,8995,0,3418160,48772
9/12/2021,Florida,20271272,0,0,3418160,48772
9/13/2021,Florida,20271272,23930,0,3442090,48772
9/14/2021,Florida,20271272,11300,482,3453390,49254
9/15/2021,Florida,20271272,10723,3,3464113,49257
9/16/2021,Florida,20271272,9760,1554,3473873,50811
9/17/2021,Florida,20271272,11290,429,3485163,51240
9/18/2021,Florida,20271272,9791,0,3494954,51240
9/19/2021,Florida,20271272,0,0,3494954,51240
9/20/2021,Florida,20271272,9022,644,3503976,51884
9/21/2021,Florida,20271272,13201,5,3517177,51889
9/22/2021,Florida,20271272,10073,3,3527250,51892
9/23/2021,Florida,20271272,4215,1213,3531465,53105
9/24/2021,Florida,20271272,7807,475,3539272,53580
9/25/2021,Florida,20271272,7020,0,3546292,53580
9/26/2021,Florida,20271272,0,0,3546292,53580
9/27/2021,Florida,20271272,8804,483,3555096,54063
9/28/2021,Florida,20271272,5056,4,3560152,54067
9/29/2021,Florida,20271272,5819,4,3565971,54071
9/30/2021,Florida,20271272,4781,938,3570752,55009
10/1/2021,Florida,20271272,5829,290,3576581,55299
10/2/2021,Florida,20271272,4446,0,3581027,55299
10/3/2021,Florida,20271272,0,1,3581027,55300
10/4/2021,Florida,20271272,5775,319,3586802,55619
10/5/2021,Florida,20271272,3598,3,3590400,55622
10/6/2021,Florida,20271272,3782,3,3594182,55625
10/7/2021,Florida,20271272,3549,782,3597731,56407
10/8/2021,Florida,20271272,4024,260,3601755,56667
10/9/2021,Florida,20271272,3091,0,3604846,56667
10/10/2021,Florida,20271272,0,0,3604846,56667
10/11/2021,Florida,20271272,0,0,3604846,56667
10/12/2021,Florida,20271272,6921,633,3611767,57300
10/13/2021,Florida,20271272,2505,3,3614272,57303
10/14/2021,Florida,20271272,3377,408,3617649,57711
10/15/2021,Florida,20271272,2913,148,3620562,57859
10/16/2021,Florida,20271272,2484,0,3623046,57859
10/17/2021,Florida,20271272,0,0,3623046,57859
10/18/2021,Florida,20271272,3096,283,3626142,58142
10/19/2021,Florida,20271272,2122,1,3628264,58143
10/20/2021,Florida,20271272,2571,0,3630835,58143
10/21/2021,Florida,20271272,2262,465,3633097,58608
10/22/2021,Florida,20271272,2029,195,3635126,58803
10/23/2021,Florida,20271272,0,0,3635126,58803
10/24/2021,Florida,20271272,0,0,3635126,58803
10/25/2021,Florida,20271272,4154,130,3639280,58933
10/26/2021,Florida,20271272,2024,0,3641304,58933
10/27/2021,Florida,20271272,1887,0,3643191,58933
10/28/2021,Florida,20271272,2021,562,3645212,59495
10/29/2021,Florida,20271272,2065,175,3647277,59670
10/30/2021,Florida,20271272,1666,0,3648943,59670
10/31/2021,Florida,20271272,0,0,3648943,59670
11/1/2021,Florida,20271272,1694,0,3650637,59670
11/2/2021,Florida,20271272,2000,0,3652637,59670
11/3/2021,Florida,20271272,1804,0,3654441,59670
11/4/2021,Florida,20271272,1569,0,3656010,59670
11/5/2021,Florida,20271272,1765,664,3657775,60334
11/6/2021,Florida,20271272,1480,0,3659255,60334
11/7/2021,Florida,20271272,0,0,3659255,60334
11/8/2021,Florida,20271272,1927,84,3661182,60418
11/9/2021,Florida,20271272,1775,0,3662957,60418
11/10/2021,Florida,20271272,1446,0,3664403,60418
11/11/2021,Florida,20271272,0,0,3664403,60418
11/12/2021,Florida,20271272,3674,279,3668077,60697
11/13/2021,Florida,20271272,1412,1,3669489,60698
11/14/2021,Florida,20271272,0,0,3669489,60698
11/15/2021,Florida,20271272,1992,147,3671481,60845
11/16/2021,Florida,20271272,1552,1,3673033,60846
11/17/2021,Florida,20271272,1548,0,3674581,60846
11/18/2021,Florida,20271272,2053,0,3676634,60846
11/19/2021,Florida,20271272,1334,235,3677968,61081
11/20/2021,Florida,20271272,1580,0,3679548,61081
11/21/2021,Florida,20271272,0,0,3679548,61081
11/22/2021,Florida,20271272,1656,66,3681204,61147
11/23/2021,Florida,20271272,1605,0,3682809,61147
11/24/2021,Florida,20271272,1523,0,3684332,61147
11/25/2021,Florida,20271272,0,0,3684332,61147
11/26/2021,Florida,20271272,0,0,3684332,61147
11/27/2021,Florida,20271272,0,0,3684332,61147
11/28/2021,Florida,20271272,667,0,3684999,61147
11/29/2021,Florida,20271272,4789,391,3689788,61538
11/30/2021,Florida,20271272,1632,10,3691420,61548
12/1/2021,Florida,20271272,2096,0,3693516,61548
12/2/2021,Florida,20271272,2125,82,3695641,61630
12/3/2021,Florida,20271272,1983,71,3697624,61701
12/4/2021,Florida,20271272,2000,0,3699624,61701
12/5/2021,Florida,20271272,0,0,3699624,61701
12/6/2021,Florida,20271272,2714,88,3702338,61789
12/7/2021,Florida,20271272,1675,0,3704013,61789
12/8/2021,Florida,20271272,1886,0,3705899,61789
12/9/2021,Florida,20271272,2305,218,3708204,62007
12/10/2021,Florida,20271272,2420,19,3710624,62026
12/11/2021,Florida,20271272,2590,0,3713214,62026
12/12/2021,Florida,20271272,0,0,3713214,62026
12/13/2021,Florida,20271272,3865,47,3717079,62073
12/14/2021,Florida,20271272,3067,0,3720146,62073
12/15/2021,Florida,20271272,4127,1,3724273,62074
12/16/2021,Florida,20271272,6381,117,3730654,62191
12/17/2021,Florida,20271272,8785,29,3739439,62220
12/18/2021,Florida,20271272,8709,0,3748148,62220
12/19/2021,Florida,20271272,0,0,3748148,62220
12/20/2021,Florida,20271272,18404,44,3766552,62264
12/21/2021,Florida,20271272,12915,0,3779467,62264
12/22/2021,Florida,20271272,20194,0,3799661,62264
12/23/2021,Florida,20271272,32869,83,3832530,62347
12/24/2021,Florida,20271272,31683,0,3864213,62347
12/25/2021,Florida,20271272,0,0,3864213,62347
12/26/2021,Florida,20271272,0,0,3864213,62347
12/27/2021,Florida,20271272,71957,42,3936170,62389
12/28/2021,Florida,20271272,29059,1,3965229,62390
12/29/2021,Florida,20271272,46923,0,4012152,62390
12/30/2021,Florida,20271272,77848,90,4090000,62480
12/31/2021,Florida,20271272,76392,24,4166392,62504
1/1/2022,Florida,20271272,0,0,4166392,62504
1/2/2022,Florida,20271272,0,0,4166392,62504
1/3/2022,Florida,20271272,0,0,4166392,62504
1/4/2022,Florida,20271272,193786,37,4360178,62541
1/5/2022,Florida,20271272,59487,1,4419665,62542
1/6/2022,Florida,20271272,66611,80,4486276,62622
1/7/2022,Florida,20271272,76887,66,4563163,62688
1/8/2022,Florida,20271272,69914,0,4633077,62688
1/9/2022,Florida,20271272,0,0,4633077,62688
1/10/2022,Florida,20271272,125996,122,4759073,62810
1/11/2022,Florida,20271272,47709,3,4806782,62813
1/12/2022,Florida,20271272,71742,6,4878524,62819
1/13/2022,Florida,20271272,54994,262,4933518,63081
1/14/2022,Florida,20271272,59061,77,4992579,63158
1/15/2022,Florida,20271272,49339,0,5041918,63158
1/16/2022,Florida,20271272,0,0,5041918,63158
1/17/2022,Florida,20271272,0,0,5041918,63158
1/18/2022,Florida,20271272,111621,297,5153539,63455
1/19/2022,Florida,20271272,43179,3,5196718,63458
1/20/2022,Florida,20271272,45668,111,5242386,63569
1/21/2022,Florida,20271272,38614,194,5281000,63763
1/22/2022,Florida,20271272,22818,0,5303818,63763
1/23/2022,Florida,20271272,0,0,5303818,63763
1/24/2022,Florida,20271272,44010,239,5347828,64002
1/25/2022,Florida,20271272,35266,3,5383094,64005
1/26/2022,Florida,20271272,37661,2,5420755,64007
1/27/2022,Florida,20271272,27533,628,5448288,64635
1/28/2022,Florida,20271272,30606,320,5478894,64955
1/29/2022,Florida,20271272,22705,0,5501599,64955
1/30/2022,Florida,20271272,0,0,5501599,64955
1/31/2022,Florida,20271272,34204,310,5535803,65265
2/1/2022,Florida,20271272,20071,6,5555874,65271
2/2/2022,Florida,20271272,16883,2,5572757,65273
2/3/2022,Florida,20271272,17612,720,5590369,65993
2/4/2022,Florida,20271272,20095,286,5610464,66279
2/5/2022,Florida,20271272,19138,0,5629602,66279
2/6/2022,Florida,20271272,0,0,5629602,66279
2/7/2022,Florida,20271272,51356,184,5680958,66463
2/8/2022,Florida,20271272,19306,2,5700264,66465
7/1/2021,Georgia,10214860,512,5,1110606,20734
7/2/2021,Georgia,10214860,426,14,1111032,20748
7/3/2021,Georgia,10214860,0,0,1111032,20748
7/4/2021,Georgia,10214860,0,0,1111032,20748
7/5/2021,Georgia,10214860,0,0,1111032,20748
7/6/2021,Georgia,10214860,1307,13,1112339,20761
7/7/2021,Georgia,10214860,648,10,1112987,20771
7/8/2021,Georgia,10214860,924,3,1113911,20774
7/9/2021,Georgia,10214860,878,17,1114789,20791
7/10/2021,Georgia,10214860,0,0,1114789,20791
7/11/2021,Georgia,10214860,0,0,1114789,20791
7/12/2021,Georgia,10214860,1681,13,1116470,20804
7/13/2021,Georgia,10214860,1064,26,1117534,20830
7/14/2021,Georgia,10214860,1240,2,1118774,20832
7/15/2021,Georgia,10214860,1311,19,1120085,20851
7/16/2021,Georgia,10214860,1047,11,1121132,20862
7/17/2021,Georgia,10214860,0,0,1121132,20862
7/18/2021,Georgia,10214860,0,0,1121132,20862
7/19/2021,Georgia,10214860,3218,6,1124350,20868
7/20/2021,Georgia,10214860,1520,7,1125870,20875
7/21/2021,Georgia,10214860,2160,22,1128030,20897
7/22/2021,Georgia,10214860,2077,12,1130107,20909
7/23/2021,Georgia,10214860,2419,8,1132526,20917
7/24/2021,Georgia,10214860,0,0,1132526,20917
7/25/2021,Georgia,10214860,0,0,1132526,20917
7/26/2021,Georgia,10214860,5840,14,1138366,20931
7/27/2021,Georgia,10214860,3511,15,1141877,20946
7/28/2021,Georgia,10214860,3713,10,1145590,20956
7/29/2021,Georgia,10214860,4416,11,1150006,20967
7/30/2021,Georgia,10214860,3488,11,1153494,20978
7/31/2021,Georgia,10214860,0,0,1153494,20978
8/1/2021,Georgia,10214860,0,0,1153494,20978
8/2/2021,Georgia,10214860,5896,20,1159390,20998
8/3/2021,Georgia,10214860,8817,24,1168207,21022
8/4/2021,Georgia,10214860,4780,11,1172987,21033
8/5/2021,Georgia,10214860,5747,30,1178734,21063
8/6/2021,Georgia,10214860,5880,32,1184614,21095
8/7/2021,Georgia,10214860,0,0,1184614,21095
8/8/2021,Georgia,10214860,0,0,1184614,21095
8/9/2021,Georgia,10214860,12737,28,1197351,21123
8/10/2021,Georgia,10214860,6743,31,1204094,21154
8/11/2021,Georgia,10214860,6770,29,1210864,21183
8/12/2021,Georgia,10214860,6855,36,1217719,21219
8/13/2021,Georgia,10214860,7107,47,1224826,21266
8/14/2021,Georgia,10214860,0,0,1224826,21266
8/15/2021,Georgia,10214860,0,0,1224826,21266
8/16/2021,Georgia,10214860,19069,33,1243895,21299
8/17/2021,Georgia,10214860,7464,44,1251359,21343
8/18/2021,Georgia,10214860,7837,41,1259196,21384
8/19/2021,Georgia,10214860,9580,47,1268776,21431
8/20/2021,Georgia,10214860,9222,47,1277998,21478
8/21/2021,Georgia,10214860,0,0,1277998,21478
8/22/2021,Georgia,10214860,0,0,1277998,21478
8/23/2021,Georgia,10214860,20895,65,1298893,21543
8/24/2021,Georgia,10214860,9007,45,1307900,21588
8/25/2021,Georgia,10214860,10292,88,1318192,21676
8/26/2021,Georgia,10214860,10521,91,1328713,21767
8/27/2021,Georgia,10214860,10824,59,1339537,21826
8/28/2021,Georgia,10214860,0,0,1339537,21826
8/29/2021,Georgia,10214860,0,0,1339537,21826
8/30/2021,Georgia,10214860,22330,85,1361867,21911
8/31/2021,Georgia,10214860,10738,96,1372605,22007
9/1/2021,Georgia,10214860,9399,125,1382004,22132
9/2/2021,Georgia,10214860,8150,131,1390154,22263
9/3/2021,Georgia,10214860,11711,110,1401865,22373
9/4/2021,Georgia,10214860,0,0,1401865,22373
9/5/2021,Georgia,10214860,0,0,1401865,22373
9/6/2021,Georgia,10214860,0,0,1401865,22373
9/7/2021,Georgia,10214860,25870,217,1427735,22590
9/8/2021,Georgia,10214860,8437,49,1436172,22639
9/9/2021,Georgia,10214860,7392,181,1443564,22820
9/10/2021,Georgia,10214860,8167,148,1451731,22968
9/11/2021,Georgia,10214860,0,0,1451731,22968
9/12/2021,Georgia,10214860,0,0,1451731,22968
9/13/2021,Georgia,10214860,15746,153,1467477,23121
9/14/2021,Georgia,10214860,7095,121,1474572,23242
9/15/2021,Georgia,10214860,6002,225,1480574,23467
9/16/2021,Georgia,10214860,5711,190,1486285,23657
9/17/2021,Georgia,10214860,5553,110,1491838,23767
9/18/2021,Georgia,10214860,0,0,1491838,23767
9/19/2021,Georgia,10214860,0,0,1491838,23767
9/20/2021,Georgia,10214860,11512,180,1503350,23947
9/21/2021,Georgia,10214860,7093,167,1510443,24114
9/22/2021,Georgia,10214860,4633,184,1515076,24298
9/23/2021,Georgia,10214860,4435,200,1519511,24498
9/24/2021,Georgia,10214860,4252,134,1523763,24632
9/25/2021,Georgia,10214860,0,0,1523763,24632
9/26/2021,Georgia,10214860,0,0,1523763,24632
9/27/2021,Georgia,10214860,8248,134,1532011,24766
9/28/2021,Georgia,10214860,3735,136,1535746,24902
9/29/2021,Georgia,10214860,4141,174,1539887,25076
9/30/2021,Georgia,10214860,4494,148,1544381,25224
10/1/2021,Georgia,10214860,3277,147,1547658,25371
10/2/2021,Georgia,10214860,0,0,1547658,25371
10/3/2021,Georgia,10214860,0,0,1547658,25371
10/4/2021,Georgia,10214860,7186,188,1554844,25559
10/5/2021,Georgia,10214860,2831,173,1557675,25732
10/6/2021,Georgia,10214860,1070,186,1558745,25918
10/7/2021,Georgia,10214860,5653,178,1564398,26096
10/8/2021,Georgia,10214860,3200,119,1567598,26215
10/9/2021,Georgia,10214860,0,0,1567598,26215
10/10/2021,Georgia,10214860,0,0,1567598,26215
10/11/2021,Georgia,10214860,0,0,1567598,26215
10/12/2021,Georgia,10214860,6184,183,1573782,26398
10/13/2021,Georgia,10214860,1988,85,1575770,26483
10/14/2021,Georgia,10214860,2046,131,1577816,26614
10/15/2021,Georgia,10214860,1846,197,1579662,26811
10/16/2021,Georgia,10214860,0,0,1579662,26811
10/17/2021,Georgia,10214860,0,0,1579662,26811
10/18/2021,Georgia,10214860,3321,161,1582983,26972
10/19/2021,Georgia,10214860,1630,132,1584613,27104
10/20/2021,Georgia,10214860,1771,151,1586384,27255
10/21/2021,Georgia,10214860,1481,101,1587865,27356
10/22/2021,Georgia,10214860,1612,157,1589477,27513
10/23/2021,Georgia,10214860,0,0,1589477,27513
10/24/2021,Georgia,10214860,0,0,1589477,27513
10/25/2021,Georgia,10214860,2690,118,1592167,27631
10/26/2021,Georgia,10214860,1156,94,1593323,27725
10/27/2021,Georgia,10214860,1971,105,1595294,27830
10/28/2021,Georgia,10214860,1525,86,1596819,27916
10/29/2021,Georgia,10214860,1202,122,1598021,28038
10/30/2021,Georgia,10214860,0,0,1598021,28038
10/31/2021,Georgia,10214860,0,0,1598021,28038
11/1/2021,Georgia,10214860,2572,104,1600593,28142
11/2/2021,Georgia,10214860,1246,63,1601839,28205
11/3/2021,Georgia,10214860,1310,62,1603149,28267
11/4/2021,Georgia,10214860,1390,78,1604539,28345
11/5/2021,Georgia,10214860,1213,85,1605752,28430
11/6/2021,Georgia,10214860,0,0,1605752,28430
11/7/2021,Georgia,10214860,0,0,1605752,28430
11/8/2021,Georgia,10214860,107,0,1605859,28430
11/9/2021,Georgia,10214860,3130,150,1608989,28580
11/10/2021,Georgia,10214860,1193,98,1610182,28678
11/11/2021,Georgia,10214860,0,0,1610182,28678
11/12/2021,Georgia,10214860,2494,104,1612676,28782
11/13/2021,Georgia,10214860,0,0,1612676,28782
11/14/2021,Georgia,10214860,0,0,1612676,28782
11/15/2021,Georgia,10214860,2341,9,1615017,28791
11/16/2021,Georgia,10214860,1279,27,1616296,28818
11/17/2021,Georgia,10214860,1219,117,1617515,28935
11/18/2021,Georgia,10214860,1294,63,1618809,28998
11/19/2021,Georgia,10214860,1376,59,1620185,29057
11/20/2021,Georgia,10214860,0,0,1620185,29057
11/21/2021,Georgia,10214860,0,0,1620185,29057
11/22/2021,Georgia,10214860,2341,66,1622526,29123
11/23/2021,Georgia,10214860,1345,58,1623871,29181
11/24/2021,Georgia,10214860,1093,57,1624964,29238
11/25/2021,Georgia,10214860,0,0,1624964,29238
11/26/2021,Georgia,10214860,0,0,1624964,29238
11/27/2021,Georgia,10214860,0,0,1624964,29238
11/28/2021,Georgia,10214860,0,0,1624964,29238
11/29/2021,Georgia,10214860,3636,112,1628600,29350
11/30/2021,Georgia,10214860,1389,37,1629989,29387
12/1/2021,Georgia,10214860,1753,59,1631742,29446
12/2/2021,Georgia,10214860,1594,48,1633336,29494
12/3/2021,Georgia,10214860,1323,43,1634659,29537
12/4/2021,Georgia,10214860,0,0,1634659,29537
12/5/2021,Georgia,10214860,0,0,1634659,29537
12/6/2021,Georgia,10214860,3080,34,1637739,29571
12/7/2021,Georgia,10214860,1329,33,1639068,29604
12/8/2021,Georgia,10214860,2417,30,1641485,29634
12/9/2021,Georgia,10214860,1390,41,1642875,29675
12/10/2021,Georgia,10214860,1989,25,1644864,29700
12/11/2021,Georgia,10214860,0,0,1644864,29700
12/12/2021,Georgia,10214860,0,0,1644864,29700
12/13/2021,Georgia,10214860,3095,35,1647959,29735
12/14/2021,Georgia,10214860,1730,20,1649689,29755
12/15/2021,Georgia,10214860,2553,18,1652242,29773
12/16/2021,Georgia,10214860,2376,10,1654618,29783
12/17/2021,Georgia,10214860,2732,79,1657350,29862
12/18/2021,Georgia,10214860,0,0,1657350,29862
12/19/2021,Georgia,10214860,0,0,1657350,29862
12/20/2021,Georgia,10214860,8748,43,1666098,29905
12/21/2021,Georgia,10214860,5308,38,1671406,29943
12/22/2021,Georgia,10214860,7510,42,1678916,29985
12/23/2021,Georgia,10214860,9877,39,1688793,30024
12/24/2021,Georgia,10214860,9306,37,1698099,30061
12/25/2021,Georgia,10214860,0,0,1698099,30061
12/26/2021,Georgia,10214860,0,0,1698099,30061
12/27/2021,Georgia,10214860,24911,36,1723010,30097
12/28/2021,Georgia,10214860,12225,47,1735235,30144
12/29/2021,Georgia,10214860,17875,55,1753110,30199
12/30/2021,Georgia,10214860,23251,61,1776361,30260
12/31/2021,Georgia,10214860,22136,23,1798497,30283
1/1/2022,Georgia,10214860,0,0,1798497,30283
1/2/2022,Georgia,10214860,0,0,1798497,30283
1/3/2022,Georgia,10214860,0,0,1798497,30283
1/4/2022,Georgia,10214860,62186,49,1860683,30332
1/5/2022,Georgia,10214860,22445,21,1883128,30353
1/6/2022,Georgia,10214860,13159,64,1896287,30417
1/7/2022,Georgia,10214860,28856,61,1925143,30478
1/8/2022,Georgia,10214860,0,0,1925143,30478
1/9/2022,Georgia,10214860,0,0,1925143,30478
1/10/2022,Georgia,10214860,49835,28,1974978,30506
1/11/2022,Georgia,10214860,24117,45,1999095,30551
1/12/2022,Georgia,10214860,18425,52,2017520,30603
1/13/2022,Georgia,10214860,22738,70,2040258,30673
1/14/2022,Georgia,10214860,19188,50,2059446,30723
1/15/2022,Georgia,10214860,0,0,2059446,30723
1/16/2022,Georgia,10214860,0,0,2059446,30723
1/17/2022,Georgia,10214860,34021,68,2093467,30791
1/18/2022,Georgia,10214860,11787,31,2105254,30822
1/19/2022,Georgia,10214860,26348,37,2131602,30859
1/20/2022,Georgia,10214860,21389,123,2152991,30982
1/21/2022,Georgia,10214860,18172,84,2171163,31066
1/22/2022,Georgia,10214860,0,0,2171163,31066
1/23/2022,Georgia,10214860,0,0,2171163,31066
1/24/2022,Georgia,10214860,39062,91,2210225,31157
1/25/2022,Georgia,10214860,15968,89,2226193,31246
1/26/2022,Georgia,10214860,16877,108,2243070,31354
1/27/2022,Georgia,10214860,19849,103,2262919,31457
1/28/2022,Georgia,10214860,18451,138,2281370,31595
1/29/2022,Georgia,10214860,0,0,2281370,31595
1/30/2022,Georgia,10214860,0,0,2281370,31595
1/31/2022,Georgia,10214860,20794,102,2302164,31697
2/1/2022,Georgia,10214860,7890,77,2310054,31774
2/2/2022,Georgia,10214860,7815,106,2317869,31880
2/3/2022,Georgia,10214860,7789,122,2325658,32002
2/4/2022,Georgia,10214860,8634,107,2334292,32109
2/5/2022,Georgia,10214860,0,0,2334292,32109
2/6/2022,Georgia,10214860,0,0,2334292,32109
2/7/2022,Georgia,10214860,11620,138,2345912,32247
2/8/2022,Georgia,10214860,4236,116,2350148,32363
7/1/2021,Guam,161785,9,0,9335,141
7/2/2021,Guam,161785,7,0,9342,141
7/3/2021,Guam,161785,0,0,9342,141
7/4/2021,Guam,161785,0,0,9342,141
7/5/2021,Guam,161785,0,0,9342,141
7/6/2021,Guam,161785,21,0,9363,141
7/7/2021,Guam,161785,14,0,9377,141
7/8/2021,Guam,161785,15,0,9392,141
7/9/2021,Guam,161785,8,1,9400,142
7/10/2021,Guam,161785,0,0,9400,142
7/11/2021,Guam,161785,0,0,9400,142
7/12/2021,Guam,161785,23,0,9423,142
7/13/2021,Guam,161785,13,1,9436,143
7/14/2021,Guam,161785,4,0,9440,143
7/15/2021,Guam,161785,2,0,9442,143
7/16/2021,Guam,161785,4,0,9446,143
7/17/2021,Guam,161785,0,0,9446,143
7/18/2021,Guam,161785,0,0,9446,143
7/19/2021,Guam,161785,1,1,9447,144
7/20/2021,Guam,161785,8,0,9455,144
7/21/2021,Guam,161785,0,0,9455,144
7/22/2021,Guam,161785,14,0,9469,144
7/23/2021,Guam,161785,1,0,9470,144
7/24/2021,Guam,161785,0,0,9470,144
7/25/2021,Guam,161785,0,0,9470,144
7/26/2021,Guam,161785,5,0,9475,144
7/27/2021,Guam,161785,8,0,9483,144
7/28/2021,Guam,161785,8,0,9491,144
7/29/2021,Guam,161785,7,0,9498,144
7/30/2021,Guam,161785,12,0,9510,144
7/31/2021,Guam,161785,0,0,9510,144
8/1/2021,Guam,161785,0,0,9510,144
8/2/2021,Guam,161785,23,0,9533,144
8/3/2021,Guam,161785,29,0,9562,144
8/4/2021,Guam,161785,30,0,9592,144
8/5/2021,Guam,161785,29,0,9621,144
8/6/2021,Guam,161785,21,0,9642,144
8/7/2021,Guam,161785,0,0,9642,144
8/8/2021,Guam,161785,0,0,9642,144
8/9/2021,Guam,161785,52,0,9694,144
8/10/2021,Guam,161785,44,0,9738,144
8/11/2021,Guam,161785,48,0,9786,144
8/12/2021,Guam,161785,48,0,9834,144
8/13/2021,Guam,161785,46,0,9880,144
8/14/2021,Guam,161785,0,0,9880,144
8/15/2021,Guam,161785,0,0,9880,144
8/16/2021,Guam,161785,107,0,9987,144
8/17/2021,Guam,161785,63,1,10050,145
8/18/2021,Guam,161785,37,0,10087,145
8/19/2021,Guam,161785,82,0,10169,145
8/20/2021,Guam,161785,98,0,10267,145
8/21/2021,Guam,161785,45,0,10312,145
8/22/2021,Guam,161785,0,0,10312,145
8/23/2021,Guam,161785,143,1,10455,146
8/24/2021,Guam,161785,126,0,10581,146
8/25/2021,Guam,161785,147,0,10728,146
8/26/2021,Guam,161785,108,0,10836,146
8/27/2021,Guam,161785,179,0,11015,146
8/28/2021,Guam,161785,0,0,11015,146
8/29/2021,Guam,161785,0,0,11015,146
8/30/2021,Guam,161785,307,0,11322,146
8/31/2021,Guam,161785,206,4,11528,150
9/1/2021,Guam,161785,181,1,11709,151
9/2/2021,Guam,161785,169,0,11878,151
9/3/2021,Guam,161785,197,1,12075,152
9/4/2021,Guam,161785,93,0,12168,152
9/5/2021,Guam,161785,0,0,12168,152
9/6/2021,Guam,161785,94,0,12262,152
9/7/2021,Guam,161785,201,2,12463,154
9/8/2021,Guam,161785,325,1,12788,155
9/9/2021,Guam,161785,0,0,12788,155
9/10/2021,Guam,161785,408,5,13196,160
9/11/2021,Guam,161785,0,0,13196,160
9/12/2021,Guam,161785,152,0,13348,160
9/13/2021,Guam,161785,174,9,13522,169
9/14/2021,Guam,161785,219,2,13741,171
9/15/2021,Guam,161785,0,0,13741,171
9/16/2021,Guam,161785,0,0,13741,171
9/17/2021,Guam,161785,577,9,14318,180
9/18/2021,Guam,161785,0,0,14318,180
9/19/2021,Guam,161785,0,0,14318,180
9/20/2021,Guam,161785,311,2,14629,182
9/21/2021,Guam,161785,199,0,14828,182
9/22/2021,Guam,161785,0,0,14828,182
9/23/2021,Guam,161785,239,3,15067,185
9/24/2021,Guam,161785,150,0,15217,185
9/25/2021,Guam,161785,0,0,15217,185
9/26/2021,Guam,161785,0,0,15217,185
9/27/2021,Guam,161785,288,8,15505,193
9/28/2021,Guam,161785,0,0,15505,193
9/29/2021,Guam,161785,0,0,15505,193
9/30/2021,Guam,161785,505,5,16010,198
10/1/2021,Guam,161785,127,1,16137,199
10/2/2021,Guam,161785,0,0,16137,199
10/3/2021,Guam,161785,0,0,16137,199
10/4/2021,Guam,161785,297,6,16434,205
10/5/2021,Guam,161785,0,0,16434,205
10/6/2021,Guam,161785,324,6,16758,211
10/7/2021,Guam,161785,138,0,16896,211
10/8/2021,Guam,161785,131,2,17027,213
10/9/2021,Guam,161785,0,0,17027,213
10/10/2021,Guam,161785,0,0,17027,213
10/11/2021,Guam,161785,218,2,17245,215
10/12/2021,Guam,161785,185,3,17430,218
10/13/2021,Guam,161785,134,2,17564,220
10/14/2021,Guam,161785,95,3,17659,223
10/15/2021,Guam,161785,105,0,17764,223
10/16/2021,Guam,161785,0,0,17764,223
10/17/2021,Guam,161785,0,0,17764,223
10/18/2021,Guam,161785,196,1,17960,224
10/19/2021,Guam,161785,163,3,18123,227
10/20/2021,Guam,161785,0,0,18123,227
10/21/2021,Guam,161785,225,0,18348,227
10/22/2021,Guam,161785,93,1,18441,228
10/23/2021,Guam,161785,0,0,18441,228
10/24/2021,Guam,161785,0,0,18441,228
10/25/2021,Guam,161785,199,0,18640,228
10/26/2021,Guam,161785,152,3,18792,231
10/27/2021,Guam,161785,121,2,18913,233
10/28/2021,Guam,161785,96,3,19009,236
10/29/2021,Guam,161785,111,3,19120,239
10/30/2021,Guam,161785,0,0,19120,239
10/31/2021,Guam,161785,57,0,19177,239
11/1/2021,Guam,161785,78,4,19255,243
11/2/2021,Guam,161785,0,0,19255,243
11/3/2021,Guam,161785,124,3,19379,246
11/4/2021,Guam,161785,97,3,19476,249
11/5/2021,Guam,161785,79,0,19555,249
11/6/2021,Guam,161785,0,0,19555,249
11/7/2021,Guam,161785,53,0,19608,249
11/8/2021,Guam,161785,49,1,19657,250
11/9/2021,Guam,161785,64,6,19721,256
11/10/2021,Guam,161785,61,3,19782,259
11/11/2021,Guam,161785,27,0,19809,259
11/12/2021,Guam,161785,23,0,19832,259
11/13/2021,Guam,161785,0,0,19832,259
11/14/2021,Guam,161785,50,0,19882,259
11/15/2021,Guam,161785,29,0,19911,259
11/16/2021,Guam,161785,41,2,19952,261
11/17/2021,Guam,161785,32,0,19984,261
11/18/2021,Guam,161785,25,2,20009,263
11/19/2021,Guam,161785,21,0,20030,263
11/20/2021,Guam,161785,0,0,20030,263
11/21/2021,Guam,161785,8,0,20038,263
11/22/2021,Guam,161785,0,0,20038,263
11/23/2021,Guam,161785,48,1,20086,264
11/24/2021,Guam,161785,20,0,20106,264
11/25/2021,Guam,161785,0,0,20106,264
11/26/2021,Guam,161785,18,0,20124,264
11/27/2021,Guam,161785,0,0,20124,264
11/28/2021,Guam,161785,8,0,20132,264
11/29/2021,Guam,161785,16,0,20148,264
11/30/2021,Guam,161785,20,0,20168,264
12/1/2021,Guam,161785,0,0,20168,264
12/2/2021,Guam,161785,28,3,20196,267
12/3/2021,Guam,161785,12,0,20208,267
12/4/2021,Guam,161785,0,0,20208,267
12/5/2021,Guam,161785,9,0,20217,267
12/6/2021,Guam,161785,22,1,20239,268
12/7/2021,Guam,161785,13,0,20252,268
12/8/2021,Guam,161785,0,0,20252,268
12/9/2021,Guam,161785,0,0,20252,268
12/10/2021,Guam,161785,20,0,20272,268
12/11/2021,Guam,161785,0,0,20272,268
12/12/2021,Guam,161785,0,0,20272,268
12/13/2021,Guam,161785,0,0,20272,268
12/14/2021,Guam,161785,0,0,20272,268
12/15/2021,Guam,161785,45,2,20317,270
12/16/2021,Guam,161785,9,1,20326,271
12/17/2021,Guam,161785,0,0,20326,271
12/18/2021,Guam,161785,0,0,20326,271
12/19/2021,Guam,161785,15,0,20341,271
12/20/2021,Guam,161785,18,0,20359,271
12/21/2021,Guam,161785,0,0,20359,271
12/22/2021,Guam,161785,24,0,20383,271
12/23/2021,Guam,161785,13,0,20396,271
12/24/2021,Guam,161785,0,0,20396,271
12/25/2021,Guam,161785,0,0,20396,271
12/26/2021,Guam,161785,0,0,20396,271
12/27/2021,Guam,161785,31,0,20427,271
12/28/2021,Guam,161785,0,0,20427,271
12/29/2021,Guam,161785,43,0,20470,271
12/30/2021,Guam,161785,65,0,20535,271
12/31/2021,Guam,161785,41,0,20576,271
1/1/2022,Guam,161785,0,0,20576,271
1/2/2022,Guam,161785,0,0,20576,271
1/3/2022,Guam,161785,0,0,20576,271
1/4/2022,Guam,161785,0,0,20576,271
1/5/2022,Guam,161785,481,3,21057,274
1/6/2022,Guam,161785,263,0,21320,274
1/7/2022,Guam,161785,243,1,21563,275
1/8/2022,Guam,161785,0,0,21563,275
1/9/2022,Guam,161785,0,0,21563,275
1/10/2022,Guam,161785,0,0,21563,275
1/11/2022,Guam,161785,0,0,21563,275
1/12/2022,Guam,161785,0,0,21563,275
1/13/2022,Guam,161785,1885,0,23448,275
1/14/2022,Guam,161785,438,0,23886,275
1/15/2022,Guam,161785,0,0,23886,275
1/16/2022,Guam,161785,401,0,24287,275
1/17/2022,Guam,161785,263,0,24550,275
1/18/2022,Guam,161785,0,0,24550,275
1/19/2022,Guam,161785,1452,2,26002,277
1/20/2022,Guam,161785,724,0,26726,277
1/21/2022,Guam,161785,0,0,26726,277
1/22/2022,Guam,161785,0,0,26726,277
1/23/2022,Guam,161785,0,0,26726,277
1/24/2022,Guam,161785,2112,4,28838,281
1/25/2022,Guam,161785,0,0,28838,281
1/26/2022,Guam,161785,1609,3,30447,284
1/27/2022,Guam,161785,743,1,31190,285
1/28/2022,Guam,161785,817,1,32007,286
1/29/2022,Guam,161785,0,0,32007,286
1/30/2022,Guam,161785,766,0,32773,286
1/31/2022,Guam,161785,527,5,33300,291
2/1/2022,Guam,161785,0,0,33300,291
2/2/2022,Guam,161785,1457,6,34757,297
2/3/2022,Guam,161785,0,0,34757,297
2/4/2022,Guam,161785,0,0,34757,297
2/5/2022,Guam,161785,0,0,34757,297
2/6/2022,Guam,161785,2325,0,37082,297
2/7/2022,Guam,161785,499,2,37581,299
2/8/2022,Guam,161785,844,1,38425,300
7/1/2021,Hawaii,1431603,44,1,36435,515
7/2/2021,Hawaii,1431603,73,0,36508,515
7/3/2021,Hawaii,1431603,44,0,36552,515
7/4/2021,Hawaii,1431603,52,0,36604,515
7/5/2021,Hawaii,1431603,42,0,36646,515
7/6/2021,Hawaii,1431603,34,0,36680,515
7/7/2021,Hawaii,1431603,34,0,36714,515
7/8/2021,Hawaii,1431603,63,1,36777,516
7/9/2021,Hawaii,1431603,57,0,36834,516
7/10/2021,Hawaii,1431603,100,2,36934,518
7/11/2021,Hawaii,1431603,91,0,37025,518
7/12/2021,Hawaii,1431603,0,0,37025,518
7/13/2021,Hawaii,1431603,110,0,37135,518
7/14/2021,Hawaii,1431603,40,0,37175,518
7/15/2021,Hawaii,1431603,143,1,37318,519
7/16/2021,Hawaii,1431603,137,1,37455,520
7/17/2021,Hawaii,1431603,122,0,37577,520
7/18/2021,Hawaii,1431603,140,0,37717,520
7/19/2021,Hawaii,1431603,122,0,37839,520
7/20/2021,Hawaii,1431603,97,0,37936,520
7/21/2021,Hawaii,1431603,130,1,38066,521
7/22/2021,Hawaii,1431603,218,3,38284,524
7/23/2021,Hawaii,1431603,215,0,38499,524
7/24/2021,Hawaii,1431603,242,0,38741,524
7/25/2021,Hawaii,1431603,259,2,39000,526
7/26/2021,Hawaii,1431603,156,0,39156,526
7/27/2021,Hawaii,1431603,148,0,39304,526
7/28/2021,Hawaii,1431603,88,3,39392,529
7/29/2021,Hawaii,1431603,232,2,39624,531
7/30/2021,Hawaii,1431603,552,3,40176,534
7/31/2021,Hawaii,1431603,467,0,40643,534
8/1/2021,Hawaii,1431603,447,0,41090,534
8/2/2021,Hawaii,1431603,356,0,41446,534
8/3/2021,Hawaii,1431603,369,1,41815,535
8/4/2021,Hawaii,1431603,320,0,42135,535
8/5/2021,Hawaii,1431603,635,0,42770,535
8/6/2021,Hawaii,1431603,607,2,43377,537
8/7/2021,Hawaii,1431603,600,2,43977,539
8/8/2021,Hawaii,1431603,632,0,44609,539
8/9/2021,Hawaii,1431603,432,1,45041,540
8/10/2021,Hawaii,1431603,419,0,45460,540
8/11/2021,Hawaii,1431603,460,2,45920,542
8/12/2021,Hawaii,1431603,543,1,46463,543
8/13/2021,Hawaii,1431603,1149,1,47612,544
8/14/2021,Hawaii,1431603,764,1,48376,545
8/15/2021,Hawaii,1431603,829,4,49205,549
8/16/2021,Hawaii,1431603,522,0,49727,549
8/17/2021,Hawaii,1431603,453,0,50180,549
8/18/2021,Hawaii,1431603,641,2,50821,551
8/19/2021,Hawaii,1431603,744,4,51565,555
8/20/2021,Hawaii,1431603,836,4,52401,559
8/21/2021,Hawaii,1431603,752,1,53153,560
8/22/2021,Hawaii,1431603,885,1,54038,561
8/23/2021,Hawaii,1431603,570,0,54608,561
8/24/2021,Hawaii,1431603,557,1,55165,562
8/25/2021,Hawaii,1431603,503,8,55668,570
8/26/2021,Hawaii,1431603,824,0,56492,570
8/27/2021,Hawaii,1431603,1017,9,57509,579
8/28/2021,Hawaii,1431603,927,5,58436,584
8/29/2021,Hawaii,1431603,1658,2,60094,586
8/30/2021,Hawaii,1431603,714,0,60808,586
8/31/2021,Hawaii,1431603,545,0,61353,586
9/1/2021,Hawaii,1431603,447,13,61800,599
9/2/2021,Hawaii,1431603,1060,4,62860,603
9/3/2021,Hawaii,1431603,862,7,63722,610
9/4/2021,Hawaii,1431603,875,1,64597,611
9/5/2021,Hawaii,1431603,718,10,65315,621
9/6/2021,Hawaii,1431603,742,2,66057,623
9/7/2021,Hawaii,1431603,497,0,66554,623
9/8/2021,Hawaii,1431603,371,0,66925,623
9/9/2021,Hawaii,1431603,421,7,67346,630
9/10/2021,Hawaii,1431603,741,8,68087,638
9/11/2021,Hawaii,1431603,829,12,68916,650
9/12/2021,Hawaii,1431603,713,7,69629,657
9/13/2021,Hawaii,1431603,454,0,70083,657
9/14/2021,Hawaii,1431603,421,0,70504,657
9/15/2021,Hawaii,1431603,487,11,70991,668
9/16/2021,Hawaii,1431603,579,8,71570,676
9/17/2021,Hawaii,1431603,567,15,72137,691
9/18/2021,Hawaii,1431603,550,8,72687,699
9/19/2021,Hawaii,1431603,461,12,73148,711
9/20/2021,Hawaii,1431603,419,0,73567,711
9/21/2021,Hawaii,1431603,274,0,73841,711
9/22/2021,Hawaii,1431603,328,12,74169,723
9/23/2021,Hawaii,1431603,437,12,74606,735
9/24/2021,Hawaii,1431603,391,9,74997,744
9/25/2021,Hawaii,1431603,394,0,75391,744
9/26/2021,Hawaii,1431603,367,10,75758,754
9/27/2021,Hawaii,1431603,248,0,76006,754
9/28/2021,Hawaii,1431603,237,0,76243,754
9/29/2021,Hawaii,1431603,214,13,76457,767
9/30/2021,Hawaii,1431603,327,12,76784,779
10/1/2021,Hawaii,1431603,359,7,77143,786
10/2/2021,Hawaii,1431603,269,12,77412,798
10/3/2021,Hawaii,1431603,276,7,77688,805
10/4/2021,Hawaii,1431603,188,3,77876,808
10/5/2021,Hawaii,1431603,87,0,77963,808
10/6/2021,Hawaii,1431603,164,7,78127,815
10/7/2021,Hawaii,1431603,278,8,78405,823
10/8/2021,Hawaii,1431603,192,7,78597,830
10/9/2021,Hawaii,1431603,189,4,78786,834
10/10/2021,Hawaii,1431603,200,4,78986,838
10/11/2021,Hawaii,1431603,107,4,79093,842
10/12/2021,Hawaii,1431603,49,0,79142,842
10/13/2021,Hawaii,1431603,113,6,79255,848
10/14/2021,Hawaii,1431603,156,6,79411,854
10/15/2021,Hawaii,1431603,151,5,79562,859
10/16/2021,Hawaii,1431603,135,4,79697,863
10/17/2021,Hawaii,1431603,135,6,79832,869
10/18/2021,Hawaii,1431603,109,4,79941,873
10/19/2021,Hawaii,1431603,64,0,80005,873
10/20/2021,Hawaii,1431603,134,0,80139,873
10/21/2021,Hawaii,1431603,142,4,80281,877
10/22/2021,Hawaii,1431603,118,3,80399,880
10/23/2021,Hawaii,1431603,170,2,80569,882
10/24/2021,Hawaii,1431603,153,3,80722,885
10/25/2021,Hawaii,1431603,85,0,80807,885
10/26/2021,Hawaii,1431603,69,0,80876,885
10/27/2021,Hawaii,1431603,175,1,81051,886
10/28/2021,Hawaii,1431603,117,2,81168,888
10/29/2021,Hawaii,1431603,143,5,81311,893
10/30/2021,Hawaii,1431603,150,10,81461,903
10/31/2021,Hawaii,1431603,125,10,81586,913
11/1/2021,Hawaii,1431603,64,0,81650,913
11/2/2021,Hawaii,1431603,39,0,81689,913
11/3/2021,Hawaii,1431603,161,3,81850,916
11/4/2021,Hawaii,1431603,110,13,81960,929
11/5/2021,Hawaii,1431603,111,12,82071,941
11/6/2021,Hawaii,1431603,88,6,82159,947
11/7/2021,Hawaii,1431603,123,12,82282,959
11/8/2021,Hawaii,1431603,97,0,82379,959
11/9/2021,Hawaii,1431603,75,0,82454,959
11/10/2021,Hawaii,1431603,128,6,82582,965
11/11/2021,Hawaii,1431603,128,3,82710,968
11/12/2021,Hawaii,1431603,126,5,82836,973
11/13/2021,Hawaii,1431603,78,0,82914,973
11/14/2021,Hawaii,1431603,72,1,82986,974
11/15/2021,Hawaii,1431603,93,0,83079,974
11/16/2021,Hawaii,1431603,58,0,83137,974
11/17/2021,Hawaii,1431603,133,8,83270,982
11/18/2021,Hawaii,1431603,216,7,83486,989
11/19/2021,Hawaii,1431603,198,6,83684,995
11/20/2021,Hawaii,1431603,212,4,83896,999
11/21/2021,Hawaii,1431603,96,0,83992,999
11/22/2021,Hawaii,1431603,92,0,84084,999
11/23/2021,Hawaii,1431603,51,0,84135,999
11/24/2021,Hawaii,1431603,104,6,84239,1005
11/25/2021,Hawaii,1431603,76,6,84315,1011
11/26/2021,Hawaii,1431603,19,1,84334,1012
11/27/2021,Hawaii,1431603,132,0,84466,1012
11/28/2021,Hawaii,1431603,149,3,84615,1015
11/29/2021,Hawaii,1431603,70,0,84685,1015
11/30/2021,Hawaii,1431603,75,0,84760,1015
12/1/2021,Hawaii,1431603,88,8,84848,1023
12/2/2021,Hawaii,1431603,120,1,84968,1024
12/3/2021,Hawaii,1431603,118,1,85086,1025
12/4/2021,Hawaii,1431603,117,4,85203,1029
12/5/2021,Hawaii,1431603,127,1,85330,1030
12/6/2021,Hawaii,1431603,83,0,85413,1030
12/7/2021,Hawaii,1431603,51,0,85464,1030
12/8/2021,Hawaii,1431603,72,6,85536,1036
12/9/2021,Hawaii,1431603,140,1,85676,1037
12/10/2021,Hawaii,1431603,157,5,85833,1042
12/11/2021,Hawaii,1431603,183,8,86016,1050
12/12/2021,Hawaii,1431603,209,5,86225,1055
12/13/2021,Hawaii,1431603,147,0,86372,1055
12/14/2021,Hawaii,1431603,207,0,86579,1055
12/15/2021,Hawaii,1431603,278,5,86857,1060
12/16/2021,Hawaii,1431603,384,2,87241,1062
12/17/2021,Hawaii,1431603,778,2,88019,1064
12/18/2021,Hawaii,1431603,698,3,88717,1067
12/19/2021,Hawaii,1431603,958,2,89675,1069
12/20/2021,Hawaii,1431603,835,0,90510,1069
12/21/2021,Hawaii,1431603,692,0,91202,1069
12/22/2021,Hawaii,1431603,955,2,92157,1071
12/23/2021,Hawaii,1431603,1489,3,93646,1074
12/24/2021,Hawaii,1431603,1808,1,95454,1075
12/25/2021,Hawaii,1431603,1568,4,97022,1079
12/26/2021,Hawaii,1431603,2177,0,99199,1079
12/27/2021,Hawaii,1431603,1360,0,100559,1079
12/28/2021,Hawaii,1431603,812,0,101371,1079
12/29/2021,Hawaii,1431603,1554,3,102925,1082
12/30/2021,Hawaii,1431603,3425,0,106350,1082
12/31/2021,Hawaii,1431603,3226,5,109576,1087
1/1/2022,Hawaii,1431603,2707,4,112283,1091
1/2/2022,Hawaii,1431603,3117,0,115400,1091
1/3/2022,Hawaii,1431603,2930,0,118330,1091
1/4/2022,Hawaii,1431603,1500,0,119830,1091
1/5/2022,Hawaii,1431603,2555,0,122385,1091
1/6/2022,Hawaii,1431603,4700,4,127085,1095
1/7/2022,Hawaii,1431603,3520,3,130605,1098
1/8/2022,Hawaii,1431603,4148,1,134753,1099
1/9/2022,Hawaii,1431603,4509,3,139262,1102
1/10/2022,Hawaii,1431603,3827,0,143089,1102
1/11/2022,Hawaii,1431603,2911,0,146000,1102
1/12/2022,Hawaii,1431603,3460,5,149460,1107
1/13/2022,Hawaii,1431603,3351,4,152811,1111
1/14/2022,Hawaii,1431603,3028,3,155839,1114
1/15/2022,Hawaii,1431603,5927,6,161766,1120
1/16/2022,Hawaii,1431603,3856,3,165622,1123
1/17/2022,Hawaii,1431603,4637,0,170259,1123
1/18/2022,Hawaii,1431603,6180,0,176439,1123
1/19/2022,Hawaii,1431603,3898,0,180337,1123
1/20/2022,Hawaii,1431603,5811,9,186148,1132
1/21/2022,Hawaii,1431603,4403,2,190551,1134
1/22/2022,Hawaii,1431603,3900,5,194451,1139
1/23/2022,Hawaii,1431603,3131,4,197582,1143
1/24/2022,Hawaii,1431603,2627,0,200209,1143
1/25/2022,Hawaii,1431603,1855,0,202064,1143
1/26/2022,Hawaii,1431603,2021,3,204085,1146
1/27/2022,Hawaii,1431603,2320,10,206405,1156
1/28/2022,Hawaii,1431603,1848,5,208253,1161
1/29/2022,Hawaii,1431603,1832,9,210085,1170
1/30/2022,Hawaii,1431603,2683,7,212768,1177
1/31/2022,Hawaii,1431603,1481,1,214249,1178
2/1/2022,Hawaii,1431603,1054,0,215303,1178
2/2/2022,Hawaii,1431603,1109,10,216412,1188
2/3/2022,Hawaii,1431603,1483,3,217895,1191
2/4/2022,Hawaii,1431603,1164,10,219059,1201
2/5/2022,Hawaii,1431603,1216,18,220275,1219
2/6/2022,Hawaii,1431603,898,4,221173,1223
2/7/2022,Hawaii,1431603,810,0,221983,1223
2/8/2022,Hawaii,1431603,521,0,222504,1223
7/1/2021,Iowa,3046355,99,2,373960,6140
7/2/2021,Iowa,3046355,94,2,374054,6142
7/3/2021,Iowa,3046355,66,4,374120,6146
7/4/2021,Iowa,3046355,60,0,374180,6146
7/5/2021,Iowa,3046355,27,0,374207,6146
7/6/2021,Iowa,3046355,78,2,374285,6148
7/7/2021,Iowa,3046355,96,1,374381,6149
7/8/2021,Iowa,3046355,0,0,374381,6149
7/9/2021,Iowa,3046355,0,0,374381,6149
7/10/2021,Iowa,3046355,290,0,374671,6149
7/11/2021,Iowa,3046355,0,0,374671,6149
7/12/2021,Iowa,3046355,0,0,374671,6149
7/13/2021,Iowa,3046355,277,0,374948,6149
7/14/2021,Iowa,3046355,330,9,375278,6158
7/15/2021,Iowa,3046355,43,0,375321,6158
7/16/2021,Iowa,3046355,0,0,375321,6158
7/17/2021,Iowa,3046355,405,0,375726,6158
7/18/2021,Iowa,3046355,0,0,375726,6158
7/19/2021,Iowa,3046355,0,0,375726,6158
7/20/2021,Iowa,3046355,472,0,376198,6158
7/21/2021,Iowa,3046355,475,12,376673,6170
7/22/2021,Iowa,3046355,53,0,376726,6170
7/23/2021,Iowa,3046355,0,0,376726,6170
7/24/2021,Iowa,3046355,574,0,377300,6170
7/25/2021,Iowa,3046355,0,0,377300,6170
7/26/2021,Iowa,3046355,0,0,377300,6170
7/27/2021,Iowa,3046355,586,0,377886,6170
7/28/2021,Iowa,3046355,945,13,378831,6183
7/29/2021,Iowa,3046355,85,0,378916,6183
7/30/2021,Iowa,3046355,0,0,378916,6183
7/31/2021,Iowa,3046355,881,0,379797,6183
8/1/2021,Iowa,3046355,0,0,379797,6183
8/2/2021,Iowa,3046355,0,0,379797,6183
8/3/2021,Iowa,3046355,1313,0,381110,6183
8/4/2021,Iowa,3046355,1291,10,382401,6193
8/5/2021,Iowa,3046355,0,0,382401,6193
8/6/2021,Iowa,3046355,0,0,382401,6193
8/7/2021,Iowa,3046355,1596,0,383997,6193
8/8/2021,Iowa,3046355,0,0,383997,6193
8/9/2021,Iowa,3046355,0,0,383997,6193
8/10/2021,Iowa,3046355,1559,0,385556,6193
8/11/2021,Iowa,3046355,1717,17,387273,6210
8/12/2021,Iowa,3046355,0,0,387273,6210
8/13/2021,Iowa,3046355,0,0,387273,6210
8/14/2021,Iowa,3046355,1950,0,389223,6210
8/15/2021,Iowa,3046355,0,0,389223,6210
8/16/2021,Iowa,3046355,0,0,389223,6210
8/17/2021,Iowa,3046355,1755,0,390978,6210
8/18/2021,Iowa,3046355,1992,16,392970,6226
8/19/2021,Iowa,3046355,0,0,392970,6226
8/20/2021,Iowa,3046355,0,0,392970,6226
8/21/2021,Iowa,3046355,2197,0,395167,6226
8/22/2021,Iowa,3046355,0,0,395167,6226
8/23/2021,Iowa,3046355,0,0,395167,6226
8/24/2021,Iowa,3046355,2355,0,397522,6226
8/25/2021,Iowa,3046355,2560,42,400082,6268
8/26/2021,Iowa,3046355,0,0,400082,6268
8/27/2021,Iowa,3046355,0,0,400082,6268
8/28/2021,Iowa,3046355,2643,0,402725,6268
8/29/2021,Iowa,3046355,0,0,402725,6268
8/30/2021,Iowa,3046355,0,0,402725,6268
8/31/2021,Iowa,3046355,2022,0,404747,6268
9/1/2021,Iowa,3046355,3643,39,408390,6307
9/2/2021,Iowa,3046355,0,0,408390,6307
9/3/2021,Iowa,3046355,0,0,408390,6307
9/4/2021,Iowa,3046355,3187,0,411577,6307
9/5/2021,Iowa,3046355,0,0,411577,6307
9/6/2021,Iowa,3046355,0,0,411577,6307
9/7/2021,Iowa,3046355,3207,0,414784,6307
9/8/2021,Iowa,3046355,2368,30,417152,6337
9/9/2021,Iowa,3046355,0,0,417152,6337
9/10/2021,Iowa,3046355,0,0,417152,6337
9/11/2021,Iowa,3046355,4016,0,421168,6337
9/12/2021,Iowa,3046355,0,0,421168,6337
9/13/2021,Iowa,3046355,0,0,421168,6337
9/14/2021,Iowa,3046355,4026,0,425194,6337
9/15/2021,Iowa,3046355,3884,64,429078,6401
9/16/2021,Iowa,3046355,0,0,429078,6401
9/17/2021,Iowa,3046355,0,0,429078,6401
9/18/2021,Iowa,3046355,5161,0,434239,6401
9/19/2021,Iowa,3046355,0,0,434239,6401
9/20/2021,Iowa,3046355,0,0,434239,6401
9/21/2021,Iowa,3046355,3633,0,437872,6401
9/22/2021,Iowa,3046355,3311,82,441183,6483
9/23/2021,Iowa,3046355,0,-1,441183,6482
9/24/2021,Iowa,3046355,0,0,441183,6482
9/25/2021,Iowa,3046355,4485,0,445668,6482
9/26/2021,Iowa,3046355,0,0,445668,6482
9/27/2021,Iowa,3046355,0,0,445668,6482
9/28/2021,Iowa,3046355,3370,0,449038,6482
9/29/2021,Iowa,3046355,3019,81,452057,6563
9/30/2021,Iowa,3046355,0,0,452057,6563
10/1/2021,Iowa,3046355,0,0,452057,6563
10/2/2021,Iowa,3046355,3522,0,455579,6563
10/3/2021,Iowa,3046355,0,0,455579,6563
10/4/2021,Iowa,3046355,0,0,455579,6563
10/5/2021,Iowa,3046355,3329,0,458908,6563
10/6/2021,Iowa,3046355,2821,91,461729,6654
10/7/2021,Iowa,3046355,0,0,461729,6654
10/8/2021,Iowa,3046355,0,0,461729,6654
10/9/2021,Iowa,3046355,3068,0,464797,6654
10/10/2021,Iowa,3046355,0,0,464797,6654
10/11/2021,Iowa,3046355,0,0,464797,6654
10/12/2021,Iowa,3046355,2662,0,467459,6654
10/13/2021,Iowa,3046355,2416,94,469875,6748
10/14/2021,Iowa,3046355,0,0,469875,6748
10/15/2021,Iowa,3046355,0,0,469875,6748
10/16/2021,Iowa,3046355,2456,0,472331,6748
10/17/2021,Iowa,3046355,0,0,472331,6748
10/18/2021,Iowa,3046355,0,0,472331,6748
10/19/2021,Iowa,3046355,1885,0,474216,6748
10/20/2021,Iowa,3046355,2497,100,476713,6848
10/21/2021,Iowa,3046355,0,0,476713,6848
10/22/2021,Iowa,3046355,0,0,476713,6848
10/23/2021,Iowa,3046355,2440,0,479153,6848
10/24/2021,Iowa,3046355,0,0,479153,6848
10/25/2021,Iowa,3046355,0,0,479153,6848
10/26/2021,Iowa,3046355,2054,0,481207,6848
10/27/2021,Iowa,3046355,2529,117,483736,6965
10/28/2021,Iowa,3046355,0,0,483736,6965
10/29/2021,Iowa,3046355,0,0,483736,6965
10/30/2021,Iowa,3046355,2396,0,486132,6965
10/31/2021,Iowa,3046355,0,0,486132,6965
11/1/2021,Iowa,3046355,0,0,486132,6965
11/2/2021,Iowa,3046355,2753,0,488885,6965
11/3/2021,Iowa,3046355,2578,104,491463,7069
11/4/2021,Iowa,3046355,0,0,491463,7069
11/5/2021,Iowa,3046355,0,0,491463,7069
11/6/2021,Iowa,3046355,2944,0,494407,7069
11/7/2021,Iowa,3046355,0,0,494407,7069
11/8/2021,Iowa,3046355,0,0,494407,7069
11/9/2021,Iowa,3046355,3241,0,497648,7069
11/10/2021,Iowa,3046355,2826,97,500474,7166
11/11/2021,Iowa,3046355,0,0,500474,7166
11/12/2021,Iowa,3046355,0,0,500474,7166
11/13/2021,Iowa,3046355,3090,0,503564,7166
11/14/2021,Iowa,3046355,0,0,503564,7166
11/15/2021,Iowa,3046355,0,0,503564,7166
11/16/2021,Iowa,3046355,2974,0,506538,7166
11/17/2021,Iowa,3046355,3223,102,509761,7268
11/18/2021,Iowa,3046355,0,0,509761,7268
11/19/2021,Iowa,3046355,0,0,509761,7268
11/20/2021,Iowa,3046355,3876,0,513637,7268
11/21/2021,Iowa,3046355,0,0,513637,7268
11/22/2021,Iowa,3046355,0,0,513637,7268
11/23/2021,Iowa,3046355,3270,0,516907,7268
11/24/2021,Iowa,3046355,3411,86,520318,7354
11/25/2021,Iowa,3046355,0,0,520318,7354
11/26/2021,Iowa,3046355,0,0,520318,7354
11/27/2021,Iowa,3046355,0,0,520318,7354
11/28/2021,Iowa,3046355,2540,0,522858,7354
11/29/2021,Iowa,3046355,0,0,522858,7354
11/30/2021,Iowa,3046355,2600,0,525458,7354
12/1/2021,Iowa,3046355,4602,91,530060,7445
12/2/2021,Iowa,3046355,0,0,530060,7445
12/3/2021,Iowa,3046355,0,0,530060,7445
12/4/2021,Iowa,3046355,4563,0,534623,7445
12/5/2021,Iowa,3046355,0,0,534623,7445
12/6/2021,Iowa,3046355,0,0,534623,7445
12/7/2021,Iowa,3046355,4115,0,538738,7445
12/8/2021,Iowa,3046355,3695,105,542433,7550
12/9/2021,Iowa,3046355,0,0,542433,7550
12/10/2021,Iowa,3046355,3371,0,545804,7550
12/11/2021,Iowa,3046355,483,0,546287,7550
12/12/2021,Iowa,3046355,0,0,546287,7550
12/13/2021,Iowa,3046355,0,0,546287,7550
12/14/2021,Iowa,3046355,3355,0,549642,7550
12/15/2021,Iowa,3046355,3765,130,553407,7680
12/16/2021,Iowa,3046355,0,0,553407,7680
12/17/2021,Iowa,3046355,0,0,553407,7680
12/18/2021,Iowa,3046355,3622,0,557029,7680
12/19/2021,Iowa,3046355,0,0,557029,7680
12/20/2021,Iowa,3046355,0,0,557029,7680
12/21/2021,Iowa,3046355,3322,0,560351,7680
12/22/2021,Iowa,3046355,3604,119,563955,7799
12/23/2021,Iowa,3046355,0,0,563955,7799
12/24/2021,Iowa,3046355,0,0,563955,7799
12/25/2021,Iowa,3046355,0,0,563955,7799
12/26/2021,Iowa,3046355,0,0,563955,7799
12/27/2021,Iowa,3046355,4042,0,567997,7799
12/28/2021,Iowa,3046355,2473,0,570470,7799
12/29/2021,Iowa,3046355,5031,59,575501,7858
12/30/2021,Iowa,3046355,0,0,575501,7858
12/31/2021,Iowa,3046355,0,0,575501,7858
1/1/2022,Iowa,3046355,0,0,575501,7858
1/2/2022,Iowa,3046355,0,0,575501,7858
1/3/2022,Iowa,3046355,0,0,575501,7858
1/4/2022,Iowa,3046355,11885,0,587386,7858
1/5/2022,Iowa,3046355,8910,161,596296,8019
1/6/2022,Iowa,3046355,0,0,596296,8019
1/7/2022,Iowa,3046355,0,0,596296,8019
1/8/2022,Iowa,3046355,11704,0,608000,8019
1/9/2022,Iowa,3046355,0,0,608000,8019
1/10/2022,Iowa,3046355,0,0,608000,8019
1/11/2022,Iowa,3046355,11061,0,619061,8019
1/12/2022,Iowa,3046355,12240,182,631301,8201
1/13/2022,Iowa,3046355,0,0,631301,8201
1/14/2022,Iowa,3046355,0,0,631301,8201
1/15/2022,Iowa,3046355,14109,0,645410,8201
1/16/2022,Iowa,3046355,0,0,645410,8201
1/17/2022,Iowa,3046355,0,0,645410,8201
1/18/2022,Iowa,3046355,11736,0,657146,8201
1/19/2022,Iowa,3046355,12559,116,669705,8317
1/20/2022,Iowa,3046355,0,0,669705,8317
1/21/2022,Iowa,3046355,0,0,669705,8317
1/22/2022,Iowa,3046355,12658,0,682363,8317
1/23/2022,Iowa,3046355,0,0,682363,8317
1/24/2022,Iowa,3046355,0,0,682363,8317
1/25/2022,Iowa,3046355,11551,0,693914,8317
1/26/2022,Iowa,3046355,9452,184,703366,8501
1/27/2022,Iowa,3046355,0,0,703366,8501
1/28/2022,Iowa,3046355,0,0,703366,8501
1/29/2022,Iowa,3046355,8922,0,712288,8501
1/30/2022,Iowa,3046355,0,0,712288,8501
1/31/2022,Iowa,3046355,0,0,712288,8501
2/1/2022,Iowa,3046355,7415,0,719703,8501
2/2/2022,Iowa,3046355,2886,156,722589,8657
2/3/2022,Iowa,3046355,2323,0,724912,8657
2/4/2022,Iowa,3046355,0,0,724912,8657
2/5/2022,Iowa,3046355,4788,0,729700,8657
2/6/2022,Iowa,3046355,0,0,729700,8657
2/7/2022,Iowa,3046355,0,0,729700,8657
2/8/2022,Iowa,3046355,3453,0,733153,8657
7/1/2021,Idaho,1654930,92,2,195166,2156
7/2/2021,Idaho,1654930,83,4,195249,2160
7/3/2021,Idaho,1654930,0,0,195249,2160
7/4/2021,Idaho,1654930,0,0,195249,2160
7/5/2021,Idaho,1654930,0,0,195249,2160
7/6/2021,Idaho,1654930,257,1,195506,2161
7/7/2021,Idaho,1654930,124,3,195630,2164
7/8/2021,Idaho,1654930,145,1,195775,2165
7/9/2021,Idaho,1654930,135,2,195910,2167
7/10/2021,Idaho,1654930,0,0,195910,2167
7/11/2021,Idaho,1654930,0,0,195910,2167
7/12/2021,Idaho,1654930,297,0,196207,2167
7/13/2021,Idaho,1654930,180,0,196387,2167
7/14/2021,Idaho,1654930,180,0,196567,2167
7/15/2021,Idaho,1654930,206,5,196773,2172
7/16/2021,Idaho,1654930,162,2,196935,2174
7/17/2021,Idaho,1654930,0,0,196935,2174
7/18/2021,Idaho,1654930,0,0,196935,2174
7/19/2021,Idaho,1654930,354,4,197289,2178
7/20/2021,Idaho,1654930,244,1,197533,2179
7/21/2021,Idaho,1654930,328,2,197861,2181
7/22/2021,Idaho,1654930,232,1,198093,2182
7/23/2021,Idaho,1654930,213,3,198306,2185
7/24/2021,Idaho,1654930,0,0,198306,2185
7/25/2021,Idaho,1654930,0,0,198306,2185
7/26/2021,Idaho,1654930,613,5,198919,2190
7/27/2021,Idaho,1654930,317,0,199236,2190
7/28/2021,Idaho,1654930,359,3,199595,2193
7/29/2021,Idaho,1654930,439,4,200034,2197
7/30/2021,Idaho,1654930,530,2,200564,2199
7/31/2021,Idaho,1654930,0,0,200564,2199
8/1/2021,Idaho,1654930,0,0,200564,2199
8/2/2021,Idaho,1654930,907,5,201471,2204
8/3/2021,Idaho,1654930,642,6,202113,2210
8/4/2021,Idaho,1654930,635,1,202748,2211
8/5/2021,Idaho,1654930,743,4,203491,2215
8/6/2021,Idaho,1654930,679,3,204170,2218
8/7/2021,Idaho,1654930,0,0,204170,2218
8/8/2021,Idaho,1654930,0,0,204170,2218
8/9/2021,Idaho,1654930,942,8,205112,2226
8/10/2021,Idaho,1654930,754,2,205866,2228
8/11/2021,Idaho,1654930,736,10,206602,2238
8/12/2021,Idaho,1654930,752,0,207354,2238
8/13/2021,Idaho,1654930,783,9,208137,2247
8/14/2021,Idaho,1654930,0,0,208137,2247
8/15/2021,Idaho,1654930,0,0,208137,2247
8/16/2021,Idaho,1654930,1353,8,209490,2255
8/17/2021,Idaho,1654930,905,6,210395,2261
8/18/2021,Idaho,1654930,1217,20,211612,2281
8/19/2021,Idaho,1654930,796,1,212408,2282
8/20/2021,Idaho,1654930,616,2,213024,2284
8/21/2021,Idaho,1654930,0,0,213024,2284
8/22/2021,Idaho,1654930,0,0,213024,2284
8/23/2021,Idaho,1654930,1099,18,214123,2302
8/24/2021,Idaho,1654930,1004,7,215127,2309
8/25/2021,Idaho,1654930,1021,8,216148,2317
8/26/2021,Idaho,1654930,980,3,217128,2320
8/27/2021,Idaho,1654930,833,8,217961,2328
8/28/2021,Idaho,1654930,0,0,217961,2328
8/29/2021,Idaho,1654930,0,0,217961,2328
8/30/2021,Idaho,1654930,2287,5,220248,2333
8/31/2021,Idaho,1654930,1215,31,221463,2364
9/1/2021,Idaho,1654930,1168,8,222631,2372
9/2/2021,Idaho,1654930,1596,8,224227,2380
9/3/2021,Idaho,1654930,1377,0,225604,2380
9/4/2021,Idaho,1654930,0,0,225604,2380
9/5/2021,Idaho,1654930,0,0,225604,2380
9/6/2021,Idaho,1654930,0,0,225604,2380
9/7/2021,Idaho,1654930,2558,32,228162,2412
9/8/2021,Idaho,1654930,1517,15,229679,2427
9/9/2021,Idaho,1654930,1440,21,231119,2448
9/10/2021,Idaho,1654930,1574,18,232693,2466
9/11/2021,Idaho,1654930,0,0,232693,2466
9/12/2021,Idaho,1654930,1276,8,233969,2474
9/13/2021,Idaho,1654930,1453,13,235422,2487
9/14/2021,Idaho,1654930,1634,21,237056,2508
9/15/2021,Idaho,1654930,1317,53,238373,2561
9/16/2021,Idaho,1654930,1229,40,239602,2601
9/17/2021,Idaho,1654930,1733,13,241335,2614
9/18/2021,Idaho,1654930,754,23,242089,2637
9/19/2021,Idaho,1654930,299,0,242388,2637
9/20/2021,Idaho,1654930,1262,13,243650,2650
9/21/2021,Idaho,1654930,1808,13,245458,2663
9/22/2021,Idaho,1654930,1359,25,246817,2688
9/23/2021,Idaho,1654930,1335,33,248152,2721
9/24/2021,Idaho,1654930,1653,33,249805,2754
9/25/2021,Idaho,1654930,806,0,250611,2754
9/26/2021,Idaho,1654930,398,0,251009,2754
9/27/2021,Idaho,1654930,1417,37,252426,2791
9/28/2021,Idaho,1654930,1387,41,253813,2832
9/29/2021,Idaho,1654930,1649,26,255462,2858
9/30/2021,Idaho,1654930,1910,50,257372,2908
10/1/2021,Idaho,1654930,1775,28,259147,2936
10/2/2021,Idaho,1654930,909,30,260056,2966
10/3/2021,Idaho,1654930,339,-1,260395,2965
10/4/2021,Idaho,1654930,1131,21,261526,2986
10/5/2021,Idaho,1654930,1814,8,263340,2994
10/6/2021,Idaho,1654930,1370,52,264710,3046
10/7/2021,Idaho,1654930,1340,24,266050,3070
10/8/2021,Idaho,1654930,1661,48,267711,3118
10/9/2021,Idaho,1654930,796,5,268507,3123
10/10/2021,Idaho,1654930,206,0,268713,3123
10/11/2021,Idaho,1654930,0,0,268713,3123
10/12/2021,Idaho,1654930,1990,45,270703,3168
10/13/2021,Idaho,1654930,2000,22,272703,3190
10/14/2021,Idaho,1654930,1914,30,274617,3220
10/15/2021,Idaho,1654930,1522,34,276139,3254
10/16/2021,Idaho,1654930,783,5,276922,3259
10/17/2021,Idaho,1654930,304,0,277226,3259
10/18/2021,Idaho,1654930,1290,40,278516,3299
10/19/2021,Idaho,1654930,1477,18,279993,3317
10/20/2021,Idaho,1654930,1550,35,281543,3352
10/21/2021,Idaho,1654930,1322,26,282865,3378
10/22/2021,Idaho,1654930,1481,26,284346,3404
10/23/2021,Idaho,1654930,723,10,285069,3414
10/24/2021,Idaho,1654930,241,0,285310,3414
10/25/2021,Idaho,1654930,1089,15,286399,3429
10/26/2021,Idaho,1654930,1344,45,287743,3474
10/27/2021,Idaho,1654930,1238,28,288981,3502
10/28/2021,Idaho,1654930,871,8,289852,3510
10/29/2021,Idaho,1654930,1075,25,290927,3535
10/30/2021,Idaho,1654930,380,4,291307,3539
10/31/2021,Idaho,1654930,64,0,291371,3539
11/1/2021,Idaho,1654930,1002,33,292373,3572
11/2/2021,Idaho,1654930,924,6,293297,3578
11/3/2021,Idaho,1654930,1239,23,294536,3601
11/4/2021,Idaho,1654930,666,29,295202,3630
11/5/2021,Idaho,1654930,797,15,295999,3645
11/6/2021,Idaho,1654930,349,2,296348,3647
11/7/2021,Idaho,1654930,0,0,296348,3647
11/8/2021,Idaho,1654930,841,32,297189,3679
11/9/2021,Idaho,1654930,764,3,297953,3682
11/10/2021,Idaho,1654930,725,22,298678,3704
11/11/2021,Idaho,1654930,0,0,298678,3704
11/12/2021,Idaho,1654930,86,5,298764,3709
11/13/2021,Idaho,1654930,844,27,299608,3736
11/14/2021,Idaho,1654930,273,10,299881,3746
11/15/2021,Idaho,1654930,672,7,300553,3753
11/16/2021,Idaho,1654930,663,35,301216,3788
11/17/2021,Idaho,1654930,650,14,301866,3802
11/18/2021,Idaho,1654930,554,25,302420,3827
11/19/2021,Idaho,1654930,630,18,303050,3845
11/20/2021,Idaho,1654930,272,2,303322,3847
11/21/2021,Idaho,1654930,0,0,303322,3847
11/22/2021,Idaho,1654930,632,16,303954,3863
11/23/2021,Idaho,1654930,635,21,304589,3884
11/24/2021,Idaho,1654930,571,8,305160,3892
11/25/2021,Idaho,1654930,0,0,305160,3892
11/26/2021,Idaho,1654930,392,0,305552,3892
11/27/2021,Idaho,1654930,238,8,305790,3900
11/28/2021,Idaho,1654930,0,0,305790,3900
11/29/2021,Idaho,1654930,448,22,306238,3922
11/30/2021,Idaho,1654930,635,8,306873,3930
12/1/2021,Idaho,1654930,716,20,307589,3950
12/2/2021,Idaho,1654930,594,0,308183,3950
12/3/2021,Idaho,1654930,28,3,308211,3953
12/4/2021,Idaho,1654930,687,18,308898,3971
12/5/2021,Idaho,1654930,0,0,308898,3971
12/6/2021,Idaho,1654930,445,7,309343,3978
12/7/2021,Idaho,1654930,696,18,310039,3996
12/8/2021,Idaho,1654930,651,6,310690,4002
12/9/2021,Idaho,1654930,488,12,311178,4014
12/10/2021,Idaho,1654930,370,15,311548,4029
12/11/2021,Idaho,1654930,171,1,311719,4030
12/12/2021,Idaho,1654930,0,0,311719,4030
12/13/2021,Idaho,1654930,494,4,312213,4034
12/14/2021,Idaho,1654930,405,17,312618,4051
12/15/2021,Idaho,1654930,452,8,313070,4059
12/16/2021,Idaho,1654930,380,4,313450,4063
12/17/2021,Idaho,1654930,389,5,313839,4068
12/18/2021,Idaho,1654930,155,0,313994,4068
12/19/2021,Idaho,1654930,0,0,313994,4068
12/20/2021,Idaho,1654930,527,0,314521,4068
12/21/2021,Idaho,1654930,422,14,314943,4082
12/22/2021,Idaho,1654930,357,15,315300,4097
12/23/2021,Idaho,1654930,486,5,315786,4102
12/24/2021,Idaho,1654930,0,0,315786,4102
12/25/2021,Idaho,1654930,0,0,315786,4102
12/26/2021,Idaho,1654930,0,0,315786,4102
12/27/2021,Idaho,1654930,991,34,316777,4136
12/28/2021,Idaho,1654930,1019,18,317796,4154
12/29/2021,Idaho,1654930,724,8,318520,4162
12/30/2021,Idaho,1654930,922,1,319442,4163
12/31/2021,Idaho,1654930,0,0,319442,4163
1/1/2022,Idaho,1654930,0,0,319442,4163
1/2/2022,Idaho,1654930,0,0,319442,4163
1/3/2022,Idaho,1654930,1420,7,320862,4170
1/4/2022,Idaho,1654930,1722,19,322584,4189
1/5/2022,Idaho,1654930,1451,5,324035,4194
1/6/2022,Idaho,1654930,1760,30,325795,4224
1/7/2022,Idaho,1654930,1327,12,327122,4236
1/8/2022,Idaho,1654930,387,2,327509,4238
1/9/2022,Idaho,1654930,0,0,327509,4238
1/10/2022,Idaho,1654930,1514,1,329023,4239
1/11/2022,Idaho,1654930,2316,5,331339,4244
1/12/2022,Idaho,1654930,2828,17,334167,4261
1/13/2022,Idaho,1654930,2357,3,336524,4264
1/14/2022,Idaho,1654930,3256,7,339780,4271
1/15/2022,Idaho,1654930,1165,4,340945,4275
1/16/2022,Idaho,1654930,0,0,340945,4275
1/17/2022,Idaho,1654930,0,0,340945,4275
1/18/2022,Idaho,1654930,3897,9,344842,4284
1/19/2022,Idaho,1654930,4220,10,349062,4294
1/20/2022,Idaho,1654930,3447,25,352509,4319
1/21/2022,Idaho,1654930,3756,6,356265,4325
1/22/2022,Idaho,1654930,1878,-1,358143,4324
1/23/2022,Idaho,1654930,0,0,358143,4324
1/24/2022,Idaho,1654930,3073,9,361216,4333
1/25/2022,Idaho,1654930,3516,15,364732,4348
1/26/2022,Idaho,1654930,4066,11,368798,4359
1/27/2022,Idaho,1654930,3781,8,372579,4367
1/28/2022,Idaho,1654930,3516,33,376095,4400
1/29/2022,Idaho,1654930,1709,7,377804,4407
1/30/2022,Idaho,1654930,0,0,377804,4407
1/31/2022,Idaho,1654930,2598,16,380402,4423
2/1/2022,Idaho,1654930,2170,4,382572,4427
2/2/2022,Idaho,1654930,2333,28,384905,4455
2/3/2022,Idaho,1654930,2479,13,387384,4468
2/4/2022,Idaho,1654930,2429,12,389813,4480
2/5/2022,Idaho,1654930,1338,1,391151,4481
2/6/2022,Idaho,1654930,0,0,391151,4481
2/7/2022,Idaho,1654930,2000,17,393151,4498
2/8/2022,Idaho,1654930,2316,1,395467,4499
7/1/2021,Illinois,12859995,407,13,1396270,25687
7/2/2021,Illinois,12859995,336,9,1396606,25696
7/3/2021,Illinois,12859995,0,0,1396606,25696
7/4/2021,Illinois,12859995,0,0,1396606,25696
7/5/2021,Illinois,12859995,0,0,1396606,25696
7/6/2021,Illinois,12859995,1119,31,1397725,25727
7/7/2021,Illinois,12859995,641,6,1398366,25733
7/8/2021,Illinois,12859995,569,15,1398935,25748
7/9/2021,Illinois,12859995,590,7,1399525,25755
7/10/2021,Illinois,12859995,0,0,1399525,25755
7/11/2021,Illinois,12859995,0,0,1399525,25755
7/12/2021,Illinois,12859995,1450,26,1400975,25781
7/13/2021,Illinois,12859995,544,15,1401519,25796
7/14/2021,Illinois,12859995,1026,10,1402545,25806
7/15/2021,Illinois,12859995,824,8,1403369,25814
7/16/2021,Illinois,12859995,620,9,1403989,25823
7/17/2021,Illinois,12859995,0,-3,1403989,25820
7/18/2021,Illinois,12859995,0,0,1403989,25820
7/19/2021,Illinois,12859995,2619,21,1406608,25841
7/20/2021,Illinois,12859995,709,6,1407317,25847
7/21/2021,Illinois,12859995,1301,7,1408618,25854
7/22/2021,Illinois,12859995,1886,6,1410504,25860
7/23/2021,Illinois,12859995,1341,7,1411845,25867
7/24/2021,Illinois,12859995,0,0,1411845,25867
7/25/2021,Illinois,12859995,0,0,1411845,25867
7/26/2021,Illinois,12859995,4053,14,1415898,25881
7/27/2021,Illinois,12859995,1662,5,1417560,25886
7/28/2021,Illinois,12859995,2161,7,1419721,25893
7/29/2021,Illinois,12859995,1655,15,1421376,25908
7/30/2021,Illinois,12859995,2198,8,1423574,25916
7/31/2021,Illinois,12859995,0,0,1423574,25916
8/1/2021,Illinois,12859995,16,0,1423590,25916
8/2/2021,Illinois,12859995,5333,14,1428923,25930
8/3/2021,Illinois,12859995,2571,10,1431494,25940
8/4/2021,Illinois,12859995,2968,20,1434462,25960
8/5/2021,Illinois,12859995,3192,14,1437654,25974
8/6/2021,Illinois,12859995,2976,18,1440630,25992
8/7/2021,Illinois,12859995,28,0,1440658,25992
8/8/2021,Illinois,12859995,0,0,1440658,25992
8/9/2021,Illinois,12859995,7858,31,1448516,26023
8/10/2021,Illinois,12859995,2907,11,1451423,26034
8/11/2021,Illinois,12859995,3867,14,1455290,26048
8/12/2021,Illinois,12859995,3353,27,1458643,26075
8/13/2021,Illinois,12859995,3445,17,1462088,26092
8/14/2021,Illinois,12859995,0,0,1462088,26092
8/15/2021,Illinois,12859995,0,0,1462088,26092
8/16/2021,Illinois,12859995,9152,31,1471240,26123
8/17/2021,Illinois,12859995,3567,21,1474807,26144
8/18/2021,Illinois,12859995,3836,38,1478643,26182
8/19/2021,Illinois,12859995,3381,15,1482024,26197
8/20/2021,Illinois,12859995,4851,26,1486875,26223
8/21/2021,Illinois,12859995,0,0,1486875,26223
8/22/2021,Illinois,12859995,0,0,1486875,26223
8/23/2021,Illinois,12859995,9103,52,1495978,26275
8/24/2021,Illinois,12859995,2970,16,1498948,26291
8/25/2021,Illinois,12859995,4525,44,1503473,26335
8/26/2021,Illinois,12859995,4147,66,1507620,26401
8/27/2021,Illinois,12859995,4767,19,1512387,26420
8/28/2021,Illinois,12859995,0,0,1512387,26420
8/29/2021,Illinois,12859995,0,0,1512387,26420
8/30/2021,Illinois,12859995,10159,52,1522546,26472
8/31/2021,Illinois,12859995,4802,28,1527348,26500
9/1/2021,Illinois,12859995,5146,35,1532494,26535
9/2/2021,Illinois,12859995,4494,37,1536988,26572
9/3/2021,Illinois,12859995,5882,42,1542870,26614
9/4/2021,Illinois,12859995,0,0,1542870,26614
9/5/2021,Illinois,12859995,0,0,1542870,26614
9/6/2021,Illinois,12859995,0,0,1542870,26614
9/7/2021,Illinois,12859995,11928,83,1554798,26697
9/8/2021,Illinois,12859995,3970,72,1558768,26769
9/9/2021,Illinois,12859995,5137,24,1563905,26793
9/10/2021,Illinois,12859995,5301,52,1569206,26845
9/11/2021,Illinois,12859995,0,0,1569206,26845
9/12/2021,Illinois,12859995,0,0,1569206,26845
9/13/2021,Illinois,12859995,9138,124,1578344,26969
9/14/2021,Illinois,12859995,4467,39,1582811,27008
9/15/2021,Illinois,12859995,4219,53,1587030,27061
9/16/2021,Illinois,12859995,4577,52,1591607,27113
9/17/2021,Illinois,12859995,3581,62,1595188,27175
9/18/2021,Illinois,12859995,0,0,1595188,27175
9/19/2021,Illinois,12859995,0,0,1595188,27175
9/20/2021,Illinois,12859995,8254,100,1603442,27275
9/21/2021,Illinois,12859995,3027,24,1606469,27299
9/22/2021,Illinois,12859995,3522,52,1609991,27351
9/23/2021,Illinois,12859995,3871,47,1613862,27398
9/24/2021,Illinois,12859995,3374,42,1617236,27440
9/25/2021,Illinois,12859995,0,0,1617236,27440
9/26/2021,Illinois,12859995,0,0,1617236,27440
9/27/2021,Illinois,12859995,6627,89,1623863,27529
9/28/2021,Illinois,12859995,2364,39,1626227,27568
9/29/2021,Illinois,12859995,2969,51,1629196,27619
9/30/2021,Illinois,12859995,3457,46,1632653,27665
10/1/2021,Illinois,12859995,3311,49,1635964,27714
10/2/2021,Illinois,12859995,0,0,1635964,27714
10/3/2021,Illinois,12859995,0,0,1635964,27714
10/4/2021,Illinois,12859995,6845,71,1642809,27785
10/5/2021,Illinois,12859995,3169,26,1645978,27811
10/6/2021,Illinois,12859995,2924,67,1648902,27878
10/7/2021,Illinois,12859995,3588,46,1652490,27924
10/8/2021,Illinois,12859995,2732,41,1655222,27965
10/9/2021,Illinois,12859995,0,0,1655222,27965
10/10/2021,Illinois,12859995,0,0,1655222,27965
10/11/2021,Illinois,12859995,222,0,1655444,27965
10/12/2021,Illinois,12859995,7549,76,1662993,28041
10/13/2021,Illinois,12859995,2945,48,1665938,28089
10/14/2021,Illinois,12859995,2571,63,1668509,28152
10/15/2021,Illinois,12859995,2570,45,1671079,28197
10/16/2021,Illinois,12859995,0,0,1671079,28197
10/17/2021,Illinois,12859995,0,0,1671079,28197
10/18/2021,Illinois,12859995,5417,71,1676496,28268
10/19/2021,Illinois,12859995,2032,24,1678528,28292
10/20/2021,Illinois,12859995,2402,52,1680930,28344
10/21/2021,Illinois,12859995,2295,38,1683225,28382
10/22/2021,Illinois,12859995,2934,32,1686159,28414
10/23/2021,Illinois,12859995,0,0,1686159,28414
10/24/2021,Illinois,12859995,0,0,1686159,28414
10/25/2021,Illinois,12859995,5182,63,1691341,28477
10/26/2021,Illinois,12859995,2189,40,1693530,28517
10/27/2021,Illinois,12859995,2024,33,1695554,28550
10/28/2021,Illinois,12859995,2730,41,1698284,28591
10/29/2021,Illinois,12859995,2623,29,1700907,28620
10/30/2021,Illinois,12859995,0,0,1700907,28620
10/31/2021,Illinois,12859995,0,0,1700907,28620
11/1/2021,Illinois,12859995,6078,75,1706985,28695
11/2/2021,Illinois,12859995,2349,24,1709334,28719
11/3/2021,Illinois,12859995,1787,53,1711121,28772
11/4/2021,Illinois,12859995,4331,31,1715452,28803
11/5/2021,Illinois,12859995,2932,29,1718384,28832
11/6/2021,Illinois,12859995,0,0,1718384,28832
11/7/2021,Illinois,12859995,0,0,1718384,28832
11/8/2021,Illinois,12859995,7302,45,1725686,28877
11/9/2021,Illinois,12859995,2246,24,1727932,28901
11/10/2021,Illinois,12859995,4974,28,1732906,28929
11/11/2021,Illinois,12859995,48,0,1732954,28929
11/12/2021,Illinois,12859995,7969,57,1740923,28986
11/13/2021,Illinois,12859995,0,0,1740923,28986
11/14/2021,Illinois,12859995,0,0,1740923,28986
11/15/2021,Illinois,12859995,8920,46,1749843,29032
11/16/2021,Illinois,12859995,3050,22,1752893,29054
11/17/2021,Illinois,12859995,4920,29,1757813,29083
11/18/2021,Illinois,12859995,5801,32,1763614,29115
11/19/2021,Illinois,12859995,5653,42,1769267,29157
11/20/2021,Illinois,12859995,0,0,1769267,29157
11/21/2021,Illinois,12859995,0,0,1769267,29157
11/22/2021,Illinois,12859995,11193,58,1780460,29215
11/23/2021,Illinois,12859995,4629,19,1785089,29234
11/24/2021,Illinois,12859995,5348,24,1790437,29258
11/25/2021,Illinois,12859995,0,0,1790437,29258
11/26/2021,Illinois,12859995,0,0,1790437,29258
11/27/2021,Illinois,12859995,0,0,1790437,29258
11/28/2021,Illinois,12859995,0,0,1790437,29258
11/29/2021,Illinois,12859995,18990,91,1809427,29349
11/30/2021,Illinois,12859995,5694,27,1815121,29376
12/1/2021,Illinois,12859995,6165,56,1821286,29432
12/2/2021,Illinois,12859995,11638,45,1832924,29477
12/3/2021,Illinois,12859995,7453,44,1840377,29521
12/4/2021,Illinois,12859995,0,0,1840377,29521
12/5/2021,Illinois,12859995,0,0,1840377,29521
12/6/2021,Illinois,12859995,18831,98,1859208,29619
12/7/2021,Illinois,12859995,6891,91,1866099,29710
12/8/2021,Illinois,12859995,6755,24,1872854,29734
12/9/2021,Illinois,12859995,9787,59,1882641,29793
12/10/2021,Illinois,12859995,7403,49,1890044,29842
12/11/2021,Illinois,12859995,0,0,1890044,29842
12/12/2021,Illinois,12859995,91,0,1890135,29842
12/13/2021,Illinois,12859995,19426,112,1909561,29954
12/14/2021,Illinois,12859995,6974,31,1916535,29985
12/15/2021,Illinois,12859995,10001,91,1926536,30076
12/16/2021,Illinois,12859995,12288,59,1938824,30135
12/17/2021,Illinois,12859995,10660,67,1949484,30202
12/18/2021,Illinois,12859995,0,0,1949484,30202
12/19/2021,Illinois,12859995,0,0,1949484,30202
12/20/2021,Illinois,12859995,31043,128,1980527,30330
12/21/2021,Illinois,12859995,10054,71,1990581,30401
12/22/2021,Illinois,12859995,16553,81,2007134,30482
12/23/2021,Illinois,12859995,18670,84,2025804,30566
12/24/2021,Illinois,12859995,0,0,2025804,30566
12/25/2021,Illinois,12859995,0,0,2025804,30566
12/26/2021,Illinois,12859995,0,0,2025804,30566
12/27/2021,Illinois,12859995,55598,181,2081402,30747
12/28/2021,Illinois,12859995,21551,104,2102953,30851
12/29/2021,Illinois,12859995,20969,57,2123922,30908
12/30/2021,Illinois,12859995,30136,109,2154058,31017
12/31/2021,Illinois,12859995,0,0,2154058,31017
1/1/2022,Illinois,12859995,0,0,2154058,31017
1/2/2022,Illinois,12859995,0,0,2154058,31017
1/3/2022,Illinois,12859995,89157,195,2243215,31212
1/4/2022,Illinois,12859995,24426,100,2267641,31312
1/5/2022,Illinois,12859995,32209,104,2299850,31416
1/6/2022,Illinois,12859995,43984,120,2343834,31536
1/7/2022,Illinois,12859995,42838,124,2386672,31660
1/8/2022,Illinois,12859995,0,0,2386672,31660
1/9/2022,Illinois,12859995,0,0,2386672,31660
1/10/2022,Illinois,12859995,77478,256,2464150,31916
1/11/2022,Illinois,12859995,27895,112,2492045,32028
1/12/2022,Illinois,12859995,34790,159,2526835,32187
1/13/2022,Illinois,12859995,36880,169,2563715,32356
1/14/2022,Illinois,12859995,29663,176,2593378,32532
1/15/2022,Illinois,12859995,0,0,2593378,32532
1/16/2022,Illinois,12859995,0,0,2593378,32532
1/17/2022,Illinois,12859995,0,0,2593378,32532
1/18/2022,Illinois,12859995,93423,319,2686801,32851
1/19/2022,Illinois,12859995,26430,201,2713231,33052
1/20/2022,Illinois,12859995,23370,226,2736601,33278
1/21/2022,Illinois,12859995,40752,168,2777353,33446
1/22/2022,Illinois,12859995,0,0,2777353,33446
1/23/2022,Illinois,12859995,0,0,2777353,33446
1/24/2022,Illinois,12859995,64641,357,2841994,33803
1/25/2022,Illinois,12859995,13824,139,2855818,33942
1/26/2022,Illinois,12859995,15723,189,2871541,34131
1/27/2022,Illinois,12859995,14726,167,2886267,34298
1/28/2022,Illinois,12859995,15523,141,2901790,34439
1/29/2022,Illinois,12859995,0,0,2901790,34439
1/30/2022,Illinois,12859995,0,0,2901790,34439
1/31/2022,Illinois,12859995,23900,265,2925690,34704
2/1/2022,Illinois,12859995,8712,149,2934402,34853
2/2/2022,Illinois,12859995,9427,113,2943829,34966
2/3/2022,Illinois,12859995,0,0,2943829,34966
2/4/2022,Illinois,12859995,18668,191,2962497,35157
2/5/2022,Illinois,12859995,0,0,2962497,35157
2/6/2022,Illinois,12859995,0,0,2962497,35157
2/7/2022,Illinois,12859995,13984,216,2976481,35373
2/8/2022,Illinois,12859995,5789,103,2982270,35476
7/1/2021,Indiana,6619680,392,5,757671,13855
7/2/2021,Indiana,6619680,407,8,758078,13863
7/3/2021,Indiana,6619680,0,0,758078,13863
7/4/2021,Indiana,6619680,0,0,758078,13863
7/5/2021,Indiana,6619680,0,0,758078,13863
7/6/2021,Indiana,6619680,978,21,759056,13884
7/7/2021,Indiana,6619680,372,8,759428,13892
7/8/2021,Indiana,6619680,557,17,759985,13909
7/9/2021,Indiana,6619680,437,5,760422,13914
7/10/2021,Indiana,6619680,0,0,760422,13914
7/11/2021,Indiana,6619680,0,0,760422,13914
7/12/2021,Indiana,6619680,841,9,761263,13923
7/13/2021,Indiana,6619680,575,10,761838,13933
7/14/2021,Indiana,6619680,581,5,762419,13938
7/15/2021,Indiana,6619680,557,1,762976,13939
7/16/2021,Indiana,6619680,546,1,763522,13940
7/17/2021,Indiana,6619680,0,0,763522,13940
7/18/2021,Indiana,6619680,0,0,763522,13940
7/19/2021,Indiana,6619680,1311,12,764833,13952
7/20/2021,Indiana,6619680,657,6,765490,13958
7/21/2021,Indiana,6619680,710,6,766200,13964
7/22/2021,Indiana,6619680,852,-1,767052,13963
7/23/2021,Indiana,6619680,760,2,767812,13965
7/24/2021,Indiana,6619680,0,0,767812,13965
7/25/2021,Indiana,6619680,0,0,767812,13965
7/26/2021,Indiana,6619680,1900,0,769712,13965
7/27/2021,Indiana,6619680,1058,15,770770,13980
7/28/2021,Indiana,6619680,1216,13,771986,13993
7/29/2021,Indiana,6619680,1250,6,773236,13999
7/30/2021,Indiana,6619680,1426,6,774662,14005
7/31/2021,Indiana,6619680,0,0,774662,14005
8/1/2021,Indiana,6619680,0,0,774662,14005
8/2/2021,Indiana,6619680,2797,7,777459,14012
8/3/2021,Indiana,6619680,1589,13,779048,14025
8/4/2021,Indiana,6619680,1730,14,780778,14039
8/5/2021,Indiana,6619680,1899,6,782677,14045
8/6/2021,Indiana,6619680,2008,9,784685,14054
8/7/2021,Indiana,6619680,0,0,784685,14054
8/8/2021,Indiana,6619680,0,0,784685,14054
8/9/2021,Indiana,6619680,4941,10,789626,14064
8/10/2021,Indiana,6619680,2197,27,791823,14091
8/11/2021,Indiana,6619680,2466,19,794289,14110
8/12/2021,Indiana,6619680,3152,6,797441,14116
8/13/2021,Indiana,6619680,2655,12,800096,14128
8/14/2021,Indiana,6619680,0,0,800096,14128
8/15/2021,Indiana,6619680,0,0,800096,14128
8/16/2021,Indiana,6619680,6667,16,806763,14144
8/17/2021,Indiana,6619680,2695,29,809458,14173
8/18/2021,Indiana,6619680,3444,25,812902,14198
8/19/2021,Indiana,6619680,3502,16,816404,14214
8/20/2021,Indiana,6619680,4103,14,820507,14228
8/21/2021,Indiana,6619680,0,0,820507,14228
8/22/2021,Indiana,6619680,0,0,820507,14228
8/23/2021,Indiana,6619680,8399,35,828906,14263
8/24/2021,Indiana,6619680,3460,57,832366,14320
8/25/2021,Indiana,6619680,4960,20,837326,14340
8/26/2021,Indiana,6619680,4904,12,842230,14352
8/27/2021,Indiana,6619680,4827,21,847057,14373
8/28/2021,Indiana,6619680,0,0,847057,14373
8/29/2021,Indiana,6619680,0,0,847057,14373
8/30/2021,Indiana,6619680,11338,46,858395,14419
8/31/2021,Indiana,6619680,3542,72,861937,14491
9/1/2021,Indiana,6619680,4735,29,866672,14520
9/2/2021,Indiana,6619680,5151,25,871823,14545
9/3/2021,Indiana,6619680,5027,25,876850,14570
9/4/2021,Indiana,6619680,0,0,876850,14570
9/5/2021,Indiana,6619680,0,0,876850,14570
9/6/2021,Indiana,6619680,0,0,876850,14570
9/7/2021,Indiana,6619680,12977,53,889827,14623
9/8/2021,Indiana,6619680,2906,86,892733,14709
9/9/2021,Indiana,6619680,5152,50,897885,14759
9/10/2021,Indiana,6619680,5334,24,903219,14783
9/11/2021,Indiana,6619680,0,0,903219,14783
9/12/2021,Indiana,6619680,0,0,903219,14783
9/13/2021,Indiana,6619680,10170,65,913389,14848
9/14/2021,Indiana,6619680,3512,92,916901,14940
9/15/2021,Indiana,6619680,4705,71,921606,15011
9/16/2021,Indiana,6619680,4092,35,925698,15046
9/17/2021,Indiana,6619680,4288,37,929986,15083
9/18/2021,Indiana,6619680,0,0,929986,15083
9/19/2021,Indiana,6619680,0,0,929986,15083
9/20/2021,Indiana,6619680,7984,74,937970,15157
9/21/2021,Indiana,6619680,2638,82,940608,15239
9/22/2021,Indiana,6619680,3904,76,944512,15315
9/23/2021,Indiana,6619680,3587,28,948099,15343
9/24/2021,Indiana,6619680,3209,34,951308,15377
9/25/2021,Indiana,6619680,0,0,951308,15377
9/26/2021,Indiana,6619680,0,0,951308,15377
9/27/2021,Indiana,6619680,6324,97,957632,15474
9/28/2021,Indiana,6619680,2310,87,959942,15561
9/29/2021,Indiana,6619680,2863,64,962805,15625
9/30/2021,Indiana,6619680,3394,33,966199,15658
10/1/2021,Indiana,6619680,3176,28,969375,15686
10/2/2021,Indiana,6619680,0,0,969375,15686
10/3/2021,Indiana,6619680,0,0,969375,15686
10/4/2021,Indiana,6619680,6090,87,975465,15773
10/5/2021,Indiana,6619680,2102,71,977567,15844
10/6/2021,Indiana,6619680,2639,77,980206,15921
10/7/2021,Indiana,6619680,2203,32,982409,15953
10/8/2021,Indiana,6619680,3540,29,985949,15982
10/9/2021,Indiana,6619680,0,0,985949,15982
10/10/2021,Indiana,6619680,0,0,985949,15982
10/11/2021,Indiana,6619680,4725,80,990674,16062
10/12/2021,Indiana,6619680,1605,47,992279,16109
10/13/2021,Indiana,6619680,2695,31,994974,16140
10/14/2021,Indiana,6619680,2632,85,997606,16225
10/15/2021,Indiana,6619680,2264,20,999870,16245
10/16/2021,Indiana,6619680,0,0,999870,16245
10/17/2021,Indiana,6619680,0,0,999870,16245
10/18/2021,Indiana,6619680,3828,64,1003698,16309
10/19/2021,Indiana,6619680,1535,61,1005233,16370
10/20/2021,Indiana,6619680,1953,53,1007186,16423
10/21/2021,Indiana,6619680,2152,26,1009338,16449
10/22/2021,Indiana,6619680,1885,21,1011223,16470
10/23/2021,Indiana,6619680,0,0,1011223,16470
10/24/2021,Indiana,6619680,0,0,1011223,16470
10/25/2021,Indiana,6619680,3519,54,1014742,16524
10/26/2021,Indiana,6619680,1413,43,1016155,16567
10/27/2021,Indiana,6619680,2062,65,1018217,16632
10/28/2021,Indiana,6619680,2069,34,1020286,16666
10/29/2021,Indiana,6619680,1916,17,1022202,16683
10/30/2021,Indiana,6619680,0,0,1022202,16683
10/31/2021,Indiana,6619680,0,0,1022202,16683
11/1/2021,Indiana,6619680,3975,54,1026177,16737
11/2/2021,Indiana,6619680,1371,46,1027548,16783
11/3/2021,Indiana,6619680,1972,58,1029520,16841
11/4/2021,Indiana,6619680,2033,18,1031553,16859
11/5/2021,Indiana,6619680,2313,39,1033866,16898
11/6/2021,Indiana,6619680,0,0,1033866,16898
11/7/2021,Indiana,6619680,0,0,1033866,16898
11/8/2021,Indiana,6619680,4848,18,1038714,16916
11/9/2021,Indiana,6619680,1971,60,1040685,16976
11/10/2021,Indiana,6619680,2809,19,1043494,16995
11/11/2021,Indiana,6619680,6883,18,1050377,17013
11/12/2021,Indiana,6619680,2790,75,1053167,17088
11/13/2021,Indiana,6619680,0,0,1053167,17088
11/14/2021,Indiana,6619680,0,0,1053167,17088
11/15/2021,Indiana,6619680,5995,17,1059162,17105
11/16/2021,Indiana,6619680,2808,42,1061970,17147
11/17/2021,Indiana,6619680,3418,44,1065388,17191
11/18/2021,Indiana,6619680,3925,29,1069313,17220
11/19/2021,Indiana,6619680,3733,27,1073046,17247
11/20/2021,Indiana,6619680,0,0,1073046,17247
11/21/2021,Indiana,6619680,0,0,1073046,17247
11/22/2021,Indiana,6619680,7926,69,1080972,17316
11/23/2021,Indiana,6619680,3139,53,1084111,17369
11/24/2021,Indiana,6619680,3984,17,1088095,17386
11/25/2021,Indiana,6619680,0,0,1088095,17386
11/26/2021,Indiana,6619680,0,0,1088095,17386
11/27/2021,Indiana,6619680,0,0,1088095,17386
11/28/2021,Indiana,6619680,0,0,1088095,17386
11/29/2021,Indiana,6619680,12649,52,1100744,17438
11/30/2021,Indiana,6619680,4060,119,1104804,17557
12/1/2021,Indiana,6619680,6008,64,1110812,17621
12/2/2021,Indiana,6619680,5550,31,1116362,17652
12/3/2021,Indiana,6619680,5603,60,1121965,17712
12/4/2021,Indiana,6619680,0,0,1121965,17712
12/5/2021,Indiana,6619680,0,0,1121965,17712
12/6/2021,Indiana,6619680,12390,24,1134355,17736
12/7/2021,Indiana,6619680,4180,93,1138535,17829
12/8/2021,Indiana,6619680,5252,80,1143787,17909
12/9/2021,Indiana,6619680,5488,45,1149275,17954
12/10/2021,Indiana,6619680,5277,60,1154552,18014
12/11/2021,Indiana,6619680,0,0,1154552,18014
12/12/2021,Indiana,6619680,0,0,1154552,18014
12/13/2021,Indiana,6619680,11384,70,1165936,18084
12/14/2021,Indiana,6619680,4001,92,1169937,18176
12/15/2021,Indiana,6619680,4677,96,1174614,18272
12/16/2021,Indiana,6619680,5467,60,1180081,18332
12/17/2021,Indiana,6619680,5145,53,1185226,18385
12/18/2021,Indiana,6619680,0,0,1185226,18385
12/19/2021,Indiana,6619680,0,0,1185226,18385
12/20/2021,Indiana,6619680,10901,104,1196127,18489
12/21/2021,Indiana,6619680,3713,119,1199840,18608
12/22/2021,Indiana,6619680,4781,88,1204621,18696
12/23/2021,Indiana,6619680,0,0,1204621,18696
12/24/2021,Indiana,6619680,0,0,1204621,18696
12/25/2021,Indiana,6619680,0,0,1204621,18696
12/26/2021,Indiana,6619680,0,0,1204621,18696
12/27/2021,Indiana,6619680,20380,64,1225001,18760
12/28/2021,Indiana,6619680,5710,170,1230711,18930
12/29/2021,Indiana,6619680,7917,59,1238628,18989
12/30/2021,Indiana,6619680,11937,48,1250565,19037
12/31/2021,Indiana,6619680,0,0,1250565,19037
1/1/2022,Indiana,6619680,0,0,1250565,19037
1/2/2022,Indiana,6619680,0,0,1250565,19037
1/3/2022,Indiana,6619680,31436,47,1282001,19084
1/4/2022,Indiana,6619680,8306,172,1290307,19256
1/5/2022,Indiana,6619680,12894,40,1303201,19296
1/6/2022,Indiana,6619680,15211,152,1318412,19448
1/7/2022,Indiana,6619680,14735,166,1333147,19614
1/8/2022,Indiana,6619680,0,0,1333147,19614
1/9/2022,Indiana,6619680,0,0,1333147,19614
1/10/2022,Indiana,6619680,37388,182,1370535,19796
1/11/2022,Indiana,6619680,11813,112,1382348,19908
1/12/2022,Indiana,6619680,15013,127,1397361,20035
1/13/2022,Indiana,6619680,16464,88,1413825,20123
1/14/2022,Indiana,6619680,15858,103,1429683,20226
1/15/2022,Indiana,6619680,0,0,1429683,20226
1/16/2022,Indiana,6619680,0,0,1429683,20226
1/17/2022,Indiana,6619680,36586,82,1466269,20308
1/18/2022,Indiana,6619680,11832,77,1478101,20385
1/19/2022,Indiana,6619680,16213,115,1494314,20500
1/20/2022,Indiana,6619680,16370,137,1510684,20637
1/21/2022,Indiana,6619680,17682,114,1528366,20751
1/22/2022,Indiana,6619680,0,0,1528366,20751
1/23/2022,Indiana,6619680,0,0,1528366,20751
1/24/2022,Indiana,6619680,35593,45,1563959,20796
1/25/2022,Indiana,6619680,9731,132,1573690,20928
1/26/2022,Indiana,6619680,4961,128,1578651,21056
1/27/2022,Indiana,6619680,12205,109,1590856,21165
1/28/2022,Indiana,6619680,17095,136,1607951,21301
1/29/2022,Indiana,6619680,0,0,1607951,21301
1/30/2022,Indiana,6619680,0,0,1607951,21301
1/31/2022,Indiana,6619680,19373,55,1627324,21356
2/1/2022,Indiana,6619680,5669,131,1632993,21487
2/2/2022,Indiana,6619680,6914,111,1639907,21598
2/3/2022,Indiana,6619680,6626,68,1646533,21666
2/4/2022,Indiana,6619680,4320,46,1650853,21712
2/5/2022,Indiana,6619680,0,0,1650853,21712
2/6/2022,Indiana,6619680,0,0,1650853,21712
2/7/2022,Indiana,6619680,5054,100,1655907,21812
2/8/2022,Indiana,6619680,3147,99,1659054,21911
7/1/2021,Kansas,2911641,42,1,319626,5189
7/2/2021,Kansas,2911641,365,3,319991,5192
7/3/2021,Kansas,2911641,0,0,319991,5192
7/4/2021,Kansas,2911641,0,0,319991,5192
7/5/2021,Kansas,2911641,0,0,319991,5192
7/6/2021,Kansas,2911641,79,-2,320070,5190
7/7/2021,Kansas,2911641,930,6,321000,5196
7/8/2021,Kansas,2911641,11,0,321011,5196
7/9/2021,Kansas,2911641,801,12,321812,5208
7/10/2021,Kansas,2911641,0,0,321812,5208
7/11/2021,Kansas,2911641,0,0,321812,5208
7/12/2021,Kansas,2911641,646,11,322458,5219
7/13/2021,Kansas,2911641,47,0,322505,5219
7/14/2021,Kansas,2911641,220,1,322725,5220
7/15/2021,Kansas,2911641,48,0,322773,5220
7/16/2021,Kansas,2911641,1965,12,324738,5232
7/17/2021,Kansas,2911641,0,0,324738,5232
7/18/2021,Kansas,2911641,0,0,324738,5232
7/19/2021,Kansas,2911641,806,2,325544,5234
7/20/2021,Kansas,2911641,48,0,325592,5234
7/21/2021,Kansas,2911641,1227,1,326819,5235
7/22/2021,Kansas,2911641,57,1,326876,5236
7/23/2021,Kansas,2911641,1717,39,328593,5275
7/24/2021,Kansas,2911641,10,0,328603,5275
7/25/2021,Kansas,2911641,0,0,328603,5275
7/26/2021,Kansas,2911641,1338,7,329941,5282
7/27/2021,Kansas,2911641,77,0,330018,5282
7/28/2021,Kansas,2911641,2243,0,332261,5282
7/29/2021,Kansas,2911641,33,2,332294,5284
7/30/2021,Kansas,2911641,1825,10,334119,5294
7/31/2021,Kansas,2911641,40,0,334159,5294
8/1/2021,Kansas,2911641,0,0,334159,5294
8/2/2021,Kansas,2911641,1681,7,335840,5301
8/3/2021,Kansas,2911641,84,-2,335924,5299
8/4/2021,Kansas,2911641,2644,19,338568,5318
8/5/2021,Kansas,2911641,98,4,338666,5322
8/6/2021,Kansas,2911641,2075,13,340741,5335
8/7/2021,Kansas,2911641,0,0,340741,5335
8/8/2021,Kansas,2911641,0,0,340741,5335
8/9/2021,Kansas,2911641,2721,20,343462,5355
8/10/2021,Kansas,2911641,29,1,343491,5356
8/11/2021,Kansas,2911641,2690,33,346181,5389
8/12/2021,Kansas,2911641,39,4,346220,5393
8/13/2021,Kansas,2911641,2853,24,349073,5417
8/14/2021,Kansas,2911641,0,0,349073,5417
8/15/2021,Kansas,2911641,0,0,349073,5417
8/16/2021,Kansas,2911641,2371,8,351444,5425
8/17/2021,Kansas,2911641,110,2,351554,5427
8/18/2021,Kansas,2911641,2706,0,354260,5427
8/19/2021,Kansas,2911641,109,2,354369,5429
8/20/2021,Kansas,2911641,2826,91,357195,5520
8/21/2021,Kansas,2911641,19,0,357214,5520
8/22/2021,Kansas,2911641,52,0,357266,5520
8/23/2021,Kansas,2911641,2721,2,359987,5522
8/24/2021,Kansas,2911641,101,3,360088,5525
8/25/2021,Kansas,2911641,3442,36,363530,5561
8/26/2021,Kansas,2911641,155,1,363685,5562
8/27/2021,Kansas,2911641,3163,13,366848,5575
8/28/2021,Kansas,2911641,0,0,366848,5575
8/29/2021,Kansas,2911641,78,0,366926,5575
8/30/2021,Kansas,2911641,3134,8,370060,5583
8/31/2021,Kansas,2911641,68,6,370128,5589
9/1/2021,Kansas,2911641,4186,21,374314,5610
9/2/2021,Kansas,2911641,112,3,374426,5613
9/3/2021,Kansas,2911641,3818,44,378244,5657
9/4/2021,Kansas,2911641,0,0,378244,5657
9/5/2021,Kansas,2911641,0,2,378244,5659
9/6/2021,Kansas,2911641,0,0,378244,5659
9/7/2021,Kansas,2911641,238,3,378482,5662
9/8/2021,Kansas,2911641,5451,55,383933,5717
9/9/2021,Kansas,2911641,101,2,384034,5719
9/10/2021,Kansas,2911641,4164,64,388198,5783
9/11/2021,Kansas,2911641,0,0,388198,5783
9/12/2021,Kansas,2911641,0,0,388198,5783
9/13/2021,Kansas,2911641,2784,8,390982,5791
9/14/2021,Kansas,2911641,131,3,391113,5794
9/15/2021,Kansas,2911641,3663,24,394776,5818
9/16/2021,Kansas,2911641,72,8,394848,5826
9/17/2021,Kansas,2911641,3206,57,398054,5883
9/18/2021,Kansas,2911641,0,0,398054,5883
9/19/2021,Kansas,2911641,0,0,398054,5883
9/20/2021,Kansas,2911641,2391,53,400445,5936
9/21/2021,Kansas,2911641,95,3,400540,5939
9/22/2021,Kansas,2911641,2438,6,402978,5945
9/23/2021,Kansas,2911641,48,2,403026,5947
9/24/2021,Kansas,2911641,2469,58,405495,6005
9/25/2021,Kansas,2911641,18,0,405513,6005
9/26/2021,Kansas,2911641,0,0,405513,6005
9/27/2021,Kansas,2911641,1923,45,407436,6050
9/28/2021,Kansas,2911641,104,6,407540,6056
9/29/2021,Kansas,2911641,2397,23,409937,6079
9/30/2021,Kansas,2911641,104,0,410041,6079
10/1/2021,Kansas,2911641,2278,18,412319,6097
10/2/2021,Kansas,2911641,13,0,412332,6097
10/3/2021,Kansas,2911641,0,0,412332,6097
10/4/2021,Kansas,2911641,1795,1,414127,6098
10/5/2021,Kansas,2911641,2,0,414129,6098
10/6/2021,Kansas,2911641,2299,36,416428,6134
10/7/2021,Kansas,2911641,117,6,416545,6140
10/8/2021,Kansas,2911641,2119,6,418664,6146
10/9/2021,Kansas,2911641,0,0,418664,6146
10/10/2021,Kansas,2911641,0,0,418664,6146
10/11/2021,Kansas,2911641,1622,27,420286,6173
10/12/2021,Kansas,2911641,15,0,420301,6173
10/13/2021,Kansas,2911641,1960,10,422261,6183
10/14/2021,Kansas,2911641,47,0,422308,6183
10/15/2021,Kansas,2911641,1778,16,424086,6199
10/16/2021,Kansas,2911641,22,0,424108,6199
10/17/2021,Kansas,2911641,0,0,424108,6199
10/18/2021,Kansas,2911641,1492,4,425600,6203
10/19/2021,Kansas,2911641,261,-5,425861,6198
10/20/2021,Kansas,2911641,2002,15,427863,6213
10/21/2021,Kansas,2911641,160,1,428023,6214
10/22/2021,Kansas,2911641,1737,24,429760,6238
10/23/2021,Kansas,2911641,0,0,429760,6238
10/24/2021,Kansas,2911641,0,0,429760,6238
10/25/2021,Kansas,2911641,1498,30,431258,6268
10/26/2021,Kansas,2911641,6,0,431264,6268
10/27/2021,Kansas,2911641,2530,102,433794,6370
10/28/2021,Kansas,2911641,47,1,433841,6371
10/29/2021,Kansas,2911641,1860,67,435701,6438
10/30/2021,Kansas,2911641,0,0,435701,6438
10/31/2021,Kansas,2911641,0,0,435701,6438
11/1/2021,Kansas,2911641,1222,9,436923,6447
11/2/2021,Kansas,2911641,8,2,436931,6449
11/3/2021,Kansas,2911641,2243,28,439174,6477
11/4/2021,Kansas,2911641,93,0,439267,6477
11/5/2021,Kansas,2911641,2011,47,441278,6524
11/6/2021,Kansas,2911641,0,0,441278,6524
11/7/2021,Kansas,2911641,0,0,441278,6524
11/8/2021,Kansas,2911641,1822,37,443100,6561
11/9/2021,Kansas,2911641,123,4,443223,6565
11/10/2021,Kansas,2911641,2782,74,446005,6639
11/11/2021,Kansas,2911641,0,0,446005,6639
11/12/2021,Kansas,2911641,2683,5,448688,6644
11/13/2021,Kansas,2911641,0,0,448688,6644
11/14/2021,Kansas,2911641,0,0,448688,6644
11/15/2021,Kansas,2911641,1988,-2,450676,6642
11/16/2021,Kansas,2911641,170,3,450846,6645
11/17/2021,Kansas,2911641,2969,19,453815,6664
11/18/2021,Kansas,2911641,160,2,453975,6666
11/19/2021,Kansas,2911641,2745,2,456720,6668
11/20/2021,Kansas,2911641,39,0,456759,6668
11/21/2021,Kansas,2911641,0,0,456759,6668
11/22/2021,Kansas,2911641,2380,1,459139,6669
11/23/2021,Kansas,2911641,42,1,459181,6670
11/24/2021,Kansas,2911641,2971,37,462152,6707
11/25/2021,Kansas,2911641,0,0,462152,6707
11/26/2021,Kansas,2911641,0,-3,462152,6704
11/27/2021,Kansas,2911641,0,0,462152,6704
11/28/2021,Kansas,2911641,0,0,462152,6704
11/29/2021,Kansas,2911641,4048,12,466200,6716
11/30/2021,Kansas,2911641,140,1,466340,6717
12/1/2021,Kansas,2911641,4203,19,470543,6736
12/2/2021,Kansas,2911641,163,0,470706,6736
12/3/2021,Kansas,2911641,4667,23,475373,6759
12/4/2021,Kansas,2911641,0,0,475373,6759
12/5/2021,Kansas,2911641,98,0,475471,6759
12/6/2021,Kansas,2911641,3223,13,478694,6772
12/7/2021,Kansas,2911641,93,3,478787,6775
12/8/2021,Kansas,2911641,4430,24,483217,6799
12/9/2021,Kansas,2911641,21,0,483238,6799
12/10/2021,Kansas,2911641,3742,59,486980,6858
12/11/2021,Kansas,2911641,0,0,486980,6858
12/12/2021,Kansas,2911641,0,0,486980,6858
12/13/2021,Kansas,2911641,3251,44,490231,6902
12/14/2021,Kansas,2911641,102,0,490333,6902
12/15/2021,Kansas,2911641,4033,22,494366,6924
12/16/2021,Kansas,2911641,189,0,494555,6924
12/17/2021,Kansas,2911641,4216,13,498771,6937
12/18/2021,Kansas,2911641,0,0,498771,6937
12/19/2021,Kansas,2911641,0,0,498771,6937
12/20/2021,Kansas,2911641,2561,7,501332,6944
12/21/2021,Kansas,2911641,112,0,501444,6944
12/22/2021,Kansas,2911641,5030,34,506474,6978
12/23/2021,Kansas,2911641,26,1,506500,6979
12/24/2021,Kansas,2911641,19,0,506519,6979
12/25/2021,Kansas,2911641,0,0,506519,6979
12/26/2021,Kansas,2911641,0,0,506519,6979
12/27/2021,Kansas,2911641,6420,11,512939,6990
12/28/2021,Kansas,2911641,25,2,512964,6992
12/29/2021,Kansas,2911641,7363,36,520327,7028
12/30/2021,Kansas,2911641,173,2,520500,7030
12/31/2021,Kansas,2911641,0,0,520500,7030
1/1/2022,Kansas,2911641,0,0,520500,7030
1/2/2022,Kansas,2911641,0,0,520500,7030
1/3/2022,Kansas,2911641,14478,42,534978,7072
1/4/2022,Kansas,2911641,152,0,535130,7072
1/5/2022,Kansas,2911641,14997,18,550127,7090
1/6/2022,Kansas,2911641,247,3,550374,7093
1/7/2022,Kansas,2911641,16027,31,566401,7124
1/8/2022,Kansas,2911641,0,0,566401,7124
1/9/2022,Kansas,2911641,0,0,566401,7124
1/10/2022,Kansas,2911641,13615,20,580016,7144
1/11/2022,Kansas,2911641,704,0,580720,7144
1/12/2022,Kansas,2911641,21157,-2,601877,7142
1/13/2022,Kansas,2911641,1177,32,603054,7174
1/14/2022,Kansas,2911641,18589,20,621643,7194
1/15/2022,Kansas,2911641,0,0,621643,7194
1/16/2022,Kansas,2911641,0,0,621643,7194
1/17/2022,Kansas,2911641,6,0,621649,7194
1/18/2022,Kansas,2911641,1311,6,622960,7200
1/19/2022,Kansas,2911641,37991,126,660951,7326
1/20/2022,Kansas,2911641,0,0,660951,7326
1/21/2022,Kansas,2911641,20789,26,681740,7352
1/22/2022,Kansas,2911641,0,0,681740,7352
1/23/2022,Kansas,2911641,0,0,681740,7352
1/24/2022,Kansas,2911641,14281,19,696021,7371
1/25/2022,Kansas,2911641,185,1,696206,7372
1/26/2022,Kansas,2911641,14097,51,710303,7423
1/27/2022,Kansas,2911641,200,3,710503,7426
1/28/2022,Kansas,2911641,12782,124,723285,7550
1/29/2022,Kansas,2911641,0,0,723285,7550
1/30/2022,Kansas,2911641,0,0,723285,7550
1/31/2022,Kansas,2911641,7751,15,731036,7565
2/1/2022,Kansas,2911641,125,2,731161,7567
2/2/2022,Kansas,2911641,8938,37,740099,7604
2/3/2022,Kansas,2911641,54,4,740153,7608
2/4/2022,Kansas,2911641,4812,135,744965,7743
2/5/2022,Kansas,2911641,0,0,744965,7743
2/6/2022,Kansas,2911641,0,0,744965,7743
2/7/2022,Kansas,2911641,4026,9,748991,7752
2/8/2022,Kansas,2911641,123,3,749114,7755
7/1/2021,Kentucky,4425092,164,2,466106,7269
7/2/2021,Kentucky,4425092,172,11,466278,7280
7/3/2021,Kentucky,4425092,0,0,466278,7280
7/4/2021,Kentucky,4425092,0,0,466278,7280
7/5/2021,Kentucky,4425092,0,0,466278,7280
7/6/2021,Kentucky,4425092,440,12,466718,7292
7/7/2021,Kentucky,4425092,329,4,467047,7296
7/8/2021,Kentucky,4425092,292,3,467339,7299
7/9/2021,Kentucky,4425092,351,2,467690,7301
7/10/2021,Kentucky,4425092,0,0,467690,7301
7/11/2021,Kentucky,4425092,0,0,467690,7301
7/12/2021,Kentucky,4425092,737,9,468427,7310
7/13/2021,Kentucky,4425092,430,3,468857,7313
7/14/2021,Kentucky,4425092,630,5,469487,7318
7/15/2021,Kentucky,4425092,525,5,470012,7323
7/16/2021,Kentucky,4425092,526,5,470538,7328
7/17/2021,Kentucky,4425092,0,0,470538,7328
7/18/2021,Kentucky,4425092,0,0,470538,7328
7/19/2021,Kentucky,4425092,1008,16,471546,7344
7/20/2021,Kentucky,4425092,989,3,472535,7347
7/21/2021,Kentucky,4425092,919,2,473454,7349
7/22/2021,Kentucky,4425092,905,2,474359,7351
7/23/2021,Kentucky,4425092,992,4,475351,7355
7/24/2021,Kentucky,4425092,0,0,475351,7355
7/25/2021,Kentucky,4425092,0,0,475351,7355
7/26/2021,Kentucky,4425092,2220,7,477571,7362
7/27/2021,Kentucky,4425092,1224,4,478795,7366
7/28/2021,Kentucky,4425092,1660,2,480455,7368
7/29/2021,Kentucky,4425092,1536,2,481991,7370
7/30/2021,Kentucky,4425092,1615,7,483606,7377
7/31/2021,Kentucky,4425092,113,1,483719,7378
8/1/2021,Kentucky,4425092,0,0,483719,7378
8/2/2021,Kentucky,4425092,3502,15,487221,7393
8/3/2021,Kentucky,4425092,1686,13,488907,7406
8/4/2021,Kentucky,4425092,2518,15,491425,7421
8/5/2021,Kentucky,4425092,2330,5,493755,7426
8/6/2021,Kentucky,4425092,2460,6,496215,7432
8/7/2021,Kentucky,4425092,114,0,496329,7432
8/8/2021,Kentucky,4425092,122,0,496451,7432
8/9/2021,Kentucky,4425092,5058,17,501509,7449
8/10/2021,Kentucky,4425092,2366,5,503875,7454
8/11/2021,Kentucky,4425092,3027,13,506902,7467
8/12/2021,Kentucky,4425092,2614,5,509516,7472
8/13/2021,Kentucky,4425092,3886,13,513402,7485
8/14/2021,Kentucky,4425092,164,1,513566,7486
8/15/2021,Kentucky,4425092,132,0,513698,7486
8/16/2021,Kentucky,4425092,6651,18,520349,7504
8/17/2021,Kentucky,4425092,3141,7,523490,7511
8/18/2021,Kentucky,4425092,3694,12,527184,7523
8/19/2021,Kentucky,4425092,4770,9,531954,7532
8/20/2021,Kentucky,4425092,4137,40,536091,7572
8/21/2021,Kentucky,4425092,29,0,536120,7572
8/22/2021,Kentucky,4425092,397,0,536517,7572
8/23/2021,Kentucky,4425092,8057,34,544574,7606
8/24/2021,Kentucky,4425092,4726,27,549300,7633
8/25/2021,Kentucky,4425092,5081,65,554381,7698
8/26/2021,Kentucky,4425092,5210,23,559591,7721
8/27/2021,Kentucky,4425092,4847,18,564438,7739
8/28/2021,Kentucky,4425092,377,4,564815,7743
8/29/2021,Kentucky,4425092,586,0,565401,7743
8/30/2021,Kentucky,4425092,9623,53,575024,7796
8/31/2021,Kentucky,4425092,4669,30,579693,7826
9/1/2021,Kentucky,4425092,4931,16,584624,7842
9/2/2021,Kentucky,4425092,5132,42,589756,7884
9/3/2021,Kentucky,4425092,5444,23,595200,7907
9/4/2021,Kentucky,4425092,579,3,595779,7910
9/5/2021,Kentucky,4425092,213,0,595992,7910
9/6/2021,Kentucky,4425092,606,0,596598,7910
9/7/2021,Kentucky,4425092,11490,53,608088,7963
9/8/2021,Kentucky,4425092,5033,38,613121,8001
9/9/2021,Kentucky,4425092,5331,39,618452,8040
9/10/2021,Kentucky,4425092,5352,32,623804,8072
9/11/2021,Kentucky,4425092,385,4,624189,8076
9/12/2021,Kentucky,4425092,0,0,624189,8076
9/13/2021,Kentucky,4425092,9329,56,633518,8132
9/14/2021,Kentucky,4425092,4650,35,638168,8167
9/15/2021,Kentucky,4425092,5518,57,643686,8224
9/16/2021,Kentucky,4425092,4931,54,648617,8278
9/17/2021,Kentucky,4425092,5325,53,653942,8331
9/18/2021,Kentucky,4425092,435,6,654377,8337
9/19/2021,Kentucky,4425092,348,0,654725,8337
9/20/2021,Kentucky,4425092,8238,71,662963,8408
9/21/2021,Kentucky,4425092,3306,42,666269,8450
9/22/2021,Kentucky,4425092,4521,48,670790,8498
9/23/2021,Kentucky,4425092,4214,47,675004,8545
9/24/2021,Kentucky,4425092,3898,29,678902,8574
9/25/2021,Kentucky,4425092,308,13,679210,8587
9/26/2021,Kentucky,4425092,201,1,679411,8588
9/27/2021,Kentucky,4425092,6329,79,685740,8667
9/28/2021,Kentucky,4425092,4367,67,690107,8734
9/29/2021,Kentucky,4425092,4054,74,694161,8808
9/30/2021,Kentucky,4425092,2700,50,696861,8858
10/1/2021,Kentucky,4425092,4110,38,700971,8896
10/2/2021,Kentucky,4425092,293,6,701264,8902
10/3/2021,Kentucky,4425092,0,3,701264,8905
10/4/2021,Kentucky,4425092,4542,86,705806,8991
10/5/2021,Kentucky,4425092,2925,20,708731,9011
10/6/2021,Kentucky,4425092,2722,56,711453,9067
10/7/2021,Kentucky,4425092,2976,64,714429,9131
10/8/2021,Kentucky,4425092,2026,31,716455,9162
10/9/2021,Kentucky,4425092,0,0,716455,9162
10/10/2021,Kentucky,4425092,0,0,716455,9162
10/11/2021,Kentucky,4425092,4483,90,720938,9252
10/12/2021,Kentucky,4425092,2211,32,723149,9284
10/13/2021,Kentucky,4425092,2694,34,725843,9318
10/14/2021,Kentucky,4425092,2069,29,727912,9347
10/15/2021,Kentucky,4425092,2062,29,729974,9376
10/16/2021,Kentucky,4425092,179,1,730153,9377
10/17/2021,Kentucky,4425092,0,0,730153,9377
10/18/2021,Kentucky,4425092,2958,101,733111,9478
10/19/2021,Kentucky,4425092,1989,50,735100,9528
10/20/2021,Kentucky,4425092,1874,62,736974,9590
10/21/2021,Kentucky,4425092,1743,47,738717,9637
10/22/2021,Kentucky,4425092,1568,26,740285,9663
10/23/2021,Kentucky,4425092,70,3,740355,9666
10/24/2021,Kentucky,4425092,0,0,740355,9666
10/25/2021,Kentucky,4425092,2501,75,742856,9741
10/26/2021,Kentucky,4425092,1422,26,744278,9767
10/27/2021,Kentucky,4425092,1520,23,745798,9790
10/28/2021,Kentucky,4425092,1619,40,747417,9830
10/29/2021,Kentucky,4425092,1369,22,748786,9852
10/30/2021,Kentucky,4425092,96,1,748882,9853
10/31/2021,Kentucky,4425092,0,1,748882,9854
11/1/2021,Kentucky,4425092,2207,39,751089,9893
11/2/2021,Kentucky,4425092,1180,20,752269,9913
11/3/2021,Kentucky,4425092,1578,19,753847,9932
11/4/2021,Kentucky,4425092,1404,30,755251,9962
11/5/2021,Kentucky,4425092,1325,55,756576,10017
11/6/2021,Kentucky,4425092,0,0,756576,10017
11/7/2021,Kentucky,4425092,0,0,756576,10017
11/8/2021,Kentucky,4425092,2248,78,758824,10095
11/9/2021,Kentucky,4425092,1715,42,760539,10137
11/10/2021,Kentucky,4425092,1827,70,762366,10207
11/11/2021,Kentucky,4425092,63,11,762429,10218
11/12/2021,Kentucky,4425092,2662,104,765091,10322
11/13/2021,Kentucky,4425092,189,10,765280,10332
11/14/2021,Kentucky,4425092,0,1,765280,10333
11/15/2021,Kentucky,4425092,2811,42,768091,10375
11/16/2021,Kentucky,4425092,1680,33,769771,10408
11/17/2021,Kentucky,4425092,2103,34,771874,10442
11/18/2021,Kentucky,4425092,1939,44,773813,10486
11/19/2021,Kentucky,4425092,957,185,774770,10671
11/20/2021,Kentucky,4425092,108,3,774878,10674
11/21/2021,Kentucky,4425092,0,2,774878,10676
11/22/2021,Kentucky,4425092,3660,93,778538,10769
11/23/2021,Kentucky,4425092,1939,68,780477,10837
11/24/2021,Kentucky,4425092,2161,43,782638,10880
11/25/2021,Kentucky,4425092,107,14,782745,10894
11/26/2021,Kentucky,4425092,0,0,782745,10894
11/27/2021,Kentucky,4425092,0,6,782745,10900
11/28/2021,Kentucky,4425092,0,0,782745,10900
11/29/2021,Kentucky,4425092,5504,110,788249,11010
11/30/2021,Kentucky,4425092,2359,28,790608,11038
12/1/2021,Kentucky,4425092,3315,52,793923,11090
12/2/2021,Kentucky,4425092,2756,43,796679,11133
12/3/2021,Kentucky,4425092,2830,63,799509,11196
12/4/2021,Kentucky,4425092,111,14,799620,11210
12/5/2021,Kentucky,4425092,0,0,799620,11210
12/6/2021,Kentucky,4425092,4948,171,804568,11381
12/7/2021,Kentucky,4425092,2748,53,807316,11434
12/8/2021,Kentucky,4425092,2832,55,810148,11489
12/9/2021,Kentucky,4425092,2638,51,812786,11540
12/10/2021,Kentucky,4425092,2701,66,815487,11606
12/11/2021,Kentucky,4425092,0,0,815487,11606
12/12/2021,Kentucky,4425092,0,0,815487,11606
12/13/2021,Kentucky,4425092,4301,107,819788,11713
12/14/2021,Kentucky,4425092,2517,11,822305,11724
12/15/2021,Kentucky,4425092,2917,19,825222,11743
12/16/2021,Kentucky,4425092,2300,23,827522,11766
12/17/2021,Kentucky,4425092,2760,39,830282,11805
12/18/2021,Kentucky,4425092,0,0,830282,11805
12/19/2021,Kentucky,4425092,0,0,830282,11805
12/20/2021,Kentucky,4425092,5249,78,835531,11883
12/21/2021,Kentucky,4425092,2598,42,838129,11925
12/22/2021,Kentucky,4425092,2877,36,841006,11961
12/23/2021,Kentucky,4425092,54,3,841060,11964
12/24/2021,Kentucky,4425092,0,0,841060,11964
12/25/2021,Kentucky,4425092,283,0,841343,11964
12/26/2021,Kentucky,4425092,384,0,841727,11964
12/27/2021,Kentucky,4425092,8822,141,850549,12105
12/28/2021,Kentucky,4425092,4869,26,855418,12131
12/29/2021,Kentucky,4425092,5650,18,861068,12149
12/30/2021,Kentucky,4425092,1195,0,862263,12149
12/31/2021,Kentucky,4425092,2336,0,864599,12149
1/1/2022,Kentucky,4425092,1442,0,866041,12149
1/2/2022,Kentucky,4425092,853,0,866894,12149
1/3/2022,Kentucky,4425092,18168,118,885062,12267
1/4/2022,Kentucky,4425092,6592,20,891654,12287
1/5/2022,Kentucky,4425092,9880,30,901534,12317
1/6/2022,Kentucky,4425092,11469,34,913003,12351
1/7/2022,Kentucky,4425092,9705,39,922708,12390
1/8/2022,Kentucky,4425092,2599,0,925307,12390
1/9/2022,Kentucky,4425092,1924,0,927231,12390
1/10/2022,Kentucky,4425092,14166,63,941397,12453
1/11/2022,Kentucky,4425092,8992,9,950389,12462
1/12/2022,Kentucky,4425092,11494,21,961883,12483
1/13/2022,Kentucky,4425092,9954,25,971837,12508
1/14/2022,Kentucky,4425092,12396,28,984233,12536
1/15/2022,Kentucky,4425092,1019,0,985252,12536
1/16/2022,Kentucky,4425092,5126,0,990378,12536
1/17/2022,Kentucky,4425092,1865,0,992243,12536
1/18/2022,Kentucky,4425092,33350,90,1025593,12626
1/19/2022,Kentucky,4425092,13021,42,1038614,12668
1/20/2022,Kentucky,4425092,13105,24,1051719,12692
1/21/2022,Kentucky,4425092,15641,27,1067360,12719
1/22/2022,Kentucky,4425092,2983,0,1070343,12719
1/23/2022,Kentucky,4425092,1356,0,1071699,12719
1/24/2022,Kentucky,4425092,25037,62,1096736,12781
1/25/2022,Kentucky,4425092,13293,22,1110029,12803
1/26/2022,Kentucky,4425092,14454,31,1124483,12834
1/27/2022,Kentucky,4425092,13128,38,1137611,12872
1/28/2022,Kentucky,4425092,14677,33,1152288,12905
1/29/2022,Kentucky,4425092,1748,0,1154036,12905
1/30/2022,Kentucky,4425092,1019,0,1155055,12905
1/31/2022,Kentucky,4425092,17456,69,1172511,12974
2/1/2022,Kentucky,4425092,7188,34,1179699,13008
2/2/2022,Kentucky,4425092,9235,26,1188934,13034
2/3/2022,Kentucky,4425092,8241,24,1197175,13058
2/4/2022,Kentucky,4425092,6929,31,1204104,13089
2/5/2022,Kentucky,4425092,658,1,1204762,13090
2/6/2022,Kentucky,4425092,356,1,1205118,13091
2/7/2022,Kentucky,4425092,7119,85,1212237,13176
2/8/2022,Kentucky,4425092,6219,37,1218456,13213
7/1/2021,Louisiana,4533372,568,10,482035,10748
7/2/2021,Louisiana,4533372,525,9,482560,10757
7/3/2021,Louisiana,4533372,0,0,482560,10757
7/4/2021,Louisiana,4533372,0,0,482560,10757
7/5/2021,Louisiana,4533372,0,0,482560,10757
7/6/2021,Louisiana,4533372,2017,6,484577,10763
7/7/2021,Louisiana,4533372,1226,2,485803,10765
7/8/2021,Louisiana,4533372,786,6,486589,10771
7/9/2021,Louisiana,4533372,969,10,487558,10781
7/10/2021,Louisiana,4533372,0,0,487558,10781
7/11/2021,Louisiana,4533372,0,0,487558,10781
7/12/2021,Louisiana,4533372,2393,8,489951,10789
7/13/2021,Louisiana,4533372,953,9,490904,10798
7/14/2021,Louisiana,4533372,1936,10,492840,10808
7/15/2021,Louisiana,4533372,1500,13,494340,10821
7/16/2021,Louisiana,4533372,1605,7,495945,10828
7/17/2021,Louisiana,4533372,0,0,495945,10828
7/18/2021,Louisiana,4533372,0,0,495945,10828
7/19/2021,Louisiana,4533372,3987,13,499932,10841
7/20/2021,Louisiana,4533372,1562,20,501494,10861
7/21/2021,Louisiana,4533372,5388,13,506882,10874
7/22/2021,Louisiana,4533372,2834,15,509716,10889
7/23/2021,Louisiana,4533372,3127,11,512843,10900
7/24/2021,Louisiana,4533372,0,0,512843,10900
7/25/2021,Louisiana,4533372,0,0,512843,10900
7/26/2021,Louisiana,4533372,7592,14,520435,10914
7/27/2021,Louisiana,4533372,6818,20,527253,10934
7/28/2021,Louisiana,4533372,4699,14,531952,10948
7/29/2021,Louisiana,4533372,4414,20,536366,10968
7/30/2021,Louisiana,4533372,5313,31,541679,10999
7/31/2021,Louisiana,4533372,0,0,541679,10999
8/1/2021,Louisiana,4533372,0,0,541679,10999
8/2/2021,Louisiana,4533372,11108,27,552787,11026
8/3/2021,Louisiana,4533372,4753,59,557540,11085
8/4/2021,Louisiana,4533372,4779,44,562319,11129
8/5/2021,Louisiana,4533372,5468,33,567787,11162
8/6/2021,Louisiana,4533372,6116,48,573903,11210
8/7/2021,Louisiana,4533372,0,0,573903,11210
8/8/2021,Louisiana,4533372,0,0,573903,11210
8/9/2021,Louisiana,4533372,16543,50,590446,11260
8/10/2021,Louisiana,4533372,6088,93,596534,11353
8/11/2021,Louisiana,4533372,5407,55,601941,11408
8/12/2021,Louisiana,4533372,5287,54,607228,11462
8/13/2021,Louisiana,4533372,7548,57,614776,11519
8/14/2021,Louisiana,4533372,0,0,614776,11519
8/15/2021,Louisiana,4533372,0,0,614776,11519
8/16/2021,Louisiana,4533372,13370,65,628146,11584
8/17/2021,Louisiana,4533372,3691,122,631837,11706
8/18/2021,Louisiana,4533372,6606,87,638443,11793
8/19/2021,Louisiana,4533372,5550,58,643993,11851
8/20/2021,Louisiana,4533372,5922,67,649915,11918
8/21/2021,Louisiana,4533372,0,0,649915,11918
8/22/2021,Louisiana,4533372,0,0,649915,11918
8/23/2021,Louisiana,4533372,10889,59,660804,11977
8/24/2021,Louisiana,4533372,3814,139,664618,12116
8/25/2021,Louisiana,4533372,6619,110,671237,12226
8/26/2021,Louisiana,4533372,5131,72,676368,12298
8/27/2021,Louisiana,4533372,3428,61,679796,12359
8/28/2021,Louisiana,4533372,0,0,679796,12359
8/29/2021,Louisiana,4533372,0,0,679796,12359
8/30/2021,Louisiana,4533372,0,0,679796,12359
8/31/2021,Louisiana,4533372,0,0,679796,12359
9/1/2021,Louisiana,4533372,12380,223,692176,12582
9/2/2021,Louisiana,4533372,2099,74,694275,12656
9/3/2021,Louisiana,4533372,2625,51,696900,12707
9/4/2021,Louisiana,4533372,0,0,696900,12707
9/5/2021,Louisiana,4533372,0,0,696900,12707
9/6/2021,Louisiana,4533372,0,0,696900,12707
9/7/2021,Louisiana,4533372,5532,72,702432,12779
9/8/2021,Louisiana,4533372,3066,136,705498,12915
9/9/2021,Louisiana,4533372,4903,77,710401,12992
9/10/2021,Louisiana,4533372,2173,64,712574,13056
9/11/2021,Louisiana,4533372,0,0,712574,13056
9/12/2021,Louisiana,4533372,0,0,712574,13056
9/13/2021,Louisiana,4533372,4132,65,716706,13121
9/14/2021,Louisiana,4533372,2718,120,719424,13241
9/15/2021,Louisiana,4533372,2371,77,721795,13318
9/16/2021,Louisiana,4533372,1663,48,723458,13366
9/17/2021,Louisiana,4533372,2179,52,725637,13418
9/18/2021,Louisiana,4533372,0,0,725637,13418
9/19/2021,Louisiana,4533372,0,0,725637,13418
9/20/2021,Louisiana,4533372,3194,55,728831,13473
9/21/2021,Louisiana,4533372,1268,85,730099,13558
9/22/2021,Louisiana,4533372,1906,99,732005,13657
9/23/2021,Louisiana,4533372,1517,45,733522,13702
9/24/2021,Louisiana,4533372,1002,39,734524,13741
9/25/2021,Louisiana,4533372,0,0,734524,13741
9/26/2021,Louisiana,4533372,0,0,734524,13741
9/27/2021,Louisiana,4533372,3058,55,737582,13796
9/28/2021,Louisiana,4533372,1031,54,738613,13850
9/29/2021,Louisiana,4533372,1048,50,739661,13900
9/30/2021,Louisiana,4533372,872,49,740533,13949
10/1/2021,Louisiana,4533372,1373,39,741906,13988
10/2/2021,Louisiana,4533372,0,0,741906,13988
10/3/2021,Louisiana,4533372,0,0,741906,13988
10/4/2021,Louisiana,4533372,1725,39,743631,14027
10/5/2021,Louisiana,4533372,1020,41,744651,14068
10/6/2021,Louisiana,4533372,920,34,745571,14102
10/7/2021,Louisiana,4533372,971,37,746542,14139
10/8/2021,Louisiana,4533372,787,34,747329,14173
10/9/2021,Louisiana,4533372,0,0,747329,14173
10/10/2021,Louisiana,4533372,0,0,747329,14173
10/11/2021,Louisiana,4533372,1464,31,748793,14204
10/12/2021,Louisiana,4533372,1129,34,749922,14238
10/13/2021,Louisiana,4533372,551,30,750473,14268
10/14/2021,Louisiana,4533372,842,28,751315,14296
10/15/2021,Louisiana,4533372,559,25,751874,14321
10/16/2021,Louisiana,4533372,0,0,751874,14321
10/17/2021,Louisiana,4533372,0,0,751874,14321
10/18/2021,Louisiana,4533372,1077,29,752951,14350
10/19/2021,Louisiana,4533372,581,38,753532,14388
10/20/2021,Louisiana,4533372,495,36,754027,14424
10/21/2021,Louisiana,4533372,923,22,754950,14446
10/22/2021,Louisiana,4533372,681,16,755631,14462
10/23/2021,Louisiana,4533372,0,0,755631,14462
10/24/2021,Louisiana,4533372,0,0,755631,14462
10/25/2021,Louisiana,4533372,878,18,756509,14480
10/26/2021,Louisiana,4533372,460,16,756969,14496
10/27/2021,Louisiana,4533372,770,10,757739,14506
10/28/2021,Louisiana,4533372,491,19,758230,14525
10/29/2021,Louisiana,4533372,241,22,758471,14547
10/30/2021,Louisiana,4533372,0,0,758471,14547
10/31/2021,Louisiana,4533372,0,0,758471,14547
11/1/2021,Louisiana,4533372,1529,8,760000,14555
11/2/2021,Louisiana,4533372,246,10,760246,14565
11/3/2021,Louisiana,4533372,445,20,760691,14585
11/4/2021,Louisiana,4533372,620,12,761311,14597
11/5/2021,Louisiana,4533372,538,18,761849,14615
11/6/2021,Louisiana,4533372,0,0,761849,14615
11/7/2021,Louisiana,4533372,0,0,761849,14615
11/8/2021,Louisiana,4533372,810,7,762659,14622
11/9/2021,Louisiana,4533372,474,27,763133,14649
11/10/2021,Louisiana,4533372,495,13,763628,14662
11/11/2021,Louisiana,4533372,0,0,763628,14662
11/12/2021,Louisiana,4533372,726,23,764354,14685
11/13/2021,Louisiana,4533372,0,0,764354,14685
11/14/2021,Louisiana,4533372,0,0,764354,14685
11/15/2021,Louisiana,4533372,942,14,765296,14699
11/16/2021,Louisiana,4533372,470,9,765766,14708
11/17/2021,Louisiana,4533372,625,16,766391,14724
11/18/2021,Louisiana,4533372,458,11,766849,14735
11/19/2021,Louisiana,4533372,481,14,767330,14749
11/20/2021,Louisiana,4533372,0,0,767330,14749
11/21/2021,Louisiana,4533372,0,0,767330,14749
11/22/2021,Louisiana,4533372,711,5,768041,14754
11/23/2021,Louisiana,4533372,673,14,768714,14768
11/24/2021,Louisiana,4533372,337,9,769051,14777
11/25/2021,Louisiana,4533372,0,0,769051,14777
11/26/2021,Louisiana,4533372,0,0,769051,14777
11/27/2021,Louisiana,4533372,0,0,769051,14777
11/28/2021,Louisiana,4533372,0,0,769051,14777
11/29/2021,Louisiana,4533372,1254,17,770305,14794
11/30/2021,Louisiana,4533372,589,7,770894,14801
12/1/2021,Louisiana,4533372,943,7,771837,14808
12/2/2021,Louisiana,4533372,473,6,772310,14814
12/3/2021,Louisiana,4533372,479,12,772789,14826
12/4/2021,Louisiana,4533372,0,0,772789,14826
12/5/2021,Louisiana,4533372,0,0,772789,14826
12/6/2021,Louisiana,4533372,832,11,773621,14837
12/7/2021,Louisiana,4533372,560,7,774181,14844
12/8/2021,Louisiana,4533372,732,17,774913,14861
12/9/2021,Louisiana,4533372,455,6,775368,14867
12/10/2021,Louisiana,4533372,567,10,775935,14877
12/11/2021,Louisiana,4533372,0,0,775935,14877
12/12/2021,Louisiana,4533372,0,0,775935,14877
12/13/2021,Louisiana,4533372,1171,7,777106,14884
12/14/2021,Louisiana,4533372,590,13,777696,14897
12/15/2021,Louisiana,4533372,846,15,778542,14912
12/16/2021,Louisiana,4533372,1025,6,779567,14918
12/17/2021,Louisiana,4533372,1101,6,780668,14924
12/18/2021,Louisiana,4533372,0,0,780668,14924
12/19/2021,Louisiana,4533372,0,0,780668,14924
12/20/2021,Louisiana,4533372,2936,10,783604,14934
12/21/2021,Louisiana,4533372,1729,3,785333,14937
12/22/2021,Louisiana,4533372,2205,8,787538,14945
12/23/2021,Louisiana,4533372,2835,8,790373,14953
12/24/2021,Louisiana,4533372,0,0,790373,14953
12/25/2021,Louisiana,4533372,0,0,790373,14953
12/26/2021,Louisiana,4533372,0,0,790373,14953
12/27/2021,Louisiana,4533372,12164,17,802537,14970
12/28/2021,Louisiana,4533372,4313,8,806850,14978
12/29/2021,Louisiana,4533372,9378,6,816228,14984
12/30/2021,Louisiana,4533372,12467,2,828695,14986
12/31/2021,Louisiana,4533372,0,0,828695,14986
1/1/2022,Louisiana,4533372,0,0,828695,14986
1/2/2022,Louisiana,4533372,0,0,828695,14986
1/3/2022,Louisiana,4533372,31161,15,859856,15001
1/4/2022,Louisiana,4533372,9290,17,869146,15018
1/5/2022,Louisiana,4533372,10403,9,879549,15027
1/6/2022,Louisiana,4533372,14077,11,893626,15038
1/7/2022,Louisiana,4533372,14802,16,908428,15054
1/8/2022,Louisiana,4533372,0,0,908428,15054
1/9/2022,Louisiana,4533372,0,0,908428,15054
1/10/2022,Louisiana,4533372,29019,19,937447,15073
1/11/2022,Louisiana,4533372,12494,29,949941,15102
1/12/2022,Louisiana,4533372,17592,14,967533,15116
1/13/2022,Louisiana,4533372,14932,11,982465,15127
1/14/2022,Louisiana,4533372,14158,10,996623,15137
1/15/2022,Louisiana,4533372,0,0,996623,15137
1/16/2022,Louisiana,4533372,0,0,996623,15137
1/17/2022,Louisiana,4533372,0,0,996623,15137
1/18/2022,Louisiana,4533372,29125,58,1025748,15195
1/19/2022,Louisiana,4533372,11501,51,1037249,15246
1/20/2022,Louisiana,4533372,12831,37,1050080,15283
1/21/2022,Louisiana,4533372,9942,41,1060022,15324
1/22/2022,Louisiana,4533372,0,0,1060022,15324
1/23/2022,Louisiana,4533372,0,0,1060022,15324
1/24/2022,Louisiana,4533372,16363,50,1076385,15374
1/25/2022,Louisiana,4533372,8063,102,1084448,15476
1/26/2022,Louisiana,4533372,60797,47,1145245,15523
1/27/2022,Louisiana,4533372,7573,47,1152818,15570
1/28/2022,Louisiana,4533372,7312,61,1160130,15631
1/29/2022,Louisiana,4533372,0,0,1160130,15631
1/30/2022,Louisiana,4533372,0,0,1160130,15631
1/31/2022,Louisiana,4533372,10082,43,1170212,15674
2/1/2022,Louisiana,4533372,4729,70,1174941,15744
2/2/2022,Louisiana,4533372,4873,37,1179814,15781
2/3/2022,Louisiana,4533372,5360,60,1185174,15841
2/4/2022,Louisiana,4533372,7201,64,1192375,15905
2/5/2022,Louisiana,4533372,0,0,1192375,15905
2/6/2022,Louisiana,4533372,0,0,1192375,15905
2/7/2022,Louisiana,4533372,7307,48,1199682,15953
2/8/2022,Louisiana,4533372,2583,63,1202265,16016
7/1/2021,Massachusetts,6794422,83,3,710049,17997
7/2/2021,Massachusetts,6794422,89,1,710138,17998
7/3/2021,Massachusetts,6794422,0,0,710138,17998
7/4/2021,Massachusetts,6794422,0,0,710138,17998
7/5/2021,Massachusetts,6794422,0,0,710138,17998
7/6/2021,Massachusetts,6794422,290,7,710428,18005
7/7/2021,Massachusetts,6794422,91,3,710519,18008
7/8/2021,Massachusetts,6794422,110,3,710629,18011
7/9/2021,Massachusetts,6794422,201,0,710830,18011
7/10/2021,Massachusetts,6794422,0,0,710830,18011
7/11/2021,Massachusetts,6794422,0,0,710830,18011
7/12/2021,Massachusetts,6794422,332,1,711162,18012
7/13/2021,Massachusetts,6794422,284,0,711446,18012
7/14/2021,Massachusetts,6794422,230,1,711676,18013
7/15/2021,Massachusetts,6794422,267,4,711943,18017
7/16/2021,Massachusetts,6794422,329,3,712272,18020
7/17/2021,Massachusetts,6794422,0,0,712272,18020
7/18/2021,Massachusetts,6794422,0,0,712272,18020
7/19/2021,Massachusetts,6794422,765,4,713037,18024
7/20/2021,Massachusetts,6794422,452,9,713489,18033
7/21/2021,Massachusetts,6794422,525,2,714014,18035
7/22/2021,Massachusetts,6794422,542,6,714556,18041
7/23/2021,Massachusetts,6794422,624,5,715180,18046
7/24/2021,Massachusetts,6794422,0,0,715180,18046
7/25/2021,Massachusetts,6794422,0,0,715180,18046
7/26/2021,Massachusetts,6794422,1272,7,716452,18053
7/27/2021,Massachusetts,6794422,832,12,717284,18065
7/28/2021,Massachusetts,6794422,660,6,717944,18071
7/29/2021,Massachusetts,6794422,905,8,718849,18079
7/30/2021,Massachusetts,6794422,931,3,719780,18082
7/31/2021,Massachusetts,6794422,0,0,719780,18082
8/1/2021,Massachusetts,6794422,0,0,719780,18082
8/2/2021,Massachusetts,6794422,2105,2,721885,18084
8/3/2021,Massachusetts,6794422,1101,2,722986,18086
8/4/2021,Massachusetts,6794422,1032,5,724018,18091
8/5/2021,Massachusetts,6794422,1171,2,725189,18093
8/6/2021,Massachusetts,6794422,1206,2,726395,18095
8/7/2021,Massachusetts,6794422,0,0,726395,18095
8/8/2021,Massachusetts,6794422,0,0,726395,18095
8/9/2021,Massachusetts,6794422,2652,3,729047,18098
8/10/2021,Massachusetts,6794422,1334,14,730381,18112
8/11/2021,Massachusetts,6794422,1440,9,731821,18121
8/12/2021,Massachusetts,6794422,1367,10,733188,18131
8/13/2021,Massachusetts,6794422,1298,11,734486,18142
8/14/2021,Massachusetts,6794422,0,0,734486,18142
8/15/2021,Massachusetts,6794422,0,0,734486,18142
8/16/2021,Massachusetts,6794422,3093,6,737579,18148
8/17/2021,Massachusetts,6794422,1468,6,739047,18154
8/18/2021,Massachusetts,6794422,1579,11,740626,18165
8/19/2021,Massachusetts,6794422,1576,4,742202,18169
8/20/2021,Massachusetts,6794422,1533,6,743735,18175
8/21/2021,Massachusetts,6794422,0,0,743735,18175
8/22/2021,Massachusetts,6794422,0,0,743735,18175
8/23/2021,Massachusetts,6794422,3418,4,747153,18179
8/24/2021,Massachusetts,6794422,1600,16,748753,18195
8/25/2021,Massachusetts,6794422,1495,4,750248,18199
8/26/2021,Massachusetts,6794422,1891,13,752139,18212
8/27/2021,Massachusetts,6794422,1656,7,753795,18219
8/28/2021,Massachusetts,6794422,0,0,753795,18219
8/29/2021,Massachusetts,6794422,0,0,753795,18219
8/30/2021,Massachusetts,6794422,4299,10,758094,18229
8/31/2021,Massachusetts,6794422,1775,17,759869,18246
9/1/2021,Massachusetts,6794422,2037,11,761906,18257
9/2/2021,Massachusetts,6794422,1767,15,763673,18272
9/3/2021,Massachusetts,6794422,1911,14,765584,18286
9/4/2021,Massachusetts,6794422,0,0,765584,18286
9/5/2021,Massachusetts,6794422,0,0,765584,18286
9/6/2021,Massachusetts,6794422,0,0,765584,18286
9/7/2021,Massachusetts,6794422,5683,12,771267,18298
9/8/2021,Massachusetts,6794422,1475,16,772742,18314
9/9/2021,Massachusetts,6794422,2407,18,775149,18332
9/10/2021,Massachusetts,6794422,1873,18,777022,18350
9/11/2021,Massachusetts,6794422,0,0,777022,18350
9/12/2021,Massachusetts,6794422,0,0,777022,18350
9/13/2021,Massachusetts,6794422,5085,19,782107,18369
9/14/2021,Massachusetts,6794422,1643,24,783750,18393
9/15/2021,Massachusetts,6794422,2877,15,786627,18408
9/16/2021,Massachusetts,6794422,2148,16,788775,18424
9/17/2021,Massachusetts,6794422,2178,21,790953,18445
9/18/2021,Massachusetts,6794422,0,0,790953,18445
9/19/2021,Massachusetts,6794422,0,0,790953,18445
9/20/2021,Massachusetts,6794422,4590,10,795543,18455
9/21/2021,Massachusetts,6794422,1382,25,796925,18480
9/22/2021,Massachusetts,6794422,1980,24,798905,18504
9/23/2021,Massachusetts,6794422,2004,23,800909,18527
9/24/2021,Massachusetts,6794422,1920,14,802829,18541
9/25/2021,Massachusetts,6794422,0,0,802829,18541
9/26/2021,Massachusetts,6794422,0,0,802829,18541
9/27/2021,Massachusetts,6794422,4353,14,807182,18555
9/28/2021,Massachusetts,6794422,1491,22,808673,18577
9/29/2021,Massachusetts,6794422,1646,23,810319,18600
9/30/2021,Massachusetts,6794422,1632,27,811951,18627
10/1/2021,Massachusetts,6794422,1648,20,813599,18647
10/2/2021,Massachusetts,6794422,0,0,813599,18647
10/3/2021,Massachusetts,6794422,0,0,813599,18647
10/4/2021,Massachusetts,6794422,3351,12,816950,18659
10/5/2021,Massachusetts,6794422,1340,21,818290,18680
10/6/2021,Massachusetts,6794422,1649,27,819939,18707
10/7/2021,Massachusetts,6794422,1722,22,821661,18729
10/8/2021,Massachusetts,6794422,1824,17,823485,18746
10/9/2021,Massachusetts,6794422,0,0,823485,18746
10/10/2021,Massachusetts,6794422,0,0,823485,18746
10/11/2021,Massachusetts,6794422,0,0,823485,18746
10/12/2021,Massachusetts,6794422,4625,37,828110,18783
10/13/2021,Massachusetts,6794422,1763,19,829873,18802
10/14/2021,Massachusetts,6794422,1789,14,831662,18816
10/15/2021,Massachusetts,6794422,1649,12,833311,18828
10/16/2021,Massachusetts,6794422,0,0,833311,18828
10/17/2021,Massachusetts,6794422,0,0,833311,18828
10/18/2021,Massachusetts,6794422,2991,10,836302,18838
10/19/2021,Massachusetts,6794422,2045,26,838347,18864
10/20/2021,Massachusetts,6794422,1470,11,839817,18875
10/21/2021,Massachusetts,6794422,1381,21,841198,18896
10/22/2021,Massachusetts,6794422,1454,15,842652,18911
10/23/2021,Massachusetts,6794422,0,0,842652,18911
10/24/2021,Massachusetts,6794422,0,0,842652,18911
10/25/2021,Massachusetts,6794422,3392,20,846044,18931
10/26/2021,Massachusetts,6794422,1468,25,847512,18956
10/27/2021,Massachusetts,6794422,1435,14,848947,18970
10/28/2021,Massachusetts,6794422,1584,15,850531,18985
10/29/2021,Massachusetts,6794422,1391,11,851922,18996
10/30/2021,Massachusetts,6794422,0,0,851922,18996
10/31/2021,Massachusetts,6794422,0,0,851922,18996
11/1/2021,Massachusetts,6794422,3308,7,855230,19003
11/2/2021,Massachusetts,6794422,1264,28,856494,19031
11/3/2021,Massachusetts,6794422,1465,15,857959,19046
11/4/2021,Massachusetts,6794422,1754,23,859713,19069
11/5/2021,Massachusetts,6794422,1767,18,861480,19087
11/6/2021,Massachusetts,6794422,0,0,861480,19087
11/7/2021,Massachusetts,6794422,0,0,861480,19087
11/8/2021,Massachusetts,6794422,4326,6,865806,19093
11/9/2021,Massachusetts,6794422,1539,24,867345,19117
11/10/2021,Massachusetts,6794422,1948,21,869293,19138
11/11/2021,Massachusetts,6794422,0,0,869293,19138
11/12/2021,Massachusetts,6794422,3988,21,873281,19159
11/13/2021,Massachusetts,6794422,0,0,873281,19159
11/14/2021,Massachusetts,6794422,0,0,873281,19159
11/15/2021,Massachusetts,6794422,5846,30,879127,19189
11/16/2021,Massachusetts,6794422,2183,25,881310,19214
11/17/2021,Massachusetts,6794422,2989,21,884299,19235
11/18/2021,Massachusetts,6794422,3590,9,887889,19244
11/19/2021,Massachusetts,6794422,2844,24,890733,19268
11/20/2021,Massachusetts,6794422,0,0,890733,19268
11/21/2021,Massachusetts,6794422,0,0,890733,19268
11/22/2021,Massachusetts,6794422,7141,16,897874,19284
11/23/2021,Massachusetts,6794422,3111,25,900985,19309
11/24/2021,Massachusetts,6794422,3422,20,904407,19329
11/25/2021,Massachusetts,6794422,0,0,904407,19329
11/26/2021,Massachusetts,6794422,5298,22,909705,19351
11/27/2021,Massachusetts,6794422,0,0,909705,19351
11/28/2021,Massachusetts,6794422,0,0,909705,19351
11/29/2021,Massachusetts,6794422,5790,22,915495,19373
11/30/2021,Massachusetts,6794422,3602,31,919097,19404
12/1/2021,Massachusetts,6794422,5303,26,924400,19430
12/2/2021,Massachusetts,6794422,5679,32,930079,19462
12/3/2021,Massachusetts,6794422,5765,27,935844,19489
12/4/2021,Massachusetts,6794422,0,0,935844,19489
12/5/2021,Massachusetts,6794422,0,0,935844,19489
12/6/2021,Massachusetts,6794422,11619,27,947463,19516
12/7/2021,Massachusetts,6794422,4506,51,951969,19567
12/8/2021,Massachusetts,6794422,5920,12,957889,19579
12/9/2021,Massachusetts,6794422,6034,27,963923,19606
12/10/2021,Massachusetts,6794422,5666,28,969589,19634
12/11/2021,Massachusetts,6794422,0,0,969589,19634
12/12/2021,Massachusetts,6794422,0,0,969589,19634
12/13/2021,Massachusetts,6794422,11672,29,981261,19663
12/14/2021,Massachusetts,6794422,4685,62,985946,19725
12/15/2021,Massachusetts,6794422,5763,28,991709,19753
12/16/2021,Massachusetts,6794422,6691,30,998400,19783
12/17/2021,Massachusetts,6794422,7070,46,1005470,19829
12/18/2021,Massachusetts,6794422,0,0,1005470,19829
12/19/2021,Massachusetts,6794422,0,0,1005470,19829
12/20/2021,Massachusetts,6794422,14212,36,1019682,19865
12/21/2021,Massachusetts,6794422,6447,62,1026129,19927
12/22/2021,Massachusetts,6794422,8602,36,1034731,19963
12/23/2021,Massachusetts,6794422,9791,48,1044522,20011
12/24/2021,Massachusetts,6794422,10997,39,1055519,20050
12/25/2021,Massachusetts,6794422,0,0,1055519,20050
12/26/2021,Massachusetts,6794422,0,0,1055519,20050
12/27/2021,Massachusetts,6794422,13791,25,1069310,20075
12/28/2021,Massachusetts,6794422,10350,63,1079660,20138
12/29/2021,Massachusetts,6794422,16165,45,1095825,20183
12/30/2021,Massachusetts,6794422,22086,38,1117911,20221
12/31/2021,Massachusetts,6794422,22703,52,1140614,20273
1/1/2022,Massachusetts,6794422,0,0,1140614,20273
1/2/2022,Massachusetts,6794422,0,0,1140614,20273
1/3/2022,Massachusetts,6794422,33090,42,1173704,20315
1/4/2022,Massachusetts,6794422,18845,95,1192549,20410
1/5/2022,Massachusetts,6794422,30805,54,1223354,20464
1/6/2022,Massachusetts,6794422,27411,46,1250765,20510
1/7/2022,Massachusetts,6794422,29163,58,1279928,20568
1/8/2022,Massachusetts,6794422,0,0,1279928,20568
1/9/2022,Massachusetts,6794422,0,0,1279928,20568
1/10/2022,Massachusetts,6794422,64715,75,1344643,20643
1/11/2022,Massachusetts,6794422,20965,120,1365608,20763
1/12/2022,Massachusetts,6794422,24296,72,1389904,20835
1/13/2022,Massachusetts,6794422,21709,37,1411613,20872
1/14/2022,Massachusetts,6794422,14670,67,1426283,20939
1/15/2022,Massachusetts,6794422,0,0,1426283,20939
1/16/2022,Massachusetts,6794422,0,0,1426283,20939
1/17/2022,Massachusetts,6794422,0,0,1426283,20939
1/18/2022,Massachusetts,6794422,60994,60,1487277,20999
1/19/2022,Massachusetts,6794422,16121,209,1503398,21208
1/20/2022,Massachusetts,6794422,16385,87,1519783,21295
1/21/2022,Massachusetts,6794422,16203,107,1535986,21402
1/22/2022,Massachusetts,6794422,0,0,1535986,21402
1/23/2022,Massachusetts,6794422,0,0,1535986,21402
1/24/2022,Massachusetts,6794422,27033,112,1563019,21514
1/25/2022,Massachusetts,6794422,8631,155,1571650,21669
1/26/2022,Massachusetts,6794422,8955,83,1580605,21752
1/27/2022,Massachusetts,6794422,9697,87,1590302,21839
1/28/2022,Massachusetts,6794422,8149,70,1598451,21909
1/29/2022,Massachusetts,6794422,0,0,1598451,21909
1/30/2022,Massachusetts,6794422,0,0,1598451,21909
1/31/2022,Massachusetts,6794422,13143,125,1611594,22034
2/1/2022,Massachusetts,6794422,3048,130,1614642,22164
2/2/2022,Massachusetts,6794422,5626,91,1620268,22255
2/3/2022,Massachusetts,6794422,5436,61,1625704,22316
2/4/2022,Massachusetts,6794422,4758,63,1630462,22379
2/5/2022,Massachusetts,6794422,0,0,1630462,22379
2/6/2022,Massachusetts,6794422,0,0,1630462,22379
2/7/2022,Massachusetts,6794422,7066,93,1637528,22472
2/8/2022,Massachusetts,6794422,2128,130,1639656,22602
7/1/2021,Maryland,6045680,75,3,462571,9744
7/2/2021,Maryland,6045680,85,2,462656,9746
7/3/2021,Maryland,6045680,96,3,462752,9749
7/4/2021,Maryland,6045680,61,0,462813,9749
7/5/2021,Maryland,6045680,38,2,462851,9751
7/6/2021,Maryland,6045680,47,3,462898,9754
7/7/2021,Maryland,6045680,55,1,462953,9755
7/8/2021,Maryland,6045680,99,3,463052,9758
7/9/2021,Maryland,6045680,145,3,463197,9761
7/10/2021,Maryland,6045680,127,1,463324,9762
7/11/2021,Maryland,6045680,79,0,463403,9762
7/12/2021,Maryland,6045680,79,-1,463482,9761
7/13/2021,Maryland,6045680,118,4,463600,9765
7/14/2021,Maryland,6045680,104,4,463704,9769
7/15/2021,Maryland,6045680,178,4,463882,9773
7/16/2021,Maryland,6045680,183,5,464065,9778
7/17/2021,Maryland,6045680,183,2,464248,9780
7/18/2021,Maryland,6045680,166,1,464414,9781
7/19/2021,Maryland,6045680,139,1,464553,9782
7/20/2021,Maryland,6045680,157,6,464710,9788
7/21/2021,Maryland,6045680,244,4,464954,9792
7/22/2021,Maryland,6045680,303,6,465257,9798
7/23/2021,Maryland,6045680,288,3,465545,9801
7/24/2021,Maryland,6045680,317,5,465862,9806
7/25/2021,Maryland,6045680,306,1,466168,9807
7/26/2021,Maryland,6045680,256,1,466424,9808
7/27/2021,Maryland,6045680,309,2,466733,9810
7/28/2021,Maryland,6045680,416,3,467149,9813
7/29/2021,Maryland,6045680,505,5,467654,9818
7/30/2021,Maryland,6045680,526,0,468180,9818
7/31/2021,Maryland,6045680,587,7,468767,9825
8/1/2021,Maryland,6045680,547,3,469314,9828
8/2/2021,Maryland,6045680,448,1,469762,9829
8/3/2021,Maryland,6045680,368,6,470130,9835
8/4/2021,Maryland,6045680,695,5,470825,9840
8/5/2021,Maryland,6045680,729,2,471554,9842
8/6/2021,Maryland,6045680,890,4,472444,9846
8/7/2021,Maryland,6045680,892,3,473336,9849
8/8/2021,Maryland,6045680,853,8,474189,9857
8/9/2021,Maryland,6045680,586,4,474775,9861
8/10/2021,Maryland,6045680,630,8,475405,9869
8/11/2021,Maryland,6045680,886,1,476291,9870
8/12/2021,Maryland,6045680,1047,3,477338,9873
8/13/2021,Maryland,6045680,950,5,478288,9878
8/14/2021,Maryland,6045680,1016,9,479304,9887
8/15/2021,Maryland,6045680,869,4,480173,9891
8/16/2021,Maryland,6045680,766,5,480939,9896
8/17/2021,Maryland,6045680,851,3,481790,9899
8/18/2021,Maryland,6045680,1012,8,482802,9907
8/19/2021,Maryland,6045680,1060,9,483862,9916
8/20/2021,Maryland,6045680,1206,6,485068,9922
8/21/2021,Maryland,6045680,1132,16,486200,9938
8/22/2021,Maryland,6045680,990,5,487190,9943
8/23/2021,Maryland,6045680,925,5,488115,9948
8/24/2021,Maryland,6045680,847,8,488962,9956
8/25/2021,Maryland,6045680,1190,11,490152,9967
8/26/2021,Maryland,6045680,1244,-4,491396,9963
8/27/2021,Maryland,6045680,1374,8,492770,9971
8/28/2021,Maryland,6045680,1368,12,494138,9983
8/29/2021,Maryland,6045680,1067,12,495205,9995
8/30/2021,Maryland,6045680,942,9,496147,10004
8/31/2021,Maryland,6045680,1078,10,497225,10014
9/1/2021,Maryland,6045680,1374,10,498599,10024
9/2/2021,Maryland,6045680,1272,16,499871,10040
9/3/2021,Maryland,6045680,1388,11,501259,10051
9/4/2021,Maryland,6045680,1194,10,502453,10061
9/5/2021,Maryland,6045680,805,12,503258,10073
9/6/2021,Maryland,6045680,1027,14,504285,10087
9/7/2021,Maryland,6045680,795,7,505080,10094
9/8/2021,Maryland,6045680,701,21,505781,10115
9/9/2021,Maryland,6045680,907,9,506688,10124
9/10/2021,Maryland,6045680,1553,15,508241,10139
9/11/2021,Maryland,6045680,1376,20,509617,10159
9/12/2021,Maryland,6045680,1151,17,510768,10176
9/13/2021,Maryland,6045680,1103,13,511871,10189
9/14/2021,Maryland,6045680,1095,16,512966,10205
9/15/2021,Maryland,6045680,1190,12,514156,10217
9/16/2021,Maryland,6045680,1330,21,515486,10238
9/17/2021,Maryland,6045680,1525,12,517011,10250
9/18/2021,Maryland,6045680,1278,13,518289,10263
9/19/2021,Maryland,6045680,1036,0,519325,10263
9/20/2021,Maryland,6045680,1139,0,520464,10263
9/21/2021,Maryland,6045680,974,46,521438,10309
9/22/2021,Maryland,6045680,1145,23,522583,10332
9/23/2021,Maryland,6045680,1405,16,523988,10348
9/24/2021,Maryland,6045680,1363,14,525351,10362
9/25/2021,Maryland,6045680,1568,7,526919,10369
9/26/2021,Maryland,6045680,1114,15,528033,10384
9/27/2021,Maryland,6045680,960,11,528993,10395
9/28/2021,Maryland,6045680,973,18,529966,10413
9/29/2021,Maryland,6045680,1125,13,531091,10426
9/30/2021,Maryland,6045680,1479,16,532570,10442
10/1/2021,Maryland,6045680,1531,18,534101,10460
10/2/2021,Maryland,6045680,1287,14,535388,10474
10/3/2021,Maryland,6045680,1092,4,536480,10478
10/4/2021,Maryland,6045680,1078,13,537558,10491
10/5/2021,Maryland,6045680,648,21,538206,10512
10/6/2021,Maryland,6045680,1077,21,539283,10533
10/7/2021,Maryland,6045680,1398,17,540681,10550
10/8/2021,Maryland,6045680,1176,13,541857,10563
10/9/2021,Maryland,6045680,1259,20,543116,10583
10/10/2021,Maryland,6045680,1333,10,544449,10593
10/11/2021,Maryland,6045680,809,7,545258,10600
10/12/2021,Maryland,6045680,411,27,545669,10627
10/13/2021,Maryland,6045680,1114,17,546783,10644
10/14/2021,Maryland,6045680,1124,20,547907,10664
10/15/2021,Maryland,6045680,1068,18,548975,10682
10/16/2021,Maryland,6045680,936,21,549911,10703
10/17/2021,Maryland,6045680,871,5,550782,10708
10/18/2021,Maryland,6045680,714,14,551496,10722
10/19/2021,Maryland,6045680,542,13,552038,10735
10/20/2021,Maryland,6045680,717,22,552755,10757
10/21/2021,Maryland,6045680,1069,14,553824,10771
10/22/2021,Maryland,6045680,863,14,554687,10785
10/23/2021,Maryland,6045680,910,11,555597,10796
10/24/2021,Maryland,6045680,717,10,556314,10806
10/25/2021,Maryland,6045680,512,5,556826,10811
10/26/2021,Maryland,6045680,597,16,557423,10827
10/27/2021,Maryland,6045680,731,13,558154,10840
10/28/2021,Maryland,6045680,929,14,559083,10854
10/29/2021,Maryland,6045680,911,11,559994,10865
10/30/2021,Maryland,6045680,871,17,560865,10882
10/31/2021,Maryland,6045680,636,13,561501,10895
11/1/2021,Maryland,6045680,448,13,561949,10908
11/2/2021,Maryland,6045680,482,5,562431,10913
11/3/2021,Maryland,6045680,696,12,563127,10925
11/4/2021,Maryland,6045680,800,14,563927,10939
11/5/2021,Maryland,6045680,868,17,564795,10956
11/6/2021,Maryland,6045680,791,9,565586,10965
11/7/2021,Maryland,6045680,727,9,566313,10974
11/8/2021,Maryland,6045680,555,14,566868,10988
11/9/2021,Maryland,6045680,448,11,567316,10999
11/10/2021,Maryland,6045680,844,15,568160,11014
11/11/2021,Maryland,6045680,986,6,569146,11020
11/12/2021,Maryland,6045680,909,10,570055,11030
11/13/2021,Maryland,6045680,983,20,571038,11050
11/14/2021,Maryland,6045680,819,11,571857,11061
11/15/2021,Maryland,6045680,717,7,572574,11068
11/16/2021,Maryland,6045680,702,7,573276,11075
11/17/2021,Maryland,6045680,791,11,574067,11086
11/18/2021,Maryland,6045680,1080,10,575147,11096
11/19/2021,Maryland,6045680,1082,6,576229,11102
11/20/2021,Maryland,6045680,1017,9,577246,11111
11/21/2021,Maryland,6045680,1006,10,578252,11121
11/22/2021,Maryland,6045680,832,8,579084,11129
11/23/2021,Maryland,6045680,740,16,579824,11145
11/24/2021,Maryland,6045680,905,3,580729,11148
11/25/2021,Maryland,6045680,0,0,580729,11148
11/26/2021,Maryland,6045680,0,0,580729,11148
11/27/2021,Maryland,6045680,2803,30,583532,11178
11/28/2021,Maryland,6045680,838,8,584370,11186
11/29/2021,Maryland,6045680,762,4,585132,11190
11/30/2021,Maryland,6045680,1244,16,586376,11206
12/1/2021,Maryland,6045680,1142,14,587518,11220
12/2/2021,Maryland,6045680,1828,9,589346,11229
12/3/2021,Maryland,6045680,1700,11,591046,11240
12/4/2021,Maryland,6045680,1866,15,592912,11255
12/5/2021,Maryland,6045680,0,0,592912,11255
12/6/2021,Maryland,6045680,0,0,592912,11255
12/7/2021,Maryland,6045680,0,0,592912,11255
12/8/2021,Maryland,6045680,0,0,592912,11255
12/9/2021,Maryland,6045680,0,0,592912,11255
12/10/2021,Maryland,6045680,0,0,592912,11255
12/11/2021,Maryland,6045680,0,0,592912,11255
12/12/2021,Maryland,6045680,0,0,592912,11255
12/13/2021,Maryland,6045680,0,0,592912,11255
12/14/2021,Maryland,6045680,0,0,592912,11255
12/15/2021,Maryland,6045680,0,0,592912,11255
12/16/2021,Maryland,6045680,0,0,592912,11255
12/17/2021,Maryland,6045680,0,0,592912,11255
12/18/2021,Maryland,6045680,0,0,592912,11255
12/19/2021,Maryland,6045680,0,0,592912,11255
12/20/2021,Maryland,6045680,28541,0,621453,11255
12/21/2021,Maryland,6045680,6218,0,627671,11255
12/22/2021,Maryland,6045680,4072,0,631743,11255
12/23/2021,Maryland,6045680,6869,0,638612,11255
12/24/2021,Maryland,6045680,0,0,638612,11255
12/25/2021,Maryland,6045680,0,0,638612,11255
12/26/2021,Maryland,6045680,25035,0,663647,11255
12/27/2021,Maryland,6045680,5376,0,669023,11255
12/28/2021,Maryland,6045680,6576,417,675599,11672
12/29/2021,Maryland,6045680,10874,31,686473,11703
12/30/2021,Maryland,6045680,14316,55,700789,11758
12/31/2021,Maryland,6045680,0,0,700789,11758
1/1/2022,Maryland,6045680,0,0,700789,11758
1/2/2022,Maryland,6045680,36648,112,737437,11870
1/3/2022,Maryland,6045680,14251,26,751688,11896
1/4/2022,Maryland,6045680,14494,48,766182,11944
1/5/2022,Maryland,6045680,10286,49,776468,11993
1/6/2022,Maryland,6045680,12736,55,789204,12048
1/7/2022,Maryland,6045680,11778,59,800982,12107
1/8/2022,Maryland,6045680,12947,51,813929,12158
1/9/2022,Maryland,6045680,17253,53,831182,12211
1/10/2022,Maryland,6045680,9683,47,840865,12258
1/11/2022,Maryland,6045680,9693,70,850558,12328
1/12/2022,Maryland,6045680,11035,87,861593,12415
1/13/2022,Maryland,6045680,10589,65,872182,12480
1/14/2022,Maryland,6045680,9988,71,882170,12551
1/15/2022,Maryland,6045680,9882,57,892052,12608
1/16/2022,Maryland,6045680,7870,58,899922,12666
1/17/2022,Maryland,6045680,6538,52,906460,12718
1/18/2022,Maryland,6045680,3215,68,909675,12786
1/19/2022,Maryland,6045680,4041,80,913716,12866
1/20/2022,Maryland,6045680,8897,70,922613,12936
1/21/2022,Maryland,6045680,4736,67,927349,13003
1/22/2022,Maryland,6045680,4846,66,932195,13069
1/23/2022,Maryland,6045680,3679,54,935874,13123
1/24/2022,Maryland,6045680,2694,35,938568,13158
1/25/2022,Maryland,6045680,2400,75,940968,13233
1/26/2022,Maryland,6045680,2901,47,943869,13280
1/27/2022,Maryland,6045680,3256,54,947125,13334
1/28/2022,Maryland,6045680,3011,53,950136,13387
1/29/2022,Maryland,6045680,2392,45,952528,13432
1/30/2022,Maryland,6045680,1941,33,954469,13465
1/31/2022,Maryland,6045680,1068,19,955537,13484
2/1/2022,Maryland,6045680,1499,48,957036,13532
2/2/2022,Maryland,6045680,1349,40,958385,13572
2/3/2022,Maryland,6045680,2074,39,960459,13611
2/4/2022,Maryland,6045680,1604,44,962063,13655
2/5/2022,Maryland,6045680,1628,36,963691,13691
2/6/2022,Maryland,6045680,1124,33,964815,13724
2/7/2022,Maryland,6045680,772,21,965587,13745
2/8/2022,Maryland,6045680,738,42,966325,13787
7/1/2021,Maine,1328361,21,1,69054,859
7/2/2021,Maine,1328361,15,1,69069,860
7/3/2021,Maine,1328361,30,0,69099,860
7/4/2021,Maine,1328361,19,0,69118,860
7/5/2021,Maine,1328361,0,0,69118,860
7/6/2021,Maine,1328361,0,0,69118,860
7/7/2021,Maine,1328361,38,1,69156,861
7/8/2021,Maine,1328361,36,0,69192,861
7/9/2021,Maine,1328361,9,1,69201,862
7/10/2021,Maine,1328361,18,0,69219,862
7/11/2021,Maine,1328361,0,0,69219,862
7/12/2021,Maine,1328361,0,0,69219,862
7/13/2021,Maine,1328361,65,0,69284,862
7/14/2021,Maine,1328361,40,5,69324,867
7/15/2021,Maine,1328361,49,10,69373,877
7/16/2021,Maine,1328361,45,1,69418,878
7/17/2021,Maine,1328361,56,4,69474,882
7/18/2021,Maine,1328361,0,0,69474,882
7/19/2021,Maine,1328361,0,0,69474,882
7/20/2021,Maine,1328361,153,0,69627,882
7/21/2021,Maine,1328361,47,5,69674,887
7/22/2021,Maine,1328361,106,4,69780,891
7/23/2021,Maine,1328361,54,0,69834,891
7/24/2021,Maine,1328361,70,6,69904,897
7/25/2021,Maine,1328361,0,0,69904,897
7/26/2021,Maine,1328361,0,0,69904,897
7/27/2021,Maine,1328361,172,1,70076,898
7/28/2021,Maine,1328361,65,1,70141,899
7/29/2021,Maine,1328361,120,0,70261,899
7/30/2021,Maine,1328361,111,0,70372,899
7/31/2021,Maine,1328361,91,1,70463,900
8/1/2021,Maine,1328361,0,0,70463,900
8/2/2021,Maine,1328361,0,0,70463,900
8/3/2021,Maine,1328361,255,0,70718,900
8/4/2021,Maine,1328361,126,0,70844,900
8/5/2021,Maine,1328361,152,0,70996,900
8/6/2021,Maine,1328361,145,0,71141,900
8/7/2021,Maine,1328361,165,1,71306,901
8/8/2021,Maine,1328361,0,0,71306,901
8/9/2021,Maine,1328361,-1,0,71305,901
8/10/2021,Maine,1328361,361,0,71666,901
8/11/2021,Maine,1328361,217,0,71883,901
8/12/2021,Maine,1328361,235,2,72118,903
8/13/2021,Maine,1328361,215,1,72333,904
8/14/2021,Maine,1328361,188,0,72521,904
8/15/2021,Maine,1328361,0,0,72521,904
8/16/2021,Maine,1328361,0,0,72521,904
8/17/2021,Maine,1328361,375,3,72896,907
8/18/2021,Maine,1328361,191,2,73087,909
8/19/2021,Maine,1328361,182,12,73269,921
8/20/2021,Maine,1328361,185,1,73454,922
8/21/2021,Maine,1328361,205,2,73659,924
8/22/2021,Maine,1328361,0,0,73659,924
8/23/2021,Maine,1328361,0,0,73659,924
8/24/2021,Maine,1328361,363,0,74022,924
8/25/2021,Maine,1328361,287,2,74309,926
8/26/2021,Maine,1328361,390,0,74699,926
8/27/2021,Maine,1328361,267,2,74966,928
8/28/2021,Maine,1328361,415,2,75381,930
8/29/2021,Maine,1328361,0,0,75381,930
8/30/2021,Maine,1328361,0,0,75381,930
8/31/2021,Maine,1328361,475,2,75856,932
9/1/2021,Maine,1328361,433,2,76289,934
9/2/2021,Maine,1328361,624,3,76913,937
9/3/2021,Maine,1328361,665,3,77578,940
9/4/2021,Maine,1328361,491,0,78069,940
9/5/2021,Maine,1328361,2,0,78071,940
9/6/2021,Maine,1328361,0,0,78071,940
9/7/2021,Maine,1328361,0,0,78071,940
9/8/2021,Maine,1328361,732,6,78803,946
9/9/2021,Maine,1328361,620,5,79423,951
9/10/2021,Maine,1328361,506,8,79929,959
9/11/2021,Maine,1328361,581,2,80510,961
9/12/2021,Maine,1328361,0,0,80510,961
9/13/2021,Maine,1328361,0,0,80510,961
9/14/2021,Maine,1328361,667,8,81177,969
9/15/2021,Maine,1328361,778,7,81955,976
9/16/2021,Maine,1328361,652,3,82607,979
9/17/2021,Maine,1328361,715,2,83322,981
9/18/2021,Maine,1328361,587,1,83909,982
9/19/2021,Maine,1328361,1,2,83910,984
9/20/2021,Maine,1328361,0,0,83910,984
9/21/2021,Maine,1328361,632,18,84542,1002
9/22/2021,Maine,1328361,614,5,85156,1007
9/23/2021,Maine,1328361,716,2,85872,1009
9/24/2021,Maine,1328361,714,0,86586,1009
9/25/2021,Maine,1328361,603,4,87189,1013
9/26/2021,Maine,1328361,0,0,87189,1013
9/27/2021,Maine,1328361,0,1,87189,1014
9/28/2021,Maine,1328361,1008,8,88197,1022
9/29/2021,Maine,1328361,867,0,89064,1022
9/30/2021,Maine,1328361,925,0,89989,1022
10/1/2021,Maine,1328361,738,2,90727,1024
10/2/2021,Maine,1328361,741,2,91468,1026
10/3/2021,Maine,1328361,0,0,91468,1026
10/4/2021,Maine,1328361,0,0,91468,1026
10/5/2021,Maine,1328361,897,10,92365,1036
10/6/2021,Maine,1328361,836,29,93201,1065
10/7/2021,Maine,1328361,680,1,93881,1066
10/8/2021,Maine,1328361,467,4,94348,1070
10/9/2021,Maine,1328361,593,5,94941,1075
10/10/2021,Maine,1328361,0,0,94941,1075
10/11/2021,Maine,1328361,0,0,94941,1075
10/12/2021,Maine,1328361,-1,1,94940,1076
10/13/2021,Maine,1328361,893,7,95833,1083
10/14/2021,Maine,1328361,799,5,96632,1088
10/15/2021,Maine,1328361,551,5,97183,1093
10/16/2021,Maine,1328361,542,2,97725,1095
10/17/2021,Maine,1328361,0,0,97725,1095
10/18/2021,Maine,1328361,-1,0,97724,1095
10/19/2021,Maine,1328361,883,7,98607,1102
10/20/2021,Maine,1328361,649,7,99256,1109
10/21/2021,Maine,1328361,551,4,99807,1113
10/22/2021,Maine,1328361,575,2,100382,1115
10/23/2021,Maine,1328361,585,7,100967,1122
10/24/2021,Maine,1328361,0,0,100967,1122
10/25/2021,Maine,1328361,0,0,100967,1122
10/26/2021,Maine,1328361,882,25,101849,1147
10/27/2021,Maine,1328361,620,7,102469,1154
10/28/2021,Maine,1328361,572,6,103041,1160
10/29/2021,Maine,1328361,630,3,103671,1163
10/30/2021,Maine,1328361,588,4,104259,1167
10/31/2021,Maine,1328361,0,0,104259,1167
11/1/2021,Maine,1328361,0,1,104259,1168
11/2/2021,Maine,1328361,862,11,105121,1179
11/3/2021,Maine,1328361,660,14,105781,1193
11/4/2021,Maine,1328361,692,4,106473,1197
11/5/2021,Maine,1328361,601,7,107074,1204
11/6/2021,Maine,1328361,698,3,107772,1207
11/7/2021,Maine,1328361,0,0,107772,1207
11/8/2021,Maine,1328361,0,0,107772,1207
11/9/2021,Maine,1328361,938,8,108710,1215
11/10/2021,Maine,1328361,882,2,109592,1217
11/11/2021,Maine,1328361,754,3,110346,1220
11/12/2021,Maine,1328361,0,0,110346,1220
11/13/2021,Maine,1328361,799,10,111145,1230
11/14/2021,Maine,1328361,0,0,111145,1230
11/15/2021,Maine,1328361,-1,0,111144,1230
11/16/2021,Maine,1328361,946,13,112090,1243
11/17/2021,Maine,1328361,1042,0,113132,1243
11/18/2021,Maine,1328361,933,11,114065,1254
11/19/2021,Maine,1328361,944,14,115009,1268
11/20/2021,Maine,1328361,848,3,115857,1271
11/21/2021,Maine,1328361,0,1,115857,1272
11/22/2021,Maine,1328361,2,0,115859,1272
11/23/2021,Maine,1328361,1089,28,116948,1300
11/24/2021,Maine,1328361,993,3,117941,1303
11/25/2021,Maine,1328361,548,0,118489,1303
11/26/2021,Maine,1328361,0,0,118489,1303
11/27/2021,Maine,1328361,0,0,118489,1303
11/28/2021,Maine,1328361,0,0,118489,1303
11/29/2021,Maine,1328361,259,4,118748,1307
11/30/2021,Maine,1328361,914,17,119662,1324
12/1/2021,Maine,1328361,938,3,120600,1327
12/2/2021,Maine,1328361,847,3,121447,1330
12/3/2021,Maine,1328361,795,2,122242,1332
12/4/2021,Maine,1328361,876,4,123118,1336
12/5/2021,Maine,1328361,0,0,123118,1336
12/6/2021,Maine,1328361,0,0,123118,1336
12/7/2021,Maine,1328361,980,12,124098,1348
12/8/2021,Maine,1328361,1275,8,125373,1356
12/9/2021,Maine,1328361,1460,1,126833,1357
12/10/2021,Maine,1328361,2149,8,128982,1365
12/11/2021,Maine,1328361,1015,2,129997,1367
12/12/2021,Maine,1328361,0,0,129997,1367
12/13/2021,Maine,1328361,0,0,129997,1367
12/14/2021,Maine,1328361,1383,9,131380,1376
12/15/2021,Maine,1328361,1504,2,132884,1378
12/16/2021,Maine,1328361,1286,27,134170,1405
12/17/2021,Maine,1328361,1150,25,135320,1430
12/18/2021,Maine,1328361,1080,11,136400,1441
12/19/2021,Maine,1328361,1,0,136401,1441
12/20/2021,Maine,1328361,0,0,136401,1441
12/21/2021,Maine,1328361,1558,22,137959,1463
12/22/2021,Maine,1328361,1462,5,139421,1468
12/23/2021,Maine,1328361,1115,4,140536,1472
12/24/2021,Maine,1328361,1244,3,141780,1475
12/25/2021,Maine,1328361,0,0,141780,1475
12/26/2021,Maine,1328361,0,0,141780,1475
12/27/2021,Maine,1328361,10,0,141790,1475
12/28/2021,Maine,1328361,1423,17,143213,1492
12/29/2021,Maine,1328361,1325,18,144538,1510
12/30/2021,Maine,1328361,1091,17,145629,1527
12/31/2021,Maine,1328361,1107,4,146736,1531
1/1/2022,Maine,1328361,0,0,146736,1531
1/2/2022,Maine,1328361,0,0,146736,1531
1/3/2022,Maine,1328361,0,0,146736,1531
1/4/2022,Maine,1328361,1481,25,148217,1556
1/5/2022,Maine,1328361,1326,26,149543,1582
1/6/2022,Maine,1328361,1302,10,150845,1592
1/7/2022,Maine,1328361,1328,7,152173,1599
1/8/2022,Maine,1328361,1203,4,153376,1603
1/9/2022,Maine,1328361,0,0,153376,1603
1/10/2022,Maine,1328361,0,0,153376,1603
1/11/2022,Maine,1328361,1779,20,155155,1623
1/12/2022,Maine,1328361,1377,0,156532,1623
1/13/2022,Maine,1328361,1555,3,158087,1626
1/14/2022,Maine,1328361,1411,18,159498,1644
1/15/2022,Maine,1328361,1359,14,160857,1658
1/16/2022,Maine,1328361,0,0,160857,1658
1/17/2022,Maine,1328361,0,0,160857,1658
1/18/2022,Maine,1328361,538,0,161395,1658
1/19/2022,Maine,1328361,1545,30,162940,1688
1/20/2022,Maine,1328361,1384,3,164324,1691
1/21/2022,Maine,1328361,1367,2,165691,1693
1/22/2022,Maine,1328361,1207,5,166898,1698
1/23/2022,Maine,1328361,1,0,166899,1698
1/24/2022,Maine,1328361,0,0,166899,1698
1/25/2022,Maine,1328361,1575,16,168474,1714
1/26/2022,Maine,1328361,1524,2,169998,1716
1/27/2022,Maine,1328361,1526,12,171524,1728
1/28/2022,Maine,1328361,1428,5,172952,1733
1/29/2022,Maine,1328361,1273,5,174225,1738
1/30/2022,Maine,1328361,0,0,174225,1738
1/31/2022,Maine,1328361,0,0,174225,1738
2/1/2022,Maine,1328361,1534,13,175759,1751
2/2/2022,Maine,1328361,1340,8,177099,1759
2/3/2022,Maine,1328361,1402,18,178501,1777
2/4/2022,Maine,1328361,1414,23,179915,1800
2/5/2022,Maine,1328361,1095,4,181010,1804
2/6/2022,Maine,1328361,0,0,181010,1804
2/7/2022,Maine,1328361,0,0,181010,1804
2/8/2022,Maine,1328361,1391,12,182401,1816
7/1/2021,Michigan,9922576,241,14,998847,20998
7/2/2021,Michigan,9922576,126,-3,998973,20995
7/3/2021,Michigan,9922576,0,0,998973,20995
7/4/2021,Michigan,9922576,0,0,998973,20995
7/5/2021,Michigan,9922576,2,0,998975,20995
7/6/2021,Michigan,9922576,523,22,999498,21017
7/7/2021,Michigan,9922576,4,0,999502,21017
7/8/2021,Michigan,9922576,24,0,999526,21017
7/9/2021,Michigan,9922576,801,28,1000327,21045
7/10/2021,Michigan,9922576,9,0,1000336,21045
7/11/2021,Michigan,9922576,1,0,1000337,21045
7/12/2021,Michigan,9922576,26,0,1000363,21045
7/13/2021,Michigan,9922576,698,32,1001061,21077
7/14/2021,Michigan,9922576,6,0,1001067,21077
7/15/2021,Michigan,9922576,53,0,1001120,21077
7/16/2021,Michigan,9922576,886,18,1002006,21095
7/17/2021,Michigan,9922576,1,0,1002007,21095
7/18/2021,Michigan,9922576,0,0,1002007,21095
7/19/2021,Michigan,9922576,52,1,1002059,21096
7/20/2021,Michigan,9922576,1113,14,1003172,21110
7/21/2021,Michigan,9922576,7,0,1003179,21110
7/22/2021,Michigan,9922576,85,0,1003264,21110
7/23/2021,Michigan,9922576,1642,21,1004906,21131
7/24/2021,Michigan,9922576,3,0,1004909,21131
7/25/2021,Michigan,9922576,5,0,1004914,21131
7/26/2021,Michigan,9922576,81,1,1004995,21132
7/27/2021,Michigan,9922576,1946,18,1006941,21150
7/28/2021,Michigan,9922576,18,0,1006959,21150
7/29/2021,Michigan,9922576,113,2,1007072,21152
7/30/2021,Michigan,9922576,2525,21,1009597,21173
7/31/2021,Michigan,9922576,14,0,1009611,21173
8/1/2021,Michigan,9922576,7,0,1009618,21173
8/2/2021,Michigan,9922576,161,1,1009779,21174
8/3/2021,Michigan,9922576,2775,28,1012554,21202
8/4/2021,Michigan,9922576,13,0,1012567,21202
8/5/2021,Michigan,9922576,167,1,1012734,21203
8/6/2021,Michigan,9922576,4262,7,1016996,21210
8/7/2021,Michigan,9922576,0,0,1016996,21210
8/8/2021,Michigan,9922576,52,0,1017048,21210
8/9/2021,Michigan,9922576,3092,10,1020140,21220
8/10/2021,Michigan,9922576,29,1,1020169,21221
8/11/2021,Michigan,9922576,3178,22,1023347,21243
8/12/2021,Michigan,9922576,254,2,1023601,21245
8/13/2021,Michigan,9922576,3474,32,1027075,21277
8/14/2021,Michigan,9922576,0,0,1027075,21277
8/15/2021,Michigan,9922576,32,0,1027107,21277
8/16/2021,Michigan,9922576,3777,19,1030884,21296
8/17/2021,Michigan,9922576,139,3,1031023,21299
8/18/2021,Michigan,9922576,3178,45,1034201,21344
8/19/2021,Michigan,9922576,174,0,1034375,21344
8/20/2021,Michigan,9922576,4605,40,1038980,21384
8/21/2021,Michigan,9922576,0,0,1038980,21384
8/22/2021,Michigan,9922576,37,0,1039017,21384
8/23/2021,Michigan,9922576,4277,12,1043294,21396
8/24/2021,Michigan,9922576,101,1,1043395,21397
8/25/2021,Michigan,9922576,5002,39,1048397,21436
8/26/2021,Michigan,9922576,270,0,1048667,21436
8/27/2021,Michigan,9922576,4342,73,1053009,21509
8/28/2021,Michigan,9922576,0,0,1053009,21509
8/29/2021,Michigan,9922576,64,0,1053073,21509
8/30/2021,Michigan,9922576,5512,25,1058585,21534
8/31/2021,Michigan,9922576,180,1,1058765,21535
9/1/2021,Michigan,9922576,5236,68,1064001,21603
9/2/2021,Michigan,9922576,114,0,1064115,21603
9/3/2021,Michigan,9922576,5105,54,1069220,21657
9/4/2021,Michigan,9922576,0,0,1069220,21657
9/5/2021,Michigan,9922576,38,0,1069258,21657
9/6/2021,Michigan,9922576,0,0,1069258,21657
9/7/2021,Michigan,9922576,6781,34,1076039,21691
9/8/2021,Michigan,9922576,3255,54,1079294,21745
9/9/2021,Michigan,9922576,326,0,1079620,21745
9/10/2021,Michigan,9922576,6761,62,1086381,21807
9/11/2021,Michigan,9922576,0,0,1086381,21807
9/12/2021,Michigan,9922576,0,0,1086381,21807
9/13/2021,Michigan,9922576,6822,33,1093203,21840
9/14/2021,Michigan,9922576,216,1,1093419,21841
9/15/2021,Michigan,9922576,7532,64,1100951,21905
9/16/2021,Michigan,9922576,258,0,1101209,21905
9/17/2021,Michigan,9922576,6478,77,1107687,21982
9/18/2021,Michigan,9922576,0,0,1107687,21982
9/19/2021,Michigan,9922576,78,0,1107765,21982
9/20/2021,Michigan,9922576,8068,38,1115833,22020
9/21/2021,Michigan,9922576,164,0,1115997,22020
9/22/2021,Michigan,9922576,7484,90,1123481,22110
9/23/2021,Michigan,9922576,302,2,1123783,22112
9/24/2021,Michigan,9922576,6876,84,1130659,22196
9/25/2021,Michigan,9922576,0,0,1130659,22196
9/26/2021,Michigan,9922576,72,0,1130731,22196
9/27/2021,Michigan,9922576,8564,31,1139295,22227
9/28/2021,Michigan,9922576,275,2,1139570,22229
9/29/2021,Michigan,9922576,8410,107,1147980,22336
9/30/2021,Michigan,9922576,323,1,1148303,22337
10/1/2021,Michigan,9922576,8923,84,1157226,22421
10/2/2021,Michigan,9922576,0,0,1157226,22421
10/3/2021,Michigan,9922576,154,0,1157380,22421
10/4/2021,Michigan,9922576,9717,65,1167097,22486
10/5/2021,Michigan,9922576,181,0,1167278,22486
10/6/2021,Michigan,9922576,9411,104,1176689,22590
10/7/2021,Michigan,9922576,0,0,1176689,22590
10/8/2021,Michigan,9922576,10111,93,1186800,22683
10/9/2021,Michigan,9922576,0,0,1186800,22683
10/10/2021,Michigan,9922576,0,0,1186800,22683
10/11/2021,Michigan,9922576,9793,35,1196593,22718
10/12/2021,Michigan,9922576,0,0,1196593,22718
10/13/2021,Michigan,9922576,10849,125,1207442,22843
10/14/2021,Michigan,9922576,0,0,1207442,22843
10/15/2021,Michigan,9922576,9970,105,1217412,22948
10/16/2021,Michigan,9922576,0,0,1217412,22948
10/17/2021,Michigan,9922576,0,0,1217412,22948
10/18/2021,Michigan,9922576,9328,48,1226740,22996
10/19/2021,Michigan,9922576,0,0,1226740,22996
10/20/2021,Michigan,9922576,8766,155,1235506,23151
10/21/2021,Michigan,9922576,0,0,1235506,23151
10/22/2021,Michigan,9922576,9164,135,1244670,23286
10/23/2021,Michigan,9922576,0,0,1244670,23286
10/24/2021,Michigan,9922576,0,0,1244670,23286
10/25/2021,Michigan,9922576,8557,56,1253227,23342
10/26/2021,Michigan,9922576,0,0,1253227,23342
10/27/2021,Michigan,9922576,9773,160,1263000,23502
10/28/2021,Michigan,9922576,0,0,1263000,23502
10/29/2021,Michigan,9922576,9713,136,1272713,23638
10/30/2021,Michigan,9922576,0,0,1272713,23638
10/31/2021,Michigan,9922576,0,0,1272713,23638
11/1/2021,Michigan,9922576,10374,68,1283087,23706
11/2/2021,Michigan,9922576,0,0,1283087,23706
11/3/2021,Michigan,9922576,11962,149,1295049,23855
11/4/2021,Michigan,9922576,0,0,1295049,23855
11/5/2021,Michigan,9922576,12138,96,1307187,23951
11/6/2021,Michigan,9922576,0,0,1307187,23951
11/7/2021,Michigan,9922576,0,0,1307187,23951
11/8/2021,Michigan,9922576,10065,52,1317252,24003
11/9/2021,Michigan,9922576,0,0,1317252,24003
11/10/2021,Michigan,9922576,9354,190,1326606,24193
11/11/2021,Michigan,9922576,0,0,1326606,24193
11/12/2021,Michigan,9922576,17746,91,1344352,24284
11/13/2021,Michigan,9922576,0,0,1344352,24284
11/14/2021,Michigan,9922576,0,0,1344352,24284
11/15/2021,Michigan,9922576,23116,100,1367468,24384
11/16/2021,Michigan,9922576,0,0,1367468,24384
11/17/2021,Michigan,9922576,17886,275,1385354,24659
11/18/2021,Michigan,9922576,0,0,1385354,24659
11/19/2021,Michigan,9922576,20456,155,1405810,24814
11/20/2021,Michigan,9922576,0,0,1405810,24814
11/21/2021,Michigan,9922576,0,0,1405810,24814
11/22/2021,Michigan,9922576,18727,86,1424537,24900
11/23/2021,Michigan,9922576,0,0,1424537,24900
11/24/2021,Michigan,9922576,20017,313,1444554,25213
11/25/2021,Michigan,9922576,0,0,1444554,25213
11/26/2021,Michigan,9922576,0,0,1444554,25213
11/27/2021,Michigan,9922576,0,0,1444554,25213
11/28/2021,Michigan,9922576,0,0,1444554,25213
11/29/2021,Michigan,9922576,27734,156,1472288,25369
11/30/2021,Michigan,9922576,0,0,1472288,25369
12/1/2021,Michigan,9922576,19860,397,1492148,25766
12/2/2021,Michigan,9922576,0,0,1492148,25766
12/3/2021,Michigan,9922576,22319,311,1514467,26077
12/4/2021,Michigan,9922576,0,0,1514467,26077
12/5/2021,Michigan,9922576,0,0,1514467,26077
12/6/2021,Michigan,9922576,17780,130,1532247,26207
12/7/2021,Michigan,9922576,0,0,1532247,26207
12/8/2021,Michigan,9922576,18605,407,1550852,26614
12/9/2021,Michigan,9922576,0,0,1550852,26614
12/10/2021,Michigan,9922576,13775,266,1564627,26880
12/11/2021,Michigan,9922576,0,0,1564627,26880
12/12/2021,Michigan,9922576,0,0,1564627,26880
12/13/2021,Michigan,9922576,17653,166,1582280,27046
12/14/2021,Michigan,9922576,0,0,1582280,27046
12/15/2021,Michigan,9922576,14374,379,1596654,27425
12/16/2021,Michigan,9922576,0,0,1596654,27425
12/17/2021,Michigan,9922576,14431,280,1611085,27705
12/18/2021,Michigan,9922576,0,0,1611085,27705
12/19/2021,Michigan,9922576,0,0,1611085,27705
12/20/2021,Michigan,9922576,15186,162,1626271,27867
12/21/2021,Michigan,9922576,0,0,1626271,27867
12/22/2021,Michigan,9922576,16112,443,1642383,28310
12/23/2021,Michigan,9922576,0,0,1642383,28310
12/24/2021,Michigan,9922576,0,0,1642383,28310
12/25/2021,Michigan,9922576,0,0,1642383,28310
12/26/2021,Michigan,9922576,0,0,1642383,28310
12/27/2021,Michigan,9922576,34930,299,1677313,28609
12/28/2021,Michigan,9922576,0,0,1677313,28609
12/29/2021,Michigan,9922576,29042,375,1706355,28984
12/30/2021,Michigan,9922576,0,0,1706355,28984
12/31/2021,Michigan,9922576,0,0,1706355,28984
1/1/2022,Michigan,9922576,0,0,1706355,28984
1/2/2022,Michigan,9922576,0,0,1706355,28984
1/3/2022,Michigan,9922576,64805,323,1771160,29307
1/4/2022,Michigan,9922576,40,0,1771200,29307
1/5/2022,Michigan,9922576,32885,317,1804085,29624
1/6/2022,Michigan,9922576,0,0,1804085,29624
1/7/2022,Michigan,9922576,46706,296,1850791,29920
1/8/2022,Michigan,9922576,0,0,1850791,29920
1/9/2022,Michigan,9922576,0,0,1850791,29920
1/10/2022,Michigan,9922576,49011,59,1899802,29979
1/11/2022,Michigan,9922576,0,0,1899802,29979
1/12/2022,Michigan,9922576,35706,398,1935508,30377
1/13/2022,Michigan,9922576,0,0,1935508,30377
1/14/2022,Michigan,9922576,43263,297,1978771,30674
1/15/2022,Michigan,9922576,0,0,1978771,30674
1/16/2022,Michigan,9922576,0,0,1978771,30674
1/17/2022,Michigan,9922576,0,0,1978771,30674
1/18/2022,Michigan,9922576,335,0,1979106,30674
1/19/2022,Michigan,9922576,98299,565,2077405,31239
1/20/2022,Michigan,9922576,0,0,2077405,31239
1/21/2022,Michigan,9922576,41175,227,2118580,31466
1/22/2022,Michigan,9922576,0,0,2118580,31466
1/23/2022,Michigan,9922576,0,0,2118580,31466
1/24/2022,Michigan,9922576,44069,37,2162649,31503
1/25/2022,Michigan,9922576,0,0,2162649,31503
1/26/2022,Michigan,9922576,35213,445,2197862,31948
1/27/2022,Michigan,9922576,0,0,2197862,31948
1/28/2022,Michigan,9922576,31543,211,2229405,32159
1/29/2022,Michigan,9922576,0,0,2229405,32159
1/30/2022,Michigan,9922576,0,0,2229405,32159
1/31/2022,Michigan,9922576,23283,66,2252688,32225
2/1/2022,Michigan,9922576,0,0,2252688,32225
2/2/2022,Michigan,9922576,24504,374,2277192,32599
2/3/2022,Michigan,9922576,0,0,2277192,32599
2/4/2022,Michigan,9922576,12077,236,2289269,32835
2/5/2022,Michigan,9922576,0,0,2289269,32835
2/6/2022,Michigan,9922576,0,0,2289269,32835
2/7/2022,Michigan,9922576,11100,39,2300369,32874
2/8/2022,Michigan,9922576,0,0,2300369,32874
7/1/2021,Minnesota,5489594,83,5,605541,7692
7/2/2021,Minnesota,5489594,101,6,605642,7698
7/3/2021,Minnesota,5489594,111,5,605753,7703
7/4/2021,Minnesota,5489594,0,0,605753,7703
7/5/2021,Minnesota,5489594,0,0,605753,7703
7/6/2021,Minnesota,5489594,143,5,605896,7708
7/7/2021,Minnesota,5489594,231,0,606127,7708
7/8/2021,Minnesota,5489594,124,2,606251,7710
7/9/2021,Minnesota,5489594,139,5,606390,7715
7/10/2021,Minnesota,5489594,0,0,606390,7715
7/11/2021,Minnesota,5489594,0,0,606390,7715
7/12/2021,Minnesota,5489594,187,2,606577,7717
7/13/2021,Minnesota,5489594,386,3,606963,7720
7/14/2021,Minnesota,5489594,199,3,607162,7723
7/15/2021,Minnesota,5489594,209,2,607371,7725
7/16/2021,Minnesota,5489594,246,3,607617,7728
7/17/2021,Minnesota,5489594,0,0,607617,7728
7/18/2021,Minnesota,5489594,0,0,607617,7728
7/19/2021,Minnesota,5489594,260,3,607877,7731
7/20/2021,Minnesota,5489594,621,1,608498,7732
7/21/2021,Minnesota,5489594,273,5,608771,7737
7/22/2021,Minnesota,5489594,338,4,609109,7741
7/23/2021,Minnesota,5489594,371,2,609480,7743
7/24/2021,Minnesota,5489594,0,0,609480,7743
7/25/2021,Minnesota,5489594,0,0,609480,7743
7/26/2021,Minnesota,5489594,423,3,609903,7746
7/27/2021,Minnesota,5489594,1029,3,610932,7749
7/28/2021,Minnesota,5489594,619,4,611551,7753
7/29/2021,Minnesota,5489594,543,3,612094,7756
7/30/2021,Minnesota,5489594,700,5,612794,7761
7/31/2021,Minnesota,5489594,0,0,612794,7761
8/1/2021,Minnesota,5489594,0,0,612794,7761
8/2/2021,Minnesota,5489594,624,6,613418,7767
8/3/2021,Minnesota,5489594,1665,4,615083,7771
8/4/2021,Minnesota,5489594,933,5,616016,7776
8/5/2021,Minnesota,5489594,861,5,616877,7781
8/6/2021,Minnesota,5489594,1004,6,617881,7787
8/7/2021,Minnesota,5489594,0,0,617881,7787
8/8/2021,Minnesota,5489594,0,0,617881,7787
8/9/2021,Minnesota,5489594,1118,4,618999,7791
8/10/2021,Minnesota,5489594,1685,7,620684,7798
8/11/2021,Minnesota,5489594,1625,10,622309,7808
8/12/2021,Minnesota,5489594,1311,8,623620,7816
8/13/2021,Minnesota,5489594,1324,6,624944,7822
8/14/2021,Minnesota,5489594,0,0,624944,7822
8/15/2021,Minnesota,5489594,0,0,624944,7822
8/16/2021,Minnesota,5489594,1459,5,626403,7827
8/17/2021,Minnesota,5489594,3044,3,629447,7830
8/18/2021,Minnesota,5489594,1158,5,630605,7835
8/19/2021,Minnesota,5489594,1346,8,631951,7843
8/20/2021,Minnesota,5489594,1698,10,633649,7853
8/21/2021,Minnesota,5489594,0,0,633649,7853
8/22/2021,Minnesota,5489594,0,0,633649,7853
8/23/2021,Minnesota,5489594,1666,7,635315,7860
8/24/2021,Minnesota,5489594,3837,8,639152,7868
8/25/2021,Minnesota,5489594,1400,7,640552,7875
8/26/2021,Minnesota,5489594,1829,11,642381,7886
8/27/2021,Minnesota,5489594,1902,6,644283,7892
8/28/2021,Minnesota,5489594,0,0,644283,7892
8/29/2021,Minnesota,5489594,0,0,644283,7892
8/30/2021,Minnesota,5489594,1904,6,646187,7898
8/31/2021,Minnesota,5489594,3870,6,650057,7904
9/1/2021,Minnesota,5489594,1424,6,651481,7910
9/2/2021,Minnesota,5489594,1900,22,653381,7932
9/3/2021,Minnesota,5489594,2130,5,655511,7937
9/4/2021,Minnesota,5489594,0,0,655511,7937
9/5/2021,Minnesota,5489594,0,0,655511,7937
9/6/2021,Minnesota,5489594,0,0,655511,7937
9/7/2021,Minnesota,5489594,2074,12,657585,7949
9/8/2021,Minnesota,5489594,5756,9,663341,7958
9/9/2021,Minnesota,5489594,1211,9,664552,7967
9/10/2021,Minnesota,5489594,2037,18,666589,7985
9/11/2021,Minnesota,5489594,0,0,666589,7985
9/12/2021,Minnesota,5489594,0,0,666589,7985
9/13/2021,Minnesota,5489594,2680,11,669269,7996
9/14/2021,Minnesota,5489594,4598,12,673867,8008
9/15/2021,Minnesota,5489594,2731,41,676598,8049
9/16/2021,Minnesota,5489594,2473,14,679071,8063
9/17/2021,Minnesota,5489594,2635,13,681706,8076
9/18/2021,Minnesota,5489594,0,0,681706,8076
9/19/2021,Minnesota,5489594,0,0,681706,8076
9/20/2021,Minnesota,5489594,2457,10,684163,8086
9/21/2021,Minnesota,5489594,6321,18,690484,8104
9/22/2021,Minnesota,5489594,1638,14,692122,8118
9/23/2021,Minnesota,5489594,2291,24,694413,8142
9/24/2021,Minnesota,5489594,2862,27,697275,8169
9/25/2021,Minnesota,5489594,0,0,697275,8169
9/26/2021,Minnesota,5489594,0,0,697275,8169
9/27/2021,Minnesota,5489594,2784,22,700059,8191
9/28/2021,Minnesota,5489594,6202,21,706261,8212
9/29/2021,Minnesota,5489594,2062,31,708323,8243
9/30/2021,Minnesota,5489594,2874,13,711197,8256
10/1/2021,Minnesota,5489594,3696,17,714893,8273
10/2/2021,Minnesota,5489594,0,0,714893,8273
10/3/2021,Minnesota,5489594,0,0,714893,8273
10/4/2021,Minnesota,5489594,3537,21,718430,8294
10/5/2021,Minnesota,5489594,7134,22,725564,8316
10/6/2021,Minnesota,5489594,3883,40,729447,8356
10/7/2021,Minnesota,5489594,2667,32,732114,8388
10/8/2021,Minnesota,5489594,3645,20,735759,8408
10/9/2021,Minnesota,5489594,0,0,735759,8408
10/10/2021,Minnesota,5489594,0,0,735759,8408
10/11/2021,Minnesota,5489594,3197,25,738956,8433
10/12/2021,Minnesota,5489594,7936,21,746892,8454
10/13/2021,Minnesota,5489594,2376,24,749268,8478
10/14/2021,Minnesota,5489594,2916,25,752184,8503
10/15/2021,Minnesota,5489594,3341,28,755525,8531
10/16/2021,Minnesota,5489594,0,0,755525,8531
10/17/2021,Minnesota,5489594,0,0,755525,8531
10/18/2021,Minnesota,5489594,2851,29,758376,8560
10/19/2021,Minnesota,5489594,5663,21,764039,8581
10/20/2021,Minnesota,5489594,1846,32,765885,8613
10/21/2021,Minnesota,5489594,2351,26,768236,8639
10/22/2021,Minnesota,5489594,2134,22,770370,8661
10/23/2021,Minnesota,5489594,0,0,770370,8661
10/24/2021,Minnesota,5489594,0,0,770370,8661
10/25/2021,Minnesota,5489594,2981,22,773351,8683
10/26/2021,Minnesota,5489594,6522,22,779873,8705
10/27/2021,Minnesota,5489594,1799,31,781672,8736
10/28/2021,Minnesota,5489594,2685,41,784357,8777
10/29/2021,Minnesota,5489594,3317,16,787674,8793
10/30/2021,Minnesota,5489594,0,0,787674,8793
10/31/2021,Minnesota,5489594,0,0,787674,8793
11/1/2021,Minnesota,5489594,10434,25,798108,8818
11/2/2021,Minnesota,5489594,7031,24,805139,8842
11/3/2021,Minnesota,5489594,2941,43,808080,8885
11/4/2021,Minnesota,5489594,3698,32,811778,8917
11/5/2021,Minnesota,5489594,3354,35,815132,8952
11/6/2021,Minnesota,5489594,0,0,815132,8952
11/7/2021,Minnesota,5489594,0,0,815132,8952
11/8/2021,Minnesota,5489594,4231,34,819363,8986
11/9/2021,Minnesota,5489594,7165,20,826528,9006
11/10/2021,Minnesota,5489594,5265,43,831793,9049
11/11/2021,Minnesota,5489594,5118,43,836911,9092
11/12/2021,Minnesota,5489594,4838,28,841749,9120
11/13/2021,Minnesota,5489594,0,0,841749,9120
11/14/2021,Minnesota,5489594,0,0,841749,9120
11/15/2021,Minnesota,5489594,5262,0,847011,9120
11/16/2021,Minnesota,5489594,10904,51,857915,9171
11/17/2021,Minnesota,5489594,3444,46,861359,9217
11/18/2021,Minnesota,5489594,4820,32,866179,9249
11/19/2021,Minnesota,5489594,5148,30,871327,9279
11/20/2021,Minnesota,5489594,0,0,871327,9279
11/21/2021,Minnesota,5489594,0,0,871327,9279
11/22/2021,Minnesota,5489594,4714,37,876041,9316
11/23/2021,Minnesota,5489594,11451,37,887492,9353
11/24/2021,Minnesota,5489594,3731,53,891223,9406
11/25/2021,Minnesota,5489594,0,0,891223,9406
11/26/2021,Minnesota,5489594,4130,56,895353,9462
11/27/2021,Minnesota,5489594,0,0,895353,9462
11/28/2021,Minnesota,5489594,0,0,895353,9462
11/29/2021,Minnesota,5489594,4510,44,899863,9506
11/30/2021,Minnesota,5489594,12631,0,912494,9506
12/1/2021,Minnesota,5489594,3572,100,916066,9606
12/2/2021,Minnesota,5489594,5307,72,921373,9678
12/3/2021,Minnesota,5489594,5682,62,927055,9740
12/4/2021,Minnesota,5489594,0,0,927055,9740
12/5/2021,Minnesota,5489594,0,0,927055,9740
12/6/2021,Minnesota,5489594,6094,38,933149,9778
12/7/2021,Minnesota,5489594,12420,45,945569,9823
12/8/2021,Minnesota,5489594,3045,75,948614,9898
12/9/2021,Minnesota,5489594,3742,40,952356,9938
12/10/2021,Minnesota,5489594,4547,58,956903,9996
12/11/2021,Minnesota,5489594,0,0,956903,9996
12/12/2021,Minnesota,5489594,0,0,956903,9996
12/13/2021,Minnesota,5489594,3646,46,960549,10042
12/14/2021,Minnesota,5489594,9025,46,969574,10088
12/15/2021,Minnesota,5489594,2217,54,971791,10142
12/16/2021,Minnesota,5489594,3780,39,975571,10181
12/17/2021,Minnesota,5489594,3836,54,979407,10235
12/18/2021,Minnesota,5489594,0,0,979407,10235
12/19/2021,Minnesota,5489594,0,0,979407,10235
12/20/2021,Minnesota,5489594,3381,45,982788,10280
12/21/2021,Minnesota,5489594,7383,41,990171,10321
12/22/2021,Minnesota,5489594,2804,57,992975,10378
12/23/2021,Minnesota,5489594,3383,62,996358,10440
12/24/2021,Minnesota,5489594,0,0,996358,10440
12/25/2021,Minnesota,5489594,0,0,996358,10440
12/26/2021,Minnesota,5489594,0,0,996358,10440
12/27/2021,Minnesota,5489594,4137,53,1000495,10493
12/28/2021,Minnesota,5489594,9864,40,1010359,10533
12/29/2021,Minnesota,5489594,5210,69,1015569,10602
12/30/2021,Minnesota,5489594,6783,54,1022352,10656
12/31/2021,Minnesota,5489594,0,0,1022352,10656
1/1/2022,Minnesota,5489594,0,0,1022352,10656
1/2/2022,Minnesota,5489594,0,0,1022352,10656
1/3/2022,Minnesota,5489594,6774,48,1029126,10704
1/4/2022,Minnesota,5489594,16184,36,1045310,10740
1/5/2022,Minnesota,5489594,4140,71,1049450,10811
1/6/2022,Minnesota,5489594,6926,62,1056376,10873
1/7/2022,Minnesota,5489594,7829,33,1064205,10906
1/8/2022,Minnesota,5489594,0,0,1064205,10906
1/9/2022,Minnesota,5489594,0,0,1064205,10906
1/10/2022,Minnesota,5489594,10963,44,1075168,10950
1/11/2022,Minnesota,5489594,29466,28,1104634,10978
1/12/2022,Minnesota,5489594,10704,49,1115338,11027
1/13/2022,Minnesota,5489594,11499,52,1126837,11079
1/14/2022,Minnesota,5489594,11549,32,1138386,11111
1/15/2022,Minnesota,5489594,0,0,1138386,11111
1/16/2022,Minnesota,5489594,0,0,1138386,11111
1/17/2022,Minnesota,5489594,0,0,1138386,11111
1/18/2022,Minnesota,5489594,10642,29,1149028,11140
1/19/2022,Minnesota,5489594,44616,37,1193644,11177
1/20/2022,Minnesota,5489594,11425,78,1205069,11255
1/21/2022,Minnesota,5489594,11805,36,1216874,11291
1/22/2022,Minnesota,5489594,0,0,1216874,11291
1/23/2022,Minnesota,5489594,0,0,1216874,11291
1/24/2022,Minnesota,5489594,12710,42,1229584,11333
1/25/2022,Minnesota,5489594,35491,37,1265075,11370
1/26/2022,Minnesota,5489594,15565,52,1280640,11422
1/27/2022,Minnesota,5489594,14627,67,1295267,11489
1/28/2022,Minnesota,5489594,14548,43,1309815,11532
1/29/2022,Minnesota,5489594,0,0,1309815,11532
1/30/2022,Minnesota,5489594,0,0,1309815,11532
1/31/2022,Minnesota,5489594,12088,29,1321903,11561
2/1/2022,Minnesota,5489594,21337,46,1343240,11607
2/2/2022,Minnesota,5489594,3910,59,1347150,11666
2/3/2022,Minnesota,5489594,5448,45,1352598,11711
2/4/2022,Minnesota,5489594,6610,38,1359208,11749
2/5/2022,Minnesota,5489594,0,0,1359208,11749
2/6/2022,Minnesota,5489594,0,0,1359208,11749
2/7/2022,Minnesota,5489594,5826,35,1365034,11784
2/8/2022,Minnesota,5489594,10395,48,1375429,11832
7/1/2021,Missouri,6083672,1387,5,636120,9924
7/2/2021,Missouri,6083672,1270,15,637390,9939
7/3/2021,Missouri,6083672,223,9,637613,9948
7/4/2021,Missouri,6083672,970,1,638583,9949
7/5/2021,Missouri,6083672,642,0,639225,9949
7/6/2021,Missouri,6083672,1263,1,640488,9950
7/7/2021,Missouri,6083672,1576,29,642064,9979
7/8/2021,Missouri,6083672,1602,7,643666,9986
7/9/2021,Missouri,6083672,2544,9,646210,9995
7/10/2021,Missouri,6083672,1138,7,647348,10002
7/11/2021,Missouri,6083672,815,0,648163,10002
7/12/2021,Missouri,6083672,672,1,648835,10003
7/13/2021,Missouri,6083672,2331,51,651166,10054
7/14/2021,Missouri,6083672,2152,15,653318,10069
7/15/2021,Missouri,6083672,2885,12,656203,10081
7/16/2021,Missouri,6083672,2824,8,659027,10089
7/17/2021,Missouri,6083672,2011,8,661038,10097
7/18/2021,Missouri,6083672,989,0,662027,10097
7/19/2021,Missouri,6083672,1525,5,663552,10102
7/20/2021,Missouri,6083672,2429,37,665981,10139
7/21/2021,Missouri,6083672,2714,11,668695,10150
7/22/2021,Missouri,6083672,3245,15,671940,10165
7/23/2021,Missouri,6083672,3037,14,674977,10179
7/24/2021,Missouri,6083672,2583,10,677560,10189
7/25/2021,Missouri,6083672,1349,0,678909,10189
7/26/2021,Missouri,6083672,1737,5,680646,10194
7/27/2021,Missouri,6083672,2470,57,683116,10251
7/28/2021,Missouri,6083672,3061,15,686177,10266
7/29/2021,Missouri,6083672,3215,17,689392,10283
7/30/2021,Missouri,6083672,3992,11,693384,10294
7/31/2021,Missouri,6083672,2342,16,695726,10310
8/1/2021,Missouri,6083672,1755,3,697481,10313
8/2/2021,Missouri,6083672,1761,7,699242,10320
8/3/2021,Missouri,6083672,2542,83,701784,10403
8/4/2021,Missouri,6083672,4369,29,706153,10432
8/5/2021,Missouri,6083672,4041,27,710194,10459
8/6/2021,Missouri,6083672,3429,22,713623,10481
8/7/2021,Missouri,6083672,2259,9,715882,10490
8/8/2021,Missouri,6083672,1537,1,717419,10491
8/9/2021,Missouri,6083672,1817,5,719236,10496
8/10/2021,Missouri,6083672,2559,129,721795,10625
8/11/2021,Missouri,6083672,3934,17,725729,10642
8/12/2021,Missouri,6083672,3675,19,729404,10661
8/13/2021,Missouri,6083672,3141,14,732545,10675
8/14/2021,Missouri,6083672,2665,18,735210,10693
8/15/2021,Missouri,6083672,1529,1,736739,10694
8/16/2021,Missouri,6083672,2006,3,738745,10697
8/17/2021,Missouri,6083672,2101,110,740846,10807
8/18/2021,Missouri,6083672,3156,12,744002,10819
8/19/2021,Missouri,6083672,3446,13,747448,10832
8/20/2021,Missouri,6083672,3216,23,750664,10855
8/21/2021,Missouri,6083672,2024,22,752688,10877
8/22/2021,Missouri,6083672,1580,3,754268,10880
8/23/2021,Missouri,6083672,2009,5,756277,10885
8/24/2021,Missouri,6083672,2447,157,758724,11042
8/25/2021,Missouri,6083672,2770,24,761494,11066
8/26/2021,Missouri,6083672,2937,15,764431,11081
8/27/2021,Missouri,6083672,2900,29,767331,11110
8/28/2021,Missouri,6083672,2176,13,769507,11123
8/29/2021,Missouri,6083672,1061,5,770568,11128
8/30/2021,Missouri,6083672,2514,10,773082,11138
8/31/2021,Missouri,6083672,1782,133,774864,11271
9/1/2021,Missouri,6083672,2860,35,777724,11306
9/2/2021,Missouri,6083672,2986,17,780710,11323
9/3/2021,Missouri,6083672,2993,20,783703,11343
9/4/2021,Missouri,6083672,2394,5,786097,11348
9/5/2021,Missouri,6083672,1218,8,787315,11356
9/6/2021,Missouri,6083672,971,2,788286,11358
9/7/2021,Missouri,6083672,1842,11,790128,11369
9/8/2021,Missouri,6083672,2582,134,792710,11503
9/9/2021,Missouri,6083672,2705,29,795415,11532
9/10/2021,Missouri,6083672,3249,24,798664,11556
9/11/2021,Missouri,6083672,2476,14,801140,11570
9/12/2021,Missouri,6083672,1556,3,802696,11573
9/13/2021,Missouri,6083672,1919,1,804615,11574
9/14/2021,Missouri,6083672,2284,116,806899,11690
9/15/2021,Missouri,6083672,2626,20,809525,11710
9/16/2021,Missouri,6083672,2581,20,812106,11730
9/17/2021,Missouri,6083672,2088,20,814194,11750
9/18/2021,Missouri,6083672,2116,15,816310,11765
9/19/2021,Missouri,6083672,1156,1,817466,11766
9/20/2021,Missouri,6083672,1433,2,818899,11768
9/21/2021,Missouri,6083672,2011,187,820910,11955
9/22/2021,Missouri,6083672,2255,16,823165,11971
9/23/2021,Missouri,6083672,2211,28,825376,11999
9/24/2021,Missouri,6083672,2091,11,827467,12010
9/25/2021,Missouri,6083672,1866,17,829333,12027
9/26/2021,Missouri,6083672,895,3,830228,12030
9/27/2021,Missouri,6083672,1128,2,831356,12032
9/28/2021,Missouri,6083672,1639,124,832995,12156
9/29/2021,Missouri,6083672,2033,23,835028,12179
9/30/2021,Missouri,6083672,2113,13,837141,12192
10/1/2021,Missouri,6083672,1820,24,838961,12216
10/2/2021,Missouri,6083672,1409,8,840370,12224
10/3/2021,Missouri,6083672,1017,4,841387,12228
10/4/2021,Missouri,6083672,995,5,842382,12233
10/5/2021,Missouri,6083672,1296,121,843678,12354
10/6/2021,Missouri,6083672,1954,28,845632,12382
10/7/2021,Missouri,6083672,1550,10,847182,12392
10/8/2021,Missouri,6083672,1548,4,848730,12396
10/9/2021,Missouri,6083672,1021,4,849751,12400
10/10/2021,Missouri,6083672,723,1,850474,12401
10/11/2021,Missouri,6083672,898,7,851372,12408
10/12/2021,Missouri,6083672,969,4,852341,12412
10/13/2021,Missouri,6083672,1641,99,853982,12511
10/14/2021,Missouri,6083672,1440,33,855422,12544
10/15/2021,Missouri,6083672,1428,7,856850,12551
10/16/2021,Missouri,6083672,876,6,857726,12557
10/17/2021,Missouri,6083672,647,2,858373,12559
10/18/2021,Missouri,6083672,564,1,858937,12560
10/19/2021,Missouri,6083672,972,68,859909,12628
10/20/2021,Missouri,6083672,1446,23,861355,12651
10/21/2021,Missouri,6083672,1288,7,862643,12658
10/22/2021,Missouri,6083672,1053,10,863696,12668
10/23/2021,Missouri,6083672,941,4,864637,12672
10/24/2021,Missouri,6083672,511,0,865148,12672
10/25/2021,Missouri,6083672,730,1,865878,12673
10/26/2021,Missouri,6083672,1021,52,866899,12725
10/27/2021,Missouri,6083672,1365,22,868264,12747
10/28/2021,Missouri,6083672,1193,9,869457,12756
10/29/2021,Missouri,6083672,1097,12,870554,12768
10/30/2021,Missouri,6083672,863,6,871417,12774
10/31/2021,Missouri,6083672,978,3,872395,12777
11/1/2021,Missouri,6083672,301,2,872696,12779
11/2/2021,Missouri,6083672,1256,125,873952,12904
11/3/2021,Missouri,6083672,1428,8,875380,12912
11/4/2021,Missouri,6083672,1223,4,876603,12916
11/5/2021,Missouri,6083672,1206,10,877809,12926
11/6/2021,Missouri,6083672,1211,6,879020,12932
11/7/2021,Missouri,6083672,607,0,879627,12932
11/8/2021,Missouri,6083672,1025,0,880652,12932
11/9/2021,Missouri,6083672,1438,84,882090,13016
11/10/2021,Missouri,6083672,1850,40,883940,13056
11/11/2021,Missouri,6083672,124,0,884064,13056
11/12/2021,Missouri,6083672,3010,7,887074,13063
11/13/2021,Missouri,6083672,1420,7,888494,13070
11/14/2021,Missouri,6083672,740,1,889234,13071
11/15/2021,Missouri,6083672,1230,1,890464,13072
11/16/2021,Missouri,6083672,1530,58,891994,13130
11/17/2021,Missouri,6083672,1835,5,893829,13135
11/18/2021,Missouri,6083672,9548,2084,903377,15219
11/19/2021,Missouri,6083672,1683,96,905060,15315
11/20/2021,Missouri,6083672,1283,6,906343,15321
11/21/2021,Missouri,6083672,656,2,906999,15323
11/22/2021,Missouri,6083672,1791,21,908790,15344
11/23/2021,Missouri,6083672,2095,86,910885,15430
11/24/2021,Missouri,6083672,2196,16,913081,15446
11/25/2021,Missouri,6083672,-3,0,913078,15446
11/26/2021,Missouri,6083672,273,0,913351,15446
11/27/2021,Missouri,6083672,655,3,914006,15449
11/28/2021,Missouri,6083672,169,1,914175,15450
11/29/2021,Missouri,6083672,5404,8,919579,15458
11/30/2021,Missouri,6083672,2782,75,922361,15533
12/1/2021,Missouri,6083672,3166,8,925527,15541
12/2/2021,Missouri,6083672,3702,13,929229,15554
12/3/2021,Missouri,6083672,720,2,929949,15556
12/4/2021,Missouri,6083672,4161,14,934110,15570
12/5/2021,Missouri,6083672,1284,1,935394,15571
12/6/2021,Missouri,6083672,3625,2,939019,15573
12/7/2021,Missouri,6083672,2539,80,941558,15653
12/8/2021,Missouri,6083672,3591,14,945149,15667
12/9/2021,Missouri,6083672,3439,21,948588,15688
12/10/2021,Missouri,6083672,3572,20,952160,15708
12/11/2021,Missouri,6083672,1958,7,954118,15715
12/12/2021,Missouri,6083672,1379,1,955497,15716
12/13/2021,Missouri,6083672,2200,3,957697,15719
12/14/2021,Missouri,6083672,2840,98,960537,15817
12/15/2021,Missouri,6083672,3223,26,963760,15843
12/16/2021,Missouri,6083672,4536,10,968296,15853
12/17/2021,Missouri,6083672,3370,15,971666,15868
12/18/2021,Missouri,6083672,3036,11,974702,15879
12/19/2021,Missouri,6083672,1499,1,976201,15880
12/20/2021,Missouri,6083672,2560,0,978761,15880
12/21/2021,Missouri,6083672,3015,106,981776,15986
12/22/2021,Missouri,6083672,3924,24,985700,16010
12/23/2021,Missouri,6083672,5417,12,991117,16022
12/24/2021,Missouri,6083672,4,0,991121,16022
12/25/2021,Missouri,6083672,0,0,991121,16022
12/26/2021,Missouri,6083672,2238,4,993359,16026
12/27/2021,Missouri,6083672,8171,8,1001530,16034
12/28/2021,Missouri,6083672,5738,154,1007268,16188
12/29/2021,Missouri,6083672,6800,17,1014068,16205
12/30/2021,Missouri,6083672,8403,18,1022471,16223
12/31/2021,Missouri,6083672,839,0,1023310,16223
1/1/2022,Missouri,6083672,0,4,1023310,16227
1/2/2022,Missouri,6083672,5921,6,1029231,16233
1/3/2022,Missouri,6083672,20156,4,1049387,16237
1/4/2022,Missouri,6083672,7705,171,1057092,16408
1/5/2022,Missouri,6083672,13298,41,1070390,16449
1/6/2022,Missouri,6083672,13448,29,1083838,16478
1/7/2022,Missouri,6083672,12223,14,1096061,16492
1/8/2022,Missouri,6083672,11401,18,1107462,16510
1/9/2022,Missouri,6083672,6660,3,1114122,16513
1/10/2022,Missouri,6083672,10249,2,1124371,16515
1/11/2022,Missouri,6083672,12307,207,1136678,16722
1/12/2022,Missouri,6083672,13452,32,1150130,16754
1/13/2022,Missouri,6083672,15792,17,1165922,16771
1/14/2022,Missouri,6083672,10253,29,1176175,16800
1/15/2022,Missouri,6083672,17218,22,1193393,16822
1/16/2022,Missouri,6083672,27,0,1193420,16822
1/17/2022,Missouri,6083672,1,0,1193421,16822
1/18/2022,Missouri,6083672,26332,25,1219753,16847
1/19/2022,Missouri,6083672,14908,149,1234661,16996
1/20/2022,Missouri,6083672,16276,28,1250937,17024
1/21/2022,Missouri,6083672,15351,221,1266288,17245
1/22/2022,Missouri,6083672,8938,8,1275226,17253
1/23/2022,Missouri,6083672,5899,1,1281125,17254
1/24/2022,Missouri,6083672,10072,16,1291197,17270
1/25/2022,Missouri,6083672,9385,39,1300582,17309
1/26/2022,Missouri,6083672,10232,36,1310814,17345
1/27/2022,Missouri,6083672,10130,16,1320944,17361
1/28/2022,Missouri,6083672,9136,31,1330080,17392
1/29/2022,Missouri,6083672,7559,11,1337639,17403
1/30/2022,Missouri,6083672,2642,1,1340281,17404
1/31/2022,Missouri,6083672,5506,17,1345787,17421
2/1/2022,Missouri,6083672,5123,306,1350910,17727
2/2/2022,Missouri,6083672,9256,80,1360166,17807
2/3/2022,Missouri,6083672,4730,30,1364896,17837
2/4/2022,Missouri,6083672,2859,14,1367755,17851
2/5/2022,Missouri,6083672,2542,8,1370297,17859
2/6/2022,Missouri,6083672,1691,10,1371988,17869
2/7/2022,Missouri,6083672,3039,14,1375027,17883
2/8/2022,Missouri,6083672,3255,272,1378282,18155
7/1/2021,Northern Mariana Islands,55144,0,0,183,2
7/2/2021,Northern Mariana Islands,55144,0,0,183,2
7/3/2021,Northern Mariana Islands,55144,0,0,183,2
7/4/2021,Northern Mariana Islands,55144,0,0,183,2
7/5/2021,Northern Mariana Islands,55144,1,0,184,2
7/6/2021,Northern Mariana Islands,55144,0,0,184,2
7/7/2021,Northern Mariana Islands,55144,1,0,185,2
7/8/2021,Northern Mariana Islands,55144,0,0,185,2
7/9/2021,Northern Mariana Islands,55144,0,0,185,2
7/10/2021,Northern Mariana Islands,55144,0,0,185,2
7/11/2021,Northern Mariana Islands,55144,0,0,185,2
7/12/2021,Northern Mariana Islands,55144,0,0,185,2
7/13/2021,Northern Mariana Islands,55144,2,0,187,2
7/14/2021,Northern Mariana Islands,55144,0,0,187,2
7/15/2021,Northern Mariana Islands,55144,0,0,187,2
7/16/2021,Northern Mariana Islands,55144,0,0,187,2
7/17/2021,Northern Mariana Islands,55144,0,0,187,2
7/18/2021,Northern Mariana Islands,55144,0,0,187,2
7/19/2021,Northern Mariana Islands,55144,1,0,188,2
7/20/2021,Northern Mariana Islands,55144,0,0,188,2
7/21/2021,Northern Mariana Islands,55144,0,0,188,2
7/22/2021,Northern Mariana Islands,55144,0,0,188,2
7/23/2021,Northern Mariana Islands,55144,0,0,188,2
7/24/2021,Northern Mariana Islands,55144,0,0,188,2
7/25/2021,Northern Mariana Islands,55144,2,0,190,2
7/26/2021,Northern Mariana Islands,55144,0,0,190,2
7/27/2021,Northern Mariana Islands,55144,0,0,190,2
7/28/2021,Northern Mariana Islands,55144,0,0,190,2
7/29/2021,Northern Mariana Islands,55144,0,0,190,2
7/30/2021,Northern Mariana Islands,55144,0,0,190,2
7/31/2021,Northern Mariana Islands,55144,6,0,196,2
8/1/2021,Northern Mariana Islands,55144,0,0,196,2
8/2/2021,Northern Mariana Islands,55144,2,0,198,2
8/3/2021,Northern Mariana Islands,55144,0,0,198,2
8/4/2021,Northern Mariana Islands,55144,0,0,198,2
8/5/2021,Northern Mariana Islands,55144,0,0,198,2
8/6/2021,Northern Mariana Islands,55144,8,0,206,2
8/7/2021,Northern Mariana Islands,55144,0,0,206,2
8/8/2021,Northern Mariana Islands,55144,0,0,206,2
8/9/2021,Northern Mariana Islands,55144,4,0,210,2
8/10/2021,Northern Mariana Islands,55144,0,0,210,2
8/11/2021,Northern Mariana Islands,55144,1,0,211,2
8/12/2021,Northern Mariana Islands,55144,0,0,211,2
8/13/2021,Northern Mariana Islands,55144,3,0,214,2
8/14/2021,Northern Mariana Islands,55144,0,0,214,2
8/15/2021,Northern Mariana Islands,55144,0,0,214,2
8/16/2021,Northern Mariana Islands,55144,5,0,219,2
8/17/2021,Northern Mariana Islands,55144,1,0,220,2
8/18/2021,Northern Mariana Islands,55144,0,0,220,2
8/19/2021,Northern Mariana Islands,55144,4,0,224,2
8/20/2021,Northern Mariana Islands,55144,0,0,224,2
8/21/2021,Northern Mariana Islands,55144,0,0,224,2
8/22/2021,Northern Mariana Islands,55144,0,0,224,2
8/23/2021,Northern Mariana Islands,55144,2,0,226,2
8/24/2021,Northern Mariana Islands,55144,0,0,226,2
8/25/2021,Northern Mariana Islands,55144,4,0,230,2
8/26/2021,Northern Mariana Islands,55144,2,0,232,2
8/27/2021,Northern Mariana Islands,55144,2,0,234,2
8/28/2021,Northern Mariana Islands,55144,0,0,234,2
8/29/2021,Northern Mariana Islands,55144,0,0,234,2
8/30/2021,Northern Mariana Islands,55144,7,0,241,2
8/31/2021,Northern Mariana Islands,55144,0,0,241,2
9/1/2021,Northern Mariana Islands,55144,0,0,241,2
9/2/2021,Northern Mariana Islands,55144,0,0,241,2
9/3/2021,Northern Mariana Islands,55144,2,0,243,2
9/4/2021,Northern Mariana Islands,55144,0,0,243,2
9/5/2021,Northern Mariana Islands,55144,0,0,243,2
9/6/2021,Northern Mariana Islands,55144,5,0,248,2
9/7/2021,Northern Mariana Islands,55144,0,0,248,2
9/8/2021,Northern Mariana Islands,55144,1,0,249,2
9/9/2021,Northern Mariana Islands,55144,0,0,249,2
9/10/2021,Northern Mariana Islands,55144,1,0,250,2
9/11/2021,Northern Mariana Islands,55144,0,0,250,2
9/12/2021,Northern Mariana Islands,55144,0,0,250,2
9/13/2021,Northern Mariana Islands,55144,2,0,252,2
9/14/2021,Northern Mariana Islands,55144,4,0,256,2
9/15/2021,Northern Mariana Islands,55144,2,0,258,2
9/16/2021,Northern Mariana Islands,55144,0,0,258,2
9/17/2021,Northern Mariana Islands,55144,0,0,258,2
9/18/2021,Northern Mariana Islands,55144,0,0,258,2
9/19/2021,Northern Mariana Islands,55144,0,0,258,2
9/20/2021,Northern Mariana Islands,55144,5,0,263,2
9/21/2021,Northern Mariana Islands,55144,2,0,265,2
9/22/2021,Northern Mariana Islands,55144,0,0,265,2
9/23/2021,Northern Mariana Islands,55144,0,0,265,2
9/24/2021,Northern Mariana Islands,55144,0,0,265,2
9/25/2021,Northern Mariana Islands,55144,0,0,265,2
9/26/2021,Northern Mariana Islands,55144,0,0,265,2
9/27/2021,Northern Mariana Islands,55144,2,0,267,2
9/28/2021,Northern Mariana Islands,55144,1,0,268,2
9/29/2021,Northern Mariana Islands,55144,0,0,268,2
9/30/2021,Northern Mariana Islands,55144,1,0,269,2
10/1/2021,Northern Mariana Islands,55144,1,0,270,2
10/2/2021,Northern Mariana Islands,55144,0,0,270,2
10/3/2021,Northern Mariana Islands,55144,0,0,270,2
10/4/2021,Northern Mariana Islands,55144,2,0,272,2
10/5/2021,Northern Mariana Islands,55144,0,0,272,2
10/6/2021,Northern Mariana Islands,55144,1,0,273,2
10/7/2021,Northern Mariana Islands,55144,0,0,273,2
10/8/2021,Northern Mariana Islands,55144,0,0,273,2
10/9/2021,Northern Mariana Islands,55144,0,0,273,2
10/10/2021,Northern Mariana Islands,55144,0,0,273,2
10/11/2021,Northern Mariana Islands,55144,4,1,277,3
10/12/2021,Northern Mariana Islands,55144,4,0,281,3
10/13/2021,Northern Mariana Islands,55144,1,0,282,3
10/14/2021,Northern Mariana Islands,55144,0,0,282,3
10/15/2021,Northern Mariana Islands,55144,0,0,282,3
10/16/2021,Northern Mariana Islands,55144,0,0,282,3
10/17/2021,Northern Mariana Islands,55144,0,0,282,3
10/18/2021,Northern Mariana Islands,55144,7,0,289,3
10/19/2021,Northern Mariana Islands,55144,0,0,289,3
10/20/2021,Northern Mariana Islands,55144,0,0,289,3
10/21/2021,Northern Mariana Islands,55144,0,0,289,3
10/22/2021,Northern Mariana Islands,55144,1,0,290,3
10/23/2021,Northern Mariana Islands,55144,0,0,290,3
10/24/2021,Northern Mariana Islands,55144,0,0,290,3
10/25/2021,Northern Mariana Islands,55144,1,0,291,3
10/26/2021,Northern Mariana Islands,55144,0,0,291,3
10/27/2021,Northern Mariana Islands,55144,0,0,291,3
10/28/2021,Northern Mariana Islands,55144,0,0,291,3
10/29/2021,Northern Mariana Islands,55144,0,0,291,3
10/30/2021,Northern Mariana Islands,55144,0,0,291,3
10/31/2021,Northern Mariana Islands,55144,21,0,312,3
11/1/2021,Northern Mariana Islands,55144,0,0,312,3
11/2/2021,Northern Mariana Islands,55144,0,0,312,3
11/3/2021,Northern Mariana Islands,55144,0,0,312,3
11/4/2021,Northern Mariana Islands,55144,0,0,312,3
11/5/2021,Northern Mariana Islands,55144,31,0,343,3
11/6/2021,Northern Mariana Islands,55144,0,0,343,3
11/7/2021,Northern Mariana Islands,55144,0,0,343,3
11/8/2021,Northern Mariana Islands,55144,0,0,343,3
11/9/2021,Northern Mariana Islands,55144,0,0,343,3
11/10/2021,Northern Mariana Islands,55144,0,0,343,3
11/11/2021,Northern Mariana Islands,55144,0,0,343,3
11/12/2021,Northern Mariana Islands,55144,0,0,343,3
11/13/2021,Northern Mariana Islands,55144,0,0,343,3
11/14/2021,Northern Mariana Islands,55144,0,0,343,3
11/15/2021,Northern Mariana Islands,55144,0,0,343,3
11/16/2021,Northern Mariana Islands,55144,52,0,395,3
11/17/2021,Northern Mariana Islands,55144,13,0,408,3
11/18/2021,Northern Mariana Islands,55144,23,0,431,3
11/19/2021,Northern Mariana Islands,55144,7,0,438,3
11/20/2021,Northern Mariana Islands,55144,0,0,438,3
11/21/2021,Northern Mariana Islands,55144,26,0,464,3
11/22/2021,Northern Mariana Islands,55144,10,0,474,3
11/23/2021,Northern Mariana Islands,55144,0,0,474,3
11/24/2021,Northern Mariana Islands,55144,130,0,604,3
11/25/2021,Northern Mariana Islands,55144,45,0,649,3
11/26/2021,Northern Mariana Islands,55144,20,0,669,3
11/27/2021,Northern Mariana Islands,55144,0,0,669,3
11/28/2021,Northern Mariana Islands,55144,0,0,669,3
11/29/2021,Northern Mariana Islands,55144,0,0,669,3
11/30/2021,Northern Mariana Islands,55144,186,0,855,3
12/1/2021,Northern Mariana Islands,55144,0,0,855,3
12/2/2021,Northern Mariana Islands,55144,207,0,1062,3
12/3/2021,Northern Mariana Islands,55144,42,0,1104,3
12/4/2021,Northern Mariana Islands,55144,0,0,1104,3
12/5/2021,Northern Mariana Islands,55144,0,0,1104,3
12/6/2021,Northern Mariana Islands,55144,78,0,1182,3
12/7/2021,Northern Mariana Islands,55144,0,0,1182,3
12/8/2021,Northern Mariana Islands,55144,0,0,1182,3
12/9/2021,Northern Mariana Islands,55144,332,2,1514,5
12/10/2021,Northern Mariana Islands,55144,0,0,1514,5
12/11/2021,Northern Mariana Islands,55144,0,0,1514,5
12/12/2021,Northern Mariana Islands,55144,394,1,1908,6
12/13/2021,Northern Mariana Islands,55144,0,0,1908,6
12/14/2021,Northern Mariana Islands,55144,110,0,2018,6
12/15/2021,Northern Mariana Islands,55144,99,0,2117,6
12/16/2021,Northern Mariana Islands,55144,88,0,2205,6
12/17/2021,Northern Mariana Islands,55144,116,0,2321,6
12/18/2021,Northern Mariana Islands,55144,54,1,2375,7
12/19/2021,Northern Mariana Islands,55144,47,1,2422,8
12/20/2021,Northern Mariana Islands,55144,84,0,2506,8
12/21/2021,Northern Mariana Islands,55144,74,0,2580,8
12/22/2021,Northern Mariana Islands,55144,61,0,2641,8
12/23/2021,Northern Mariana Islands,55144,96,0,2737,8
12/24/2021,Northern Mariana Islands,55144,0,0,2737,8
12/25/2021,Northern Mariana Islands,55144,0,0,2737,8
12/26/2021,Northern Mariana Islands,55144,0,0,2737,8
12/27/2021,Northern Mariana Islands,55144,226,3,2963,11
12/28/2021,Northern Mariana Islands,55144,0,0,2963,11
12/29/2021,Northern Mariana Islands,55144,122,2,3085,13
12/30/2021,Northern Mariana Islands,55144,123,0,3208,13
12/31/2021,Northern Mariana Islands,55144,47,0,3255,13
1/1/2022,Northern Mariana Islands,55144,32,1,3287,14
1/2/2022,Northern Mariana Islands,55144,10,3,3297,17
1/3/2022,Northern Mariana Islands,55144,37,1,3334,18
1/4/2022,Northern Mariana Islands,55144,58,0,3392,18
1/5/2022,Northern Mariana Islands,55144,61,0,3453,18
1/6/2022,Northern Mariana Islands,55144,65,0,3518,18
1/7/2022,Northern Mariana Islands,55144,43,1,3561,19
1/8/2022,Northern Mariana Islands,55144,37,0,3598,19
1/9/2022,Northern Mariana Islands,55144,49,1,3647,20
1/10/2022,Northern Mariana Islands,55144,18,0,3665,20
1/11/2022,Northern Mariana Islands,55144,33,0,3698,20
1/12/2022,Northern Mariana Islands,55144,53,0,3751,20
1/13/2022,Northern Mariana Islands,55144,51,0,3802,20
1/14/2022,Northern Mariana Islands,55144,66,1,3868,21
1/15/2022,Northern Mariana Islands,55144,37,0,3905,21
1/16/2022,Northern Mariana Islands,55144,0,0,3905,21
1/17/2022,Northern Mariana Islands,55144,66,0,3971,21
1/18/2022,Northern Mariana Islands,55144,43,0,4014,21
1/19/2022,Northern Mariana Islands,55144,53,0,4067,21
1/20/2022,Northern Mariana Islands,55144,52,0,4119,21
1/21/2022,Northern Mariana Islands,55144,47,0,4166,21
1/22/2022,Northern Mariana Islands,55144,42,1,4208,22
1/23/2022,Northern Mariana Islands,55144,38,0,4246,22
1/24/2022,Northern Mariana Islands,55144,19,0,4265,22
1/25/2022,Northern Mariana Islands,55144,79,0,4344,22
1/26/2022,Northern Mariana Islands,55144,96,0,4440,22
1/27/2022,Northern Mariana Islands,55144,124,1,4564,23
1/28/2022,Northern Mariana Islands,55144,128,0,4692,23
1/29/2022,Northern Mariana Islands,55144,80,0,4772,23
1/30/2022,Northern Mariana Islands,55144,23,0,4795,23
1/31/2022,Northern Mariana Islands,55144,0,0,4795,23
2/1/2022,Northern Mariana Islands,55144,485,0,5280,23
2/2/2022,Northern Mariana Islands,55144,34,0,5314,23
2/3/2022,Northern Mariana Islands,55144,261,0,5575,23
2/4/2022,Northern Mariana Islands,55144,112,0,5687,23
2/5/2022,Northern Mariana Islands,55144,204,0,5891,23
2/6/2022,Northern Mariana Islands,55144,211,0,6102,23
2/7/2022,Northern Mariana Islands,55144,230,0,6332,23
2/8/2022,Northern Mariana Islands,55144,231,0,6563,23
7/1/2021,Mississippi,2992333,180,3,321944,7415
7/2/2021,Mississippi,2992333,242,4,322186,7419
7/3/2021,Mississippi,2992333,0,0,322186,7419
7/4/2021,Mississippi,2992333,0,0,322186,7419
7/5/2021,Mississippi,2992333,0,0,322186,7419
7/6/2021,Mississippi,2992333,649,6,322835,7425
7/7/2021,Mississippi,2992333,379,11,323214,7436
7/8/2021,Mississippi,2992333,427,1,323641,7437
7/9/2021,Mississippi,2992333,416,2,324057,7439
7/10/2021,Mississippi,2992333,0,0,324057,7439
7/11/2021,Mississippi,2992333,0,0,324057,7439
7/12/2021,Mississippi,2992333,796,2,324853,7441
7/13/2021,Mississippi,2992333,219,10,325072,7451
7/14/2021,Mississippi,2992333,641,5,325713,7456
7/15/2021,Mississippi,2992333,557,4,326270,7460
7/16/2021,Mississippi,2992333,534,5,326804,7465
7/17/2021,Mississippi,2992333,0,0,326804,7465
7/18/2021,Mississippi,2992333,0,0,326804,7465
7/19/2021,Mississippi,2992333,2326,3,329130,7468
7/20/2021,Mississippi,2992333,573,9,329703,7477
7/21/2021,Mississippi,2992333,961,8,330664,7485
7/22/2021,Mississippi,2992333,1199,9,331863,7494
7/23/2021,Mississippi,2992333,1317,8,333180,7502
7/24/2021,Mississippi,2992333,0,0,333180,7502
7/25/2021,Mississippi,2992333,0,0,333180,7502
7/26/2021,Mississippi,2992333,3608,6,336788,7508
7/27/2021,Mississippi,2992333,1291,15,338079,7523
7/28/2021,Mississippi,2992333,1875,6,339954,7529
7/29/2021,Mississippi,2992333,1908,4,341862,7533
7/30/2021,Mississippi,2992333,1643,10,343505,7543
7/31/2021,Mississippi,2992333,0,0,343505,7543
8/1/2021,Mississippi,2992333,0,0,343505,7543
8/2/2021,Mississippi,2992333,4991,13,348496,7556
8/3/2021,Mississippi,2992333,1574,34,350070,7590
8/4/2021,Mississippi,2992333,2821,7,352891,7597
8/5/2021,Mississippi,2992333,3164,16,356055,7613
8/6/2021,Mississippi,2992333,2094,8,358149,7621
8/7/2021,Mississippi,2992333,0,0,358149,7621
8/8/2021,Mississippi,2992333,0,0,358149,7621
8/9/2021,Mississippi,2992333,6912,28,365061,7649
8/10/2021,Mississippi,2992333,3488,36,368549,7685
8/11/2021,Mississippi,2992333,3163,25,371712,7710
8/12/2021,Mississippi,2992333,4412,20,376124,7730
8/13/2021,Mississippi,2992333,5023,31,381147,7761
8/14/2021,Mississippi,2992333,0,0,381147,7761
8/15/2021,Mississippi,2992333,0,0,381147,7761
8/16/2021,Mississippi,2992333,7839,52,388986,7813
8/17/2021,Mississippi,2992333,3323,67,392309,7880
8/18/2021,Mississippi,2992333,4085,36,396394,7916
8/19/2021,Mississippi,2992333,4807,21,401201,7937
8/20/2021,Mississippi,2992333,5048,54,406249,7991
8/21/2021,Mississippi,2992333,0,0,406249,7991
8/22/2021,Mississippi,2992333,0,0,406249,7991
8/23/2021,Mississippi,2992333,7249,56,413498,8047
8/24/2021,Mississippi,2992333,3291,111,416789,8158
8/25/2021,Mississippi,2992333,3385,22,420174,8180
8/26/2021,Mississippi,2992333,3425,34,423599,8214
8/27/2021,Mississippi,2992333,4041,65,427640,8279
8/28/2021,Mississippi,2992333,0,0,427640,8279
8/29/2021,Mississippi,2992333,0,0,427640,8279
8/30/2021,Mississippi,2992333,7971,82,435611,8361
8/31/2021,Mississippi,2992333,1111,48,436722,8409
9/1/2021,Mississippi,2992333,2939,81,439661,8490
9/2/2021,Mississippi,2992333,3850,17,443511,8507
9/3/2021,Mississippi,2992333,3352,33,446863,8540
9/4/2021,Mississippi,2992333,0,0,446863,8540
9/5/2021,Mississippi,2992333,0,0,446863,8540
9/6/2021,Mississippi,2992333,5781,124,452644,8664
9/7/2021,Mississippi,2992333,704,21,453348,8685
9/8/2021,Mississippi,2992333,1934,102,455282,8787
9/9/2021,Mississippi,2992333,3138,83,458420,8870
9/10/2021,Mississippi,2992333,1892,35,460312,8905
9/11/2021,Mississippi,2992333,0,0,460312,8905
9/12/2021,Mississippi,2992333,0,0,460312,8905
9/13/2021,Mississippi,2992333,3763,71,464075,8976
9/14/2021,Mississippi,2992333,2070,85,466145,9061
9/15/2021,Mississippi,2992333,2353,39,468498,9100
9/16/2021,Mississippi,2992333,2594,65,471092,9165
9/17/2021,Mississippi,2992333,2321,49,473413,9214
9/18/2021,Mississippi,2992333,0,0,473413,9214
9/19/2021,Mississippi,2992333,0,0,473413,9214
9/20/2021,Mississippi,2992333,2687,56,476100,9270
9/21/2021,Mississippi,2992333,1669,61,477769,9331
9/22/2021,Mississippi,2992333,1557,22,479326,9353
9/23/2021,Mississippi,2992333,2071,42,481397,9395
9/24/2021,Mississippi,2992333,1505,30,482902,9425
9/25/2021,Mississippi,2992333,0,0,482902,9425
9/26/2021,Mississippi,2992333,0,0,482902,9425
9/27/2021,Mississippi,2992333,1773,55,484675,9480
9/28/2021,Mississippi,2992333,1520,58,486195,9538
9/29/2021,Mississippi,2992333,1098,50,487293,9588
9/30/2021,Mississippi,2992333,1101,12,488394,9600
10/1/2021,Mississippi,2992333,822,46,489216,9646
10/2/2021,Mississippi,2992333,0,0,489216,9646
10/3/2021,Mississippi,2992333,0,0,489216,9646
10/4/2021,Mississippi,2992333,1561,42,490777,9688
10/5/2021,Mississippi,2992333,947,61,491724,9749
10/6/2021,Mississippi,2992333,834,19,492558,9768
10/7/2021,Mississippi,2992333,1112,10,493670,9778
10/8/2021,Mississippi,2992333,601,33,494271,9811
10/9/2021,Mississippi,2992333,0,0,494271,9811
10/10/2021,Mississippi,2992333,0,0,494271,9811
10/11/2021,Mississippi,2992333,1041,22,495312,9833
10/12/2021,Mississippi,2992333,820,41,496132,9874
10/13/2021,Mississippi,2992333,719,26,496851,9900
10/14/2021,Mississippi,2992333,528,7,497379,9907
10/15/2021,Mississippi,2992333,411,10,497790,9917
10/16/2021,Mississippi,2992333,0,0,497790,9917
10/17/2021,Mississippi,2992333,0,0,497790,9917
10/18/2021,Mississippi,2992333,770,22,498560,9939
10/19/2021,Mississippi,2992333,1278,18,499838,9957
10/20/2021,Mississippi,2992333,448,11,500286,9968
10/21/2021,Mississippi,2992333,422,9,500708,9977
10/22/2021,Mississippi,2992333,389,13,501097,9990
10/23/2021,Mississippi,2992333,0,0,501097,9990
10/24/2021,Mississippi,2992333,0,0,501097,9990
10/25/2021,Mississippi,2992333,555,34,501652,10024
10/26/2021,Mississippi,2992333,1670,33,503322,10057
10/27/2021,Mississippi,2992333,344,2,503666,10059
10/28/2021,Mississippi,2992333,343,5,504009,10064
10/29/2021,Mississippi,2992333,309,11,504318,10075
10/30/2021,Mississippi,2992333,0,0,504318,10075
10/31/2021,Mississippi,2992333,0,0,504318,10075
11/1/2021,Mississippi,2992333,493,23,504811,10098
11/2/2021,Mississippi,2992333,455,31,505266,10129
11/3/2021,Mississippi,2992333,395,5,505661,10134
11/4/2021,Mississippi,2992333,381,0,506042,10134
11/5/2021,Mississippi,2992333,514,14,506556,10148
11/6/2021,Mississippi,2992333,0,0,506556,10148
11/7/2021,Mississippi,2992333,0,0,506556,10148
11/8/2021,Mississippi,2992333,560,5,507116,10153
11/9/2021,Mississippi,2992333,360,25,507476,10178
11/10/2021,Mississippi,2992333,299,4,507775,10182
11/11/2021,Mississippi,2992333,0,0,507775,10182
11/12/2021,Mississippi,2992333,694,5,508469,10187
11/13/2021,Mississippi,2992333,0,0,508469,10187
11/14/2021,Mississippi,2992333,0,0,508469,10187
11/15/2021,Mississippi,2992333,806,16,509275,10203
11/16/2021,Mississippi,2992333,442,12,509717,10215
11/17/2021,Mississippi,2992333,225,2,509942,10217
11/18/2021,Mississippi,2992333,380,5,510322,10222
11/19/2021,Mississippi,2992333,426,7,510748,10229
11/20/2021,Mississippi,2992333,0,0,510748,10229
11/21/2021,Mississippi,2992333,0,0,510748,10229
11/22/2021,Mississippi,2992333,1187,11,511935,10240
11/23/2021,Mississippi,2992333,265,13,512200,10253
11/24/2021,Mississippi,2992333,432,9,512632,10262
11/25/2021,Mississippi,2992333,0,0,512632,10262
11/26/2021,Mississippi,2992333,0,0,512632,10262
11/27/2021,Mississippi,2992333,0,0,512632,10262
11/28/2021,Mississippi,2992333,0,0,512632,10262
11/29/2021,Mississippi,2992333,990,2,513622,10264
11/30/2021,Mississippi,2992333,549,21,514171,10285
12/1/2021,Mississippi,2992333,468,2,514639,10287
12/2/2021,Mississippi,2992333,569,3,515208,10290
12/3/2021,Mississippi,2992333,296,6,515504,10296
12/4/2021,Mississippi,2992333,0,0,515504,10296
12/5/2021,Mississippi,2992333,0,0,515504,10296
12/6/2021,Mississippi,2992333,982,3,516486,10299
12/7/2021,Mississippi,2992333,652,7,517138,10306
12/8/2021,Mississippi,2992333,787,6,517925,10312
12/9/2021,Mississippi,2992333,745,5,518670,10317
12/10/2021,Mississippi,2992333,445,9,519115,10326
12/11/2021,Mississippi,2992333,0,0,519115,10326
12/12/2021,Mississippi,2992333,0,0,519115,10326
12/13/2021,Mississippi,2992333,736,5,519851,10331
12/14/2021,Mississippi,2992333,408,9,520259,10340
12/15/2021,Mississippi,2992333,575,7,520834,10347
12/16/2021,Mississippi,2992333,710,4,521544,10351
12/17/2021,Mississippi,2992333,911,3,522455,10354
12/18/2021,Mississippi,2992333,0,0,522455,10354
12/19/2021,Mississippi,2992333,0,0,522455,10354
12/20/2021,Mississippi,2992333,1434,10,523889,10364
12/21/2021,Mississippi,2992333,740,23,524629,10387
12/22/2021,Mississippi,2992333,873,6,525502,10393
12/23/2021,Mississippi,2992333,0,0,525502,10393
12/24/2021,Mississippi,2992333,0,0,525502,10393
12/25/2021,Mississippi,2992333,0,0,525502,10393
12/26/2021,Mississippi,2992333,0,0,525502,10393
12/27/2021,Mississippi,2992333,7058,5,532560,10398
12/28/2021,Mississippi,2992333,2698,22,535258,10420
12/29/2021,Mississippi,2992333,3594,19,538852,10439
12/30/2021,Mississippi,2992333,4885,11,543737,10450
12/31/2021,Mississippi,2992333,0,0,543737,10450
1/1/2022,Mississippi,2992333,0,0,543737,10450
1/2/2022,Mississippi,2992333,0,0,543737,10450
1/3/2022,Mississippi,2992333,17525,5,561262,10455
1/4/2022,Mississippi,2992333,4840,37,566102,10492
1/5/2022,Mississippi,2992333,6592,11,572694,10503
1/6/2022,Mississippi,2992333,7079,8,579773,10511
1/7/2022,Mississippi,2992333,6774,16,586547,10527
1/8/2022,Mississippi,2992333,0,0,586547,10527
1/9/2022,Mississippi,2992333,0,0,586547,10527
1/10/2022,Mississippi,2992333,16484,16,603031,10543
1/11/2022,Mississippi,2992333,5737,20,608768,10563
1/12/2022,Mississippi,2992333,8204,26,616972,10589
1/13/2022,Mississippi,2992333,8356,17,625328,10606
1/14/2022,Mississippi,2992333,9300,19,634628,10625
1/15/2022,Mississippi,2992333,0,0,634628,10625
1/16/2022,Mississippi,2992333,0,0,634628,10625
1/17/2022,Mississippi,2992333,0,0,634628,10625
1/18/2022,Mississippi,2992333,22456,17,657084,10642
1/19/2022,Mississippi,2992333,8460,48,665544,10690
1/20/2022,Mississippi,2992333,8329,17,673873,10707
1/21/2022,Mississippi,2992333,7509,14,681382,10721
1/22/2022,Mississippi,2992333,0,0,681382,10721
1/23/2022,Mississippi,2992333,0,0,681382,10721
1/24/2022,Mississippi,2992333,12711,13,694093,10734
1/25/2022,Mississippi,2992333,4909,21,699002,10755
1/26/2022,Mississippi,2992333,6596,19,705598,10774
1/27/2022,Mississippi,2992333,6535,32,712133,10806
1/28/2022,Mississippi,2992333,5533,25,717666,10831
1/29/2022,Mississippi,2992333,0,0,717666,10831
1/30/2022,Mississippi,2992333,0,0,717666,10831
1/31/2022,Mississippi,2992333,9752,104,727418,10935
2/1/2022,Mississippi,2992333,4249,109,731667,11044
2/2/2022,Mississippi,2992333,5940,126,737607,11170
2/3/2022,Mississippi,2992333,6416,32,744023,11202
2/4/2022,Mississippi,2992333,7839,48,751862,11250
2/5/2022,Mississippi,2992333,0,0,751862,11250
2/6/2022,Mississippi,2992333,0,0,751862,11250
2/7/2022,Mississippi,2992333,16595,35,768457,11285
2/8/2022,Mississippi,2992333,2065,93,770522,11378
7/1/2021,Montana,1032949,66,1,113928,1666
7/2/2021,Montana,1032949,53,0,113981,1666
7/3/2021,Montana,1032949,0,0,113981,1666
7/4/2021,Montana,1032949,0,0,113981,1666
7/5/2021,Montana,1032949,0,0,113981,1666
7/6/2021,Montana,1032949,78,2,114059,1668
7/7/2021,Montana,1032949,152,3,114211,1671
7/8/2021,Montana,1032949,87,1,114298,1672
7/9/2021,Montana,1032949,50,1,114348,1673
7/10/2021,Montana,1032949,0,0,114348,1673
7/11/2021,Montana,1032949,0,0,114348,1673
7/12/2021,Montana,1032949,85,1,114433,1674
7/13/2021,Montana,1032949,90,2,114523,1676
7/14/2021,Montana,1032949,94,7,114617,1683
7/15/2021,Montana,1032949,68,3,114685,1686
7/16/2021,Montana,1032949,87,5,114772,1691
7/17/2021,Montana,1032949,0,0,114772,1691
7/18/2021,Montana,1032949,0,0,114772,1691
7/19/2021,Montana,1032949,79,1,114851,1692
7/20/2021,Montana,1032949,156,1,115007,1693
7/21/2021,Montana,1032949,104,1,115111,1694
7/22/2021,Montana,1032949,141,1,115252,1695
7/23/2021,Montana,1032949,112,0,115364,1695
7/24/2021,Montana,1032949,0,0,115364,1695
7/25/2021,Montana,1032949,0,0,115364,1695
7/26/2021,Montana,1032949,152,0,115516,1695
7/27/2021,Montana,1032949,260,4,115776,1699
7/28/2021,Montana,1032949,223,5,115999,1704
7/29/2021,Montana,1032949,257,0,116256,1704
7/30/2021,Montana,1032949,224,0,116480,1704
7/31/2021,Montana,1032949,0,0,116480,1704
8/1/2021,Montana,1032949,0,0,116480,1704
8/2/2021,Montana,1032949,266,4,116746,1708
8/3/2021,Montana,1032949,400,8,117146,1716
8/4/2021,Montana,1032949,296,2,117442,1718
8/5/2021,Montana,1032949,283,2,117725,1720
8/6/2021,Montana,1032949,270,2,117995,1722
8/7/2021,Montana,1032949,0,0,117995,1722
8/8/2021,Montana,1032949,0,0,117995,1722
8/9/2021,Montana,1032949,387,1,118382,1723
8/10/2021,Montana,1032949,485,3,118867,1726
8/11/2021,Montana,1032949,367,0,119234,1726
8/12/2021,Montana,1032949,396,3,119630,1729
8/13/2021,Montana,1032949,344,1,119974,1730
8/14/2021,Montana,1032949,0,0,119974,1730
8/15/2021,Montana,1032949,0,0,119974,1730
8/16/2021,Montana,1032949,462,6,120436,1736
8/17/2021,Montana,1032949,622,7,121058,1743
8/18/2021,Montana,1032949,436,6,121494,1749
8/19/2021,Montana,1032949,495,3,121989,1752
8/20/2021,Montana,1032949,441,4,122430,1756
8/21/2021,Montana,1032949,0,0,122430,1756
8/22/2021,Montana,1032949,0,0,122430,1756
8/23/2021,Montana,1032949,645,4,123075,1760
8/24/2021,Montana,1032949,713,8,123788,1768
8/25/2021,Montana,1032949,604,5,124392,1773
8/26/2021,Montana,1032949,632,8,125024,1781
8/27/2021,Montana,1032949,706,2,125730,1783
8/28/2021,Montana,1032949,0,0,125730,1783
8/29/2021,Montana,1032949,0,0,125730,1783
8/30/2021,Montana,1032949,722,4,126452,1787
8/31/2021,Montana,1032949,796,13,127248,1800
9/1/2021,Montana,1032949,968,3,128216,1803
9/2/2021,Montana,1032949,739,4,128955,1807
9/3/2021,Montana,1032949,652,4,129607,1811
9/4/2021,Montana,1032949,0,0,129607,1811
9/5/2021,Montana,1032949,0,0,129607,1811
9/6/2021,Montana,1032949,0,0,129607,1811
9/7/2021,Montana,1032949,1223,8,130830,1819
9/8/2021,Montana,1032949,1047,9,131877,1828
9/9/2021,Montana,1032949,994,2,132871,1830
9/10/2021,Montana,1032949,968,4,133839,1834
9/11/2021,Montana,1032949,0,0,133839,1834
9/12/2021,Montana,1032949,0,0,133839,1834
9/13/2021,Montana,1032949,1220,8,135059,1842
9/14/2021,Montana,1032949,1245,5,136304,1847
9/15/2021,Montana,1032949,1218,11,137522,1858
9/16/2021,Montana,1032949,1107,7,138629,1865
9/17/2021,Montana,1032949,1215,12,139844,1877
9/18/2021,Montana,1032949,0,0,139844,1877
9/19/2021,Montana,1032949,0,0,139844,1877
9/20/2021,Montana,1032949,1635,10,141479,1887
9/21/2021,Montana,1032949,1176,14,142655,1901
9/22/2021,Montana,1032949,1315,13,143970,1914
9/23/2021,Montana,1032949,1175,16,145145,1930
9/24/2021,Montana,1032949,1038,18,146183,1948
9/25/2021,Montana,1032949,0,0,146183,1948
9/26/2021,Montana,1032949,0,0,146183,1948
9/27/2021,Montana,1032949,1253,25,147436,1973
9/28/2021,Montana,1032949,1200,16,148636,1989
9/29/2021,Montana,1032949,1339,12,149975,2001
9/30/2021,Montana,1032949,1209,8,151184,2009
10/1/2021,Montana,1032949,975,8,152159,2017
10/2/2021,Montana,1032949,0,0,152159,2017
10/3/2021,Montana,1032949,0,0,152159,2017
10/4/2021,Montana,1032949,1481,5,153640,2022
10/5/2021,Montana,1032949,1260,26,154900,2048
10/6/2021,Montana,1032949,1345,13,156245,2061
10/7/2021,Montana,1032949,1294,9,157539,2070
10/8/2021,Montana,1032949,1312,9,158851,2079
10/9/2021,Montana,1032949,0,0,158851,2079
10/10/2021,Montana,1032949,0,0,158851,2079
10/11/2021,Montana,1032949,0,0,158851,2079
10/12/2021,Montana,1032949,2216,15,161067,2094
10/13/2021,Montana,1032949,1347,15,162414,2109
10/14/2021,Montana,1032949,1288,12,163702,2121
10/15/2021,Montana,1032949,1144,12,164846,2133
10/16/2021,Montana,1032949,0,0,164846,2133
10/17/2021,Montana,1032949,0,0,164846,2133
10/18/2021,Montana,1032949,1275,50,166121,2183
10/19/2021,Montana,1032949,1326,23,167447,2206
10/20/2021,Montana,1032949,1251,19,168698,2225
10/21/2021,Montana,1032949,976,17,169674,2242
10/22/2021,Montana,1032949,1082,5,170756,2247
10/23/2021,Montana,1032949,0,0,170756,2247
10/24/2021,Montana,1032949,0,0,170756,2247
10/25/2021,Montana,1032949,1414,13,172170,2260
10/26/2021,Montana,1032949,1126,45,173296,2305
10/27/2021,Montana,1032949,986,18,174282,2323
10/28/2021,Montana,1032949,982,6,175264,2329
10/29/2021,Montana,1032949,776,17,176040,2346
10/30/2021,Montana,1032949,0,0,176040,2346
10/31/2021,Montana,1032949,0,0,176040,2346
11/1/2021,Montana,1032949,1131,20,177171,2366
11/2/2021,Montana,1032949,1138,16,178309,2382
11/3/2021,Montana,1032949,864,14,179173,2396
11/4/2021,Montana,1032949,792,9,179965,2405
11/5/2021,Montana,1032949,684,12,180649,2417
11/6/2021,Montana,1032949,0,0,180649,2417
11/7/2021,Montana,1032949,0,0,180649,2417
11/8/2021,Montana,1032949,899,7,181548,2424
11/9/2021,Montana,1032949,1118,14,182666,2438
11/10/2021,Montana,1032949,747,14,183413,2452
11/11/2021,Montana,1032949,0,0,183413,2452
11/12/2021,Montana,1032949,1182,29,184595,2481
11/13/2021,Montana,1032949,0,0,184595,2481
11/14/2021,Montana,1032949,0,0,184595,2481
11/15/2021,Montana,1032949,784,10,185379,2491
11/16/2021,Montana,1032949,1033,26,186412,2517
11/17/2021,Montana,1032949,594,7,187006,2524
11/18/2021,Montana,1032949,728,17,187734,2541
11/19/2021,Montana,1032949,483,13,188217,2554
11/20/2021,Montana,1032949,0,0,188217,2554
11/21/2021,Montana,1032949,0,0,188217,2554
11/22/2021,Montana,1032949,491,14,188708,2568
11/23/2021,Montana,1032949,682,38,189390,2606
11/24/2021,Montana,1032949,492,8,189882,2614
11/25/2021,Montana,1032949,0,0,189882,2614
11/26/2021,Montana,1032949,328,18,190210,2632
11/27/2021,Montana,1032949,0,0,190210,2632
11/28/2021,Montana,1032949,0,0,190210,2632
11/29/2021,Montana,1032949,421,7,190631,2639
11/30/2021,Montana,1032949,591,33,191222,2672
12/1/2021,Montana,1032949,580,54,191802,2726
12/2/2021,Montana,1032949,333,14,192135,2740
12/3/2021,Montana,1032949,311,0,192446,2740
12/4/2021,Montana,1032949,0,0,192446,2740
12/5/2021,Montana,1032949,0,0,192446,2740
12/6/2021,Montana,1032949,354,30,192800,2770
12/7/2021,Montana,1032949,418,8,193218,2778
12/8/2021,Montana,1032949,273,4,193491,2782
12/9/2021,Montana,1032949,264,7,193755,2789
12/10/2021,Montana,1032949,175,33,193930,2822
12/11/2021,Montana,1032949,0,0,193930,2822
12/12/2021,Montana,1032949,0,0,193930,2822
12/13/2021,Montana,1032949,186,9,194116,2831
12/14/2021,Montana,1032949,201,23,194317,2854
12/15/2021,Montana,1032949,289,16,194606,2870
12/16/2021,Montana,1032949,163,5,194769,2875
12/17/2021,Montana,1032949,201,3,194970,2878
12/18/2021,Montana,1032949,0,0,194970,2878
12/19/2021,Montana,1032949,0,0,194970,2878
12/20/2021,Montana,1032949,163,1,195133,2879
12/21/2021,Montana,1032949,243,11,195376,2890
12/22/2021,Montana,1032949,253,1,195629,2891
12/23/2021,Montana,1032949,252,5,195881,2896
12/24/2021,Montana,1032949,0,0,195881,2896
12/25/2021,Montana,1032949,0,0,195881,2896
12/26/2021,Montana,1032949,0,0,195881,2896
12/27/2021,Montana,1032949,379,4,196260,2900
12/28/2021,Montana,1032949,250,5,196510,2905
12/29/2021,Montana,1032949,784,1,197294,2906
12/30/2021,Montana,1032949,490,1,197784,2907
12/31/2021,Montana,1032949,0,0,197784,2907
1/1/2022,Montana,1032949,0,0,197784,2907
1/2/2022,Montana,1032949,0,0,197784,2907
1/3/2022,Montana,1032949,985,2,198769,2909
1/4/2022,Montana,1032949,968,3,199737,2912
1/5/2022,Montana,1032949,1109,4,200846,2916
1/6/2022,Montana,1032949,1192,1,202038,2917
1/7/2022,Montana,1032949,1154,1,203192,2918
1/8/2022,Montana,1032949,0,0,203192,2918
1/9/2022,Montana,1032949,0,0,203192,2918
1/10/2022,Montana,1032949,1987,4,205179,2922
1/11/2022,Montana,1032949,1592,6,206771,2928
1/12/2022,Montana,1032949,1805,6,208576,2934
1/13/2022,Montana,1032949,1836,2,210412,2936
1/14/2022,Montana,1032949,2180,11,212592,2947
1/15/2022,Montana,1032949,0,0,212592,2947
1/16/2022,Montana,1032949,0,0,212592,2947
1/17/2022,Montana,1032949,0,0,212592,2947
1/18/2022,Montana,1032949,4034,11,216626,2958
1/19/2022,Montana,1032949,2008,7,218634,2965
1/20/2022,Montana,1032949,2065,2,220699,2967
1/21/2022,Montana,1032949,2017,13,222716,2980
1/22/2022,Montana,1032949,0,0,222716,2980
1/23/2022,Montana,1032949,0,0,222716,2980
1/24/2022,Montana,1032949,5085,7,227801,2987
1/25/2022,Montana,1032949,2889,2,230690,2989
1/26/2022,Montana,1032949,2818,3,233508,2992
1/27/2022,Montana,1032949,3191,0,236699,2992
1/28/2022,Montana,1032949,2860,5,239559,2997
1/29/2022,Montana,1032949,0,0,239559,2997
1/30/2022,Montana,1032949,0,0,239559,2997
1/31/2022,Montana,1032949,3371,7,242930,3004
2/1/2022,Montana,1032949,960,16,243890,3020
2/2/2022,Montana,1032949,1434,10,245324,3030
2/3/2022,Montana,1032949,1053,3,246377,3033
2/4/2022,Montana,1032949,4341,2,250718,3035
2/5/2022,Montana,1032949,0,0,250718,3035
2/6/2022,Montana,1032949,0,0,250718,3035
2/7/2022,Montana,1032949,1893,6,252611,3041
2/8/2022,Montana,1032949,1288,6,253899,3047
7/1/2021,North Carolina,10042802,285,-3,1014967,13447
7/2/2021,North Carolina,10042802,396,0,1015363,13447
7/3/2021,North Carolina,10042802,54,0,1015417,13447
7/4/2021,North Carolina,10042802,0,0,1015417,13447
7/5/2021,North Carolina,10042802,0,0,1015417,13447
7/6/2021,North Carolina,10042802,1325,21,1016742,13468
7/7/2021,North Carolina,10042802,570,5,1017312,13473
7/8/2021,North Carolina,10042802,642,15,1017954,13488
7/9/2021,North Carolina,10042802,545,8,1018499,13496
7/10/2021,North Carolina,10042802,57,0,1018556,13496
7/11/2021,North Carolina,10042802,0,0,1018556,13496
7/12/2021,North Carolina,10042802,1727,16,1020283,13512
7/13/2021,North Carolina,10042802,657,3,1020940,13515
7/14/2021,North Carolina,10042802,968,7,1021908,13522
7/15/2021,North Carolina,10042802,1030,7,1022938,13529
7/16/2021,North Carolina,10042802,1030,4,1023968,13533
7/17/2021,North Carolina,10042802,116,0,1024084,13533
7/18/2021,North Carolina,10042802,0,0,1024084,13533
7/19/2021,North Carolina,10042802,2898,18,1026982,13551
7/20/2021,North Carolina,10042802,808,6,1027790,13557
7/21/2021,North Carolina,10042802,1473,9,1029263,13566
7/22/2021,North Carolina,10042802,1768,12,1031031,13578
7/23/2021,North Carolina,10042802,1655,8,1032686,13586
7/24/2021,North Carolina,10042802,0,0,1032686,13586
7/25/2021,North Carolina,10042802,0,0,1032686,13586
7/26/2021,North Carolina,10042802,5486,4,1038172,13590
7/27/2021,North Carolina,10042802,1977,10,1040149,13600
7/28/2021,North Carolina,10042802,2565,16,1042714,13616
7/29/2021,North Carolina,10042802,3327,18,1046041,13634
7/30/2021,North Carolina,10042802,3188,17,1049229,13651
7/31/2021,North Carolina,10042802,59,0,1049288,13651
8/1/2021,North Carolina,10042802,0,0,1049288,13651
8/2/2021,North Carolina,10042802,7916,30,1057204,13681
8/3/2021,North Carolina,10042802,2939,14,1060143,13695
8/4/2021,North Carolina,10042802,3362,21,1063505,13716
8/5/2021,North Carolina,10042802,4282,24,1067787,13740
8/6/2021,North Carolina,10042802,4555,12,1072342,13752
8/7/2021,North Carolina,10042802,98,0,1072440,13752
8/8/2021,North Carolina,10042802,0,0,1072440,13752
8/9/2021,North Carolina,10042802,14709,23,1087149,13775
8/10/2021,North Carolina,10042802,4227,9,1091376,13784
8/11/2021,North Carolina,10042802,4975,22,1096351,13806
8/12/2021,North Carolina,10042802,5730,16,1102081,13822
8/13/2021,North Carolina,10042802,6693,20,1108774,13842
8/14/2021,North Carolina,10042802,0,0,1108774,13842
8/15/2021,North Carolina,10042802,0,0,1108774,13842
8/16/2021,North Carolina,10042802,13855,48,1122629,13890
8/17/2021,North Carolina,10042802,4610,22,1127239,13912
8/18/2021,North Carolina,10042802,5496,57,1132735,13969
8/19/2021,North Carolina,10042802,6902,52,1139637,14021
8/20/2021,North Carolina,10042802,6651,51,1146288,14072
8/21/2021,North Carolina,10042802,107,0,1146395,14072
8/22/2021,North Carolina,10042802,0,0,1146395,14072
8/23/2021,North Carolina,10042802,15819,61,1162214,14133
8/24/2021,North Carolina,10042802,6229,35,1168443,14168
8/25/2021,North Carolina,10042802,5372,56,1173815,14224
8/26/2021,North Carolina,10042802,9257,64,1183072,14288
8/27/2021,North Carolina,10042802,8384,46,1191456,14334
8/28/2021,North Carolina,10042802,0,0,1191456,14334
8/29/2021,North Carolina,10042802,0,0,1191456,14334
8/30/2021,North Carolina,10042802,18467,94,1209923,14428
8/31/2021,North Carolina,10042802,5532,57,1215455,14485
9/1/2021,North Carolina,10042802,6997,61,1222452,14546
9/2/2021,North Carolina,10042802,7468,96,1229920,14642
9/3/2021,North Carolina,10042802,9027,84,1238947,14726
9/4/2021,North Carolina,10042802,346,0,1239293,14726
9/5/2021,North Carolina,10042802,0,0,1239293,14726
9/6/2021,North Carolina,10042802,0,0,1239293,14726
9/7/2021,North Carolina,10042802,24854,122,1264147,14848
9/8/2021,North Carolina,10042802,5061,77,1269208,14925
9/9/2021,North Carolina,10042802,6784,94,1275992,15019
9/10/2021,North Carolina,10042802,5454,73,1281446,15092
9/11/2021,North Carolina,10042802,0,0,1281446,15092
9/12/2021,North Carolina,10042802,0,0,1281446,15092
9/13/2021,North Carolina,10042802,23742,171,1305188,15263
9/14/2021,North Carolina,10042802,4997,59,1310185,15322
9/15/2021,North Carolina,10042802,7131,100,1317316,15422
9/16/2021,North Carolina,10042802,6181,119,1323497,15541
9/17/2021,North Carolina,10042802,9047,95,1332544,15636
9/18/2021,North Carolina,10042802,0,0,1332544,15636
9/19/2021,North Carolina,10042802,0,0,1332544,15636
9/20/2021,North Carolina,10042802,15999,157,1348543,15793
9/21/2021,North Carolina,10042802,4463,36,1353006,15829
9/22/2021,North Carolina,10042802,6297,135,1359303,15964
9/23/2021,North Carolina,10042802,6125,72,1365428,16036
9/24/2021,North Carolina,10042802,5719,90,1371147,16126
9/25/2021,North Carolina,10042802,0,0,1371147,16126
9/26/2021,North Carolina,10042802,0,0,1371147,16126
9/27/2021,North Carolina,10042802,13452,127,1384599,16253
9/28/2021,North Carolina,10042802,3407,52,1388006,16305
9/29/2021,North Carolina,10042802,4580,156,1392586,16461
9/30/2021,North Carolina,10042802,4943,80,1397529,16541
10/1/2021,North Carolina,10042802,4520,84,1402049,16625
10/2/2021,North Carolina,10042802,76,0,1402125,16625
10/3/2021,North Carolina,10042802,0,0,1402125,16625
10/4/2021,North Carolina,10042802,11109,111,1413234,16736
10/5/2021,North Carolina,10042802,2647,93,1415881,16829
10/6/2021,North Carolina,10042802,3582,133,1419463,16962
10/7/2021,North Carolina,10042802,3862,78,1423325,17040
10/8/2021,North Carolina,10042802,3911,81,1427236,17121
10/9/2021,North Carolina,10042802,0,0,1427236,17121
10/10/2021,North Carolina,10042802,0,0,1427236,17121
10/11/2021,North Carolina,10042802,9627,102,1436863,17223
10/12/2021,North Carolina,10042802,2304,27,1439167,17250
10/13/2021,North Carolina,10042802,3302,99,1442469,17349
10/14/2021,North Carolina,10042802,3574,79,1446043,17428
10/15/2021,North Carolina,10042802,2959,44,1449002,17472
10/16/2021,North Carolina,10042802,0,0,1449002,17472
10/17/2021,North Carolina,10042802,0,0,1449002,17472
10/18/2021,North Carolina,10042802,6960,81,1455962,17553
10/19/2021,North Carolina,10042802,1427,40,1457389,17593
10/20/2021,North Carolina,10042802,2663,64,1460052,17657
10/21/2021,North Carolina,10042802,2911,56,1462963,17713
10/22/2021,North Carolina,10042802,2675,70,1465638,17783
10/23/2021,North Carolina,10042802,33,0,1465671,17783
10/24/2021,North Carolina,10042802,0,0,1465671,17783
10/25/2021,North Carolina,10042802,5662,102,1471333,17885
10/26/2021,North Carolina,10042802,1246,21,1472579,17906
10/27/2021,North Carolina,10042802,2277,47,1474856,17953
10/28/2021,North Carolina,10042802,2577,48,1477433,18001
10/29/2021,North Carolina,10042802,2201,67,1479634,18068
10/30/2021,North Carolina,10042802,34,0,1479668,18068
10/31/2021,North Carolina,10042802,0,0,1479668,18068
11/1/2021,North Carolina,10042802,4889,54,1484557,18122
11/2/2021,North Carolina,10042802,1135,26,1485692,18148
11/3/2021,North Carolina,10042802,1545,60,1487237,18208
11/4/2021,North Carolina,10042802,2057,20,1489294,18228
11/5/2021,North Carolina,10042802,1834,36,1491128,18264
11/6/2021,North Carolina,10042802,2,0,1491130,18264
11/7/2021,North Carolina,10042802,0,0,1491130,18264
11/8/2021,North Carolina,10042802,4165,65,1495295,18329
11/9/2021,North Carolina,10042802,2221,27,1497516,18356
11/10/2021,North Carolina,10042802,2192,35,1499708,18391
11/11/2021,North Carolina,10042802,165,0,1499873,18391
11/12/2021,North Carolina,10042802,4063,40,1503936,18431
11/13/2021,North Carolina,10042802,0,0,1503936,18431
11/14/2021,North Carolina,10042802,0,0,1503936,18431
11/15/2021,North Carolina,10042802,4286,25,1508222,18456
11/16/2021,North Carolina,10042802,1787,26,1510009,18482
11/17/2021,North Carolina,10042802,2257,52,1512266,18534
11/18/2021,North Carolina,10042802,2467,49,1514733,18583
11/19/2021,North Carolina,10042802,2365,34,1517098,18617
11/20/2021,North Carolina,10042802,0,0,1517098,18617
11/21/2021,North Carolina,10042802,0,0,1517098,18617
11/22/2021,North Carolina,10042802,5428,33,1522526,18650
11/23/2021,North Carolina,10042802,1368,12,1523894,18662
11/24/2021,North Carolina,10042802,1881,34,1525775,18696
11/25/2021,North Carolina,10042802,422,3,1526197,18699
11/26/2021,North Carolina,10042802,0,0,1526197,18699
11/27/2021,North Carolina,10042802,0,0,1526197,18699
11/28/2021,North Carolina,10042802,0,0,1526197,18699
11/29/2021,North Carolina,10042802,8154,35,1534351,18734
11/30/2021,North Carolina,10042802,2033,26,1536384,18760
12/1/2021,North Carolina,10042802,961,26,1537345,18786
12/2/2021,North Carolina,10042802,3764,31,1541109,18817
12/3/2021,North Carolina,10042802,3726,18,1544835,18835
12/4/2021,North Carolina,10042802,0,0,1544835,18835
12/5/2021,North Carolina,10042802,0,0,1544835,18835
12/6/2021,North Carolina,10042802,8514,35,1553349,18870
12/7/2021,North Carolina,10042802,2178,20,1555527,18890
12/8/2021,North Carolina,10042802,3277,43,1558804,18933
12/9/2021,North Carolina,10042802,4157,32,1562961,18965
12/10/2021,North Carolina,10042802,3656,21,1566617,18986
12/11/2021,North Carolina,10042802,0,0,1566617,18986
12/12/2021,North Carolina,10042802,0,0,1566617,18986
12/13/2021,North Carolina,10042802,8779,34,1575396,19020
12/14/2021,North Carolina,10042802,2048,23,1577444,19043
12/15/2021,North Carolina,10042802,3749,37,1581193,19080
12/16/2021,North Carolina,10042802,4170,29,1585363,19109
12/17/2021,North Carolina,10042802,3985,22,1589348,19131
12/18/2021,North Carolina,10042802,94,0,1589442,19131
12/19/2021,North Carolina,10042802,0,0,1589442,19131
12/20/2021,North Carolina,10042802,10236,46,1599678,19177
12/21/2021,North Carolina,10042802,2900,16,1602578,19193
12/22/2021,North Carolina,10042802,5196,50,1607774,19243
12/23/2021,North Carolina,10042802,0,0,1607774,19243
12/24/2021,North Carolina,10042802,0,0,1607774,19243
12/25/2021,North Carolina,10042802,0,0,1607774,19243
12/26/2021,North Carolina,10042802,0,0,1607774,19243
12/27/2021,North Carolina,10042802,0,0,1607774,19243
12/28/2021,North Carolina,10042802,32389,75,1640163,19318
12/29/2021,North Carolina,10042802,9101,31,1649264,19349
12/30/2021,North Carolina,10042802,17588,60,1666852,19409
12/31/2021,North Carolina,10042802,18652,27,1685504,19436
1/1/2022,North Carolina,10042802,0,0,1685504,19436
1/2/2022,North Carolina,10042802,0,0,1685504,19436
1/3/2022,North Carolina,10042802,47202,31,1732706,19467
1/4/2022,North Carolina,10042802,10763,37,1743469,19504
1/5/2022,North Carolina,10042802,19919,48,1763388,19552
1/6/2022,North Carolina,10042802,23622,44,1787010,19596
1/7/2022,North Carolina,10042802,25587,33,1812597,19629
1/8/2022,North Carolina,10042802,305,0,1812902,19629
1/9/2022,North Carolina,10042802,0,0,1812902,19629
1/10/2022,North Carolina,10042802,73688,66,1886590,19695
1/11/2022,North Carolina,10042802,17625,21,1904215,19716
1/12/2022,North Carolina,10042802,24369,58,1928584,19774
1/13/2022,North Carolina,10042802,36765,87,1965349,19861
1/14/2022,North Carolina,10042802,34347,53,1999696,19914
1/15/2022,North Carolina,10042802,1391,0,2001087,19914
1/16/2022,North Carolina,10042802,0,0,2001087,19914
1/17/2022,North Carolina,10042802,0,0,2001087,19914
1/18/2022,North Carolina,10042802,121315,97,2122402,20011
1/19/2022,North Carolina,10042802,19471,38,2141873,20049
1/20/2022,North Carolina,10042802,25753,70,2167626,20119
1/21/2022,North Carolina,10042802,36579,85,2204205,20204
1/22/2022,North Carolina,10042802,0,0,2204205,20204
1/23/2022,North Carolina,10042802,0,0,2204205,20204
1/24/2022,North Carolina,10042802,82054,95,2286259,20299
1/25/2022,North Carolina,10042802,18482,46,2304741,20345
1/26/2022,North Carolina,10042802,20205,110,2324946,20455
1/27/2022,North Carolina,10042802,27526,77,2352472,20532
1/28/2022,North Carolina,10042802,21115,73,2373587,20605
1/29/2022,North Carolina,10042802,0,0,2373587,20605
1/30/2022,North Carolina,10042802,0,0,2373587,20605
1/31/2022,North Carolina,10042802,47719,162,2421306,20767
2/1/2022,North Carolina,10042802,9313,60,2430619,20827
2/2/2022,North Carolina,10042802,12443,90,2443062,20917
2/3/2022,North Carolina,10042802,15049,120,2458111,21037
2/4/2022,North Carolina,10042802,12293,70,2470404,21107
2/5/2022,North Carolina,10042802,0,0,2470404,21107
2/6/2022,North Carolina,10042802,0,0,2470404,21107
2/7/2022,North Carolina,10042802,24174,152,2494578,21259
2/8/2022,North Carolina,10042802,4522,76,2499100,21335
7/1/2021,North Dakota,756927,11,0,110749,1559
7/2/2021,North Dakota,756927,11,0,110760,1559
7/3/2021,North Dakota,756927,5,0,110765,1559
7/4/2021,North Dakota,756927,2,0,110767,1559
7/5/2021,North Dakota,756927,9,0,110776,1559
7/6/2021,North Dakota,756927,6,0,110782,1559
7/7/2021,North Dakota,756927,28,0,110810,1559
7/8/2021,North Dakota,756927,29,2,110839,1561
7/9/2021,North Dakota,756927,13,2,110852,1563
7/10/2021,North Dakota,756927,27,0,110879,1563
7/11/2021,North Dakota,756927,9,0,110888,1563
7/12/2021,North Dakota,756927,1,0,110889,1563
7/13/2021,North Dakota,756927,41,0,110930,1563
7/14/2021,North Dakota,756927,27,4,110957,1567
7/15/2021,North Dakota,756927,32,0,110989,1567
7/16/2021,North Dakota,756927,17,0,111006,1567
7/17/2021,North Dakota,756927,25,1,111031,1568
7/18/2021,North Dakota,756927,8,0,111039,1568
7/19/2021,North Dakota,756927,11,0,111050,1568
7/20/2021,North Dakota,756927,48,0,111098,1568
7/21/2021,North Dakota,756927,26,1,111124,1569
7/22/2021,North Dakota,756927,34,0,111158,1569
7/23/2021,North Dakota,756927,43,0,111201,1569
7/24/2021,North Dakota,756927,45,0,111246,1569
7/25/2021,North Dakota,756927,12,0,111258,1569
7/26/2021,North Dakota,756927,38,0,111296,1569
7/27/2021,North Dakota,756927,66,0,111362,1569
7/28/2021,North Dakota,756927,80,0,111442,1569
7/29/2021,North Dakota,756927,75,0,111517,1569
7/30/2021,North Dakota,756927,84,1,111601,1570
7/31/2021,North Dakota,756927,74,0,111675,1570
8/1/2021,North Dakota,756927,30,0,111705,1570
8/2/2021,North Dakota,756927,25,0,111730,1570
8/3/2021,North Dakota,756927,138,1,111868,1571
8/4/2021,North Dakota,756927,96,1,111964,1572
8/5/2021,North Dakota,756927,117,0,112081,1572
8/6/2021,North Dakota,756927,119,1,112200,1573
8/7/2021,North Dakota,756927,116,0,112316,1573
8/8/2021,North Dakota,756927,51,0,112367,1573
8/9/2021,North Dakota,756927,26,0,112393,1573
8/10/2021,North Dakota,756927,198,0,112591,1573
8/11/2021,North Dakota,756927,184,1,112775,1574
8/12/2021,North Dakota,756927,150,2,112925,1576
8/13/2021,North Dakota,756927,169,0,113094,1576
8/14/2021,North Dakota,756927,162,0,113256,1576
8/15/2021,North Dakota,756927,105,0,113361,1576
8/16/2021,North Dakota,756927,74,0,113435,1576
8/17/2021,North Dakota,756927,269,3,113704,1579
8/18/2021,North Dakota,756927,252,0,113956,1579
8/19/2021,North Dakota,756927,254,1,114210,1580
8/20/2021,North Dakota,756927,302,1,114512,1581
8/21/2021,North Dakota,756927,209,1,114721,1582
8/22/2021,North Dakota,756927,116,0,114837,1582
8/23/2021,North Dakota,756927,109,0,114946,1582
8/24/2021,North Dakota,756927,397,2,115343,1584
8/25/2021,North Dakota,756927,357,3,115700,1587
8/26/2021,North Dakota,756927,354,1,116054,1588
8/27/2021,North Dakota,756927,283,4,116337,1592
8/28/2021,North Dakota,756927,361,0,116698,1592
8/29/2021,North Dakota,756927,172,0,116870,1592
8/30/2021,North Dakota,756927,139,0,117009,1592
8/31/2021,North Dakota,756927,520,0,117529,1592
9/1/2021,North Dakota,756927,458,1,117987,1593
9/2/2021,North Dakota,756927,536,1,118523,1594
9/3/2021,North Dakota,756927,440,2,118963,1596
9/4/2021,North Dakota,756927,420,0,119383,1596
9/5/2021,North Dakota,756927,205,0,119588,1596
9/6/2021,North Dakota,756927,136,0,119724,1596
9/7/2021,North Dakota,756927,271,0,119995,1596
9/8/2021,North Dakota,756927,639,3,120634,1599
9/9/2021,North Dakota,756927,615,4,121249,1603
9/10/2021,North Dakota,756927,632,0,121881,1603
9/11/2021,North Dakota,756927,502,2,122383,1605
9/12/2021,North Dakota,756927,208,0,122591,1605
9/13/2021,North Dakota,756927,177,0,122768,1605
9/14/2021,North Dakota,756927,368,3,123136,1608
9/15/2021,North Dakota,756927,943,4,124079,1612
9/16/2021,North Dakota,756927,573,4,124652,1616
9/17/2021,North Dakota,756927,490,1,125142,1617
9/18/2021,North Dakota,756927,488,1,125630,1618
9/19/2021,North Dakota,756927,199,0,125829,1618
9/20/2021,North Dakota,756927,221,0,126050,1618
9/21/2021,North Dakota,756927,625,8,126675,1626
9/22/2021,North Dakota,756927,641,2,127316,1628
9/23/2021,North Dakota,756927,629,0,127945,1628
9/24/2021,North Dakota,756927,641,3,128586,1631
9/25/2021,North Dakota,756927,637,7,129223,1638
9/26/2021,North Dakota,756927,283,0,129506,1638
9/27/2021,North Dakota,756927,218,0,129724,1638
9/28/2021,North Dakota,756927,884,3,130608,1641
9/29/2021,North Dakota,756927,825,3,131433,1644
9/30/2021,North Dakota,756927,759,1,132192,1645
10/1/2021,North Dakota,756927,650,0,132842,1645
10/2/2021,North Dakota,756927,711,10,133553,1655
10/3/2021,North Dakota,756927,266,0,133819,1655
10/4/2021,North Dakota,756927,277,-1,134096,1654
10/5/2021,North Dakota,756927,859,2,134955,1656
10/6/2021,North Dakota,756927,806,6,135761,1662
10/7/2021,North Dakota,756927,706,6,136467,1668
10/8/2021,North Dakota,756927,693,1,137160,1669
10/9/2021,North Dakota,756927,552,7,137712,1676
10/10/2021,North Dakota,756927,273,0,137985,1676
10/11/2021,North Dakota,756927,230,0,138215,1676
10/12/2021,North Dakota,756927,721,10,138936,1686
10/13/2021,North Dakota,756927,661,6,139597,1692
10/14/2021,North Dakota,756927,623,4,140220,1696
10/15/2021,North Dakota,756927,560,7,140780,1703
10/16/2021,North Dakota,756927,522,11,141302,1714
10/17/2021,North Dakota,756927,216,0,141518,1714
10/18/2021,North Dakota,756927,199,0,141717,1714
10/19/2021,North Dakota,756927,724,10,142441,1724
10/20/2021,North Dakota,756927,578,8,143019,1732
10/21/2021,North Dakota,756927,536,5,143555,1737
10/22/2021,North Dakota,756927,568,12,144123,1749
10/23/2021,North Dakota,756927,471,4,144594,1753
10/24/2021,North Dakota,756927,189,0,144783,1753
10/25/2021,North Dakota,756927,255,0,145038,1753
10/26/2021,North Dakota,756927,741,17,145779,1770
10/27/2021,North Dakota,756927,644,12,146423,1782
10/28/2021,North Dakota,756927,666,5,147089,1787
10/29/2021,North Dakota,756927,518,5,147607,1792
10/30/2021,North Dakota,756927,520,6,148127,1798
10/31/2021,North Dakota,756927,303,0,148430,1798
11/1/2021,North Dakota,756927,157,0,148587,1798
11/2/2021,North Dakota,756927,656,12,149243,1810
11/3/2021,North Dakota,756927,649,5,149892,1815
11/4/2021,North Dakota,756927,611,5,150503,1820
11/5/2021,North Dakota,756927,574,4,151077,1824
11/6/2021,North Dakota,756927,603,3,151680,1827
11/7/2021,North Dakota,756927,196,0,151876,1827
11/8/2021,North Dakota,756927,160,0,152036,1827
11/9/2021,North Dakota,756927,782,5,152818,1832
11/10/2021,North Dakota,756927,643,6,153461,1838
11/11/2021,North Dakota,756927,624,2,154085,1840
11/12/2021,North Dakota,756927,402,0,154487,1840
11/13/2021,North Dakota,756927,499,11,154986,1851
11/14/2021,North Dakota,756927,204,0,155190,1851
11/15/2021,North Dakota,756927,186,0,155376,1851
11/16/2021,North Dakota,756927,774,8,156150,1859
11/17/2021,North Dakota,756927,626,8,156776,1867
11/18/2021,North Dakota,756927,642,8,157418,1875
11/19/2021,North Dakota,756927,470,12,157888,1887
11/20/2021,North Dakota,756927,487,2,158375,1889
11/21/2021,North Dakota,756927,148,0,158523,1889
11/22/2021,North Dakota,756927,221,0,158744,1889
11/23/2021,North Dakota,756927,667,10,159411,1899
11/24/2021,North Dakota,756927,469,6,159880,1905
11/25/2021,North Dakota,756927,708,7,160588,1912
11/26/2021,North Dakota,756927,174,0,160762,1912
11/27/2021,North Dakota,756927,369,3,161131,1915
11/28/2021,North Dakota,756927,209,0,161340,1915
11/29/2021,North Dakota,756927,151,0,161491,1915
11/30/2021,North Dakota,756927,841,15,162332,1930
12/1/2021,North Dakota,756927,682,6,163014,1936
12/2/2021,North Dakota,756927,589,9,163603,1945
12/3/2021,North Dakota,756927,523,5,164126,1950
12/4/2021,North Dakota,756927,451,3,164577,1953
12/5/2021,North Dakota,756927,163,0,164740,1953
12/6/2021,North Dakota,756927,110,1,164850,1954
12/7/2021,North Dakota,756927,564,13,165414,1967
12/8/2021,North Dakota,756927,470,11,165884,1978
12/9/2021,North Dakota,756927,388,5,166272,1983
12/10/2021,North Dakota,756927,369,2,166641,1985
12/11/2021,North Dakota,756927,398,4,167039,1989
12/12/2021,North Dakota,756927,149,0,167188,1989
12/13/2021,North Dakota,756927,124,0,167312,1989
12/14/2021,North Dakota,756927,549,16,167861,2005
12/15/2021,North Dakota,756927,435,6,168296,2011
12/16/2021,North Dakota,756927,415,5,168711,2016
12/17/2021,North Dakota,756927,328,4,169039,2020
12/18/2021,North Dakota,756927,165,3,169204,2023
12/19/2021,North Dakota,756927,274,0,169478,2023
12/20/2021,North Dakota,756927,110,0,169588,2023
12/21/2021,North Dakota,756927,443,10,170031,2033
12/22/2021,North Dakota,756927,383,3,170414,2036
12/23/2021,North Dakota,756927,414,2,170828,2038
12/24/2021,North Dakota,756927,409,2,171237,2040
12/25/2021,North Dakota,756927,167,0,171404,2040
12/26/2021,North Dakota,756927,69,0,171473,2040
12/27/2021,North Dakota,756927,117,0,171590,2040
12/28/2021,North Dakota,756927,421,7,172011,2047
12/29/2021,North Dakota,756927,641,3,172652,2050
12/30/2021,North Dakota,756927,772,2,173424,2052
12/31/2021,North Dakota,756927,796,5,174220,2057
1/1/2022,North Dakota,756927,451,0,174671,2057
1/2/2022,North Dakota,756927,116,0,174787,2057
1/3/2022,North Dakota,756927,358,0,175145,2057
1/4/2022,North Dakota,756927,1229,3,176374,2060
1/5/2022,North Dakota,756927,1483,8,177857,2068
1/6/2022,North Dakota,756927,1349,4,179206,2072
1/7/2022,North Dakota,756927,1485,1,180691,2073
1/8/2022,North Dakota,756927,930,1,181621,2074
1/9/2022,North Dakota,756927,962,0,182583,2074
1/10/2022,North Dakota,756927,475,0,183058,2074
1/11/2022,North Dakota,756927,1600,5,184658,2079
1/12/2022,North Dakota,756927,2915,7,187573,2086
1/13/2022,North Dakota,756927,2616,2,190189,2088
1/14/2022,North Dakota,756927,2095,3,192284,2091
1/15/2022,North Dakota,756927,2239,1,194523,2092
1/16/2022,North Dakota,756927,1067,0,195590,2092
1/17/2022,North Dakota,756927,754,0,196344,2092
1/18/2022,North Dakota,756927,2915,1,199259,2093
1/19/2022,North Dakota,756927,3120,9,202379,2102
1/20/2022,North Dakota,756927,3005,5,205384,2107
1/21/2022,North Dakota,756927,2663,7,208047,2114
1/22/2022,North Dakota,756927,2478,2,210525,2116
1/23/2022,North Dakota,756927,562,0,211087,2116
1/24/2022,North Dakota,756927,0,0,211087,2116
1/25/2022,North Dakota,756927,3419,9,214506,2125
1/26/2022,North Dakota,756927,2355,10,216861,2135
1/27/2022,North Dakota,756927,2146,2,219007,2137
1/28/2022,North Dakota,756927,2065,3,221072,2140
1/29/2022,North Dakota,756927,1623,0,222695,2140
1/30/2022,North Dakota,756927,714,0,223409,2140
1/31/2022,North Dakota,756927,358,0,223767,2140
2/1/2022,North Dakota,756927,1741,0,225508,2140
2/2/2022,North Dakota,756927,1237,22,226745,2162
2/3/2022,North Dakota,756927,1342,6,228087,2168
2/4/2022,North Dakota,756927,1184,6,229271,2174
2/5/2022,North Dakota,756927,892,3,230163,2177
2/6/2022,North Dakota,756927,3,0,230166,2177
2/7/2022,North Dakota,756927,702,0,230868,2177
2/8/2022,North Dakota,756927,973,9,231841,2186
7/1/2021,Nebraska,1896190,49,0,224802,2520
7/2/2021,Nebraska,1896190,46,0,224848,2520
7/3/2021,Nebraska,1896190,0,0,224848,2520
7/4/2021,Nebraska,1896190,6,0,224854,2520
7/5/2021,Nebraska,1896190,0,0,224854,2520
7/6/2021,Nebraska,1896190,119,1,224973,2521
7/7/2021,Nebraska,1896190,70,0,225043,2521
7/8/2021,Nebraska,1896190,65,2,225108,2523
7/9/2021,Nebraska,1896190,73,1,225181,2524
7/10/2021,Nebraska,1896190,10,0,225191,2524
7/11/2021,Nebraska,1896190,9,0,225200,2524
7/12/2021,Nebraska,1896190,171,0,225371,2524
7/13/2021,Nebraska,1896190,102,3,225473,2527
7/14/2021,Nebraska,1896190,127,8,225600,2535
7/15/2021,Nebraska,1896190,111,0,225711,2535
7/16/2021,Nebraska,1896190,150,1,225861,2536
7/17/2021,Nebraska,1896190,0,-1,225861,2535
7/18/2021,Nebraska,1896190,0,0,225861,2535
7/19/2021,Nebraska,1896190,306,6,226167,2541
7/20/2021,Nebraska,1896190,140,1,226307,2542
7/21/2021,Nebraska,1896190,135,4,226442,2546
7/22/2021,Nebraska,1896190,164,0,226606,2546
7/23/2021,Nebraska,1896190,233,0,226839,2546
7/24/2021,Nebraska,1896190,0,0,226839,2546
7/25/2021,Nebraska,1896190,0,0,226839,2546
7/26/2021,Nebraska,1896190,389,0,227228,2546
7/27/2021,Nebraska,1896190,333,1,227561,2547
7/28/2021,Nebraska,1896190,287,0,227848,2547
7/29/2021,Nebraska,1896190,238,2,228086,2549
7/30/2021,Nebraska,1896190,364,1,228450,2550
7/31/2021,Nebraska,1896190,0,0,228450,2550
8/1/2021,Nebraska,1896190,0,0,228450,2550
8/2/2021,Nebraska,1896190,545,0,228995,2550
8/3/2021,Nebraska,1896190,448,2,229443,2552
8/4/2021,Nebraska,1896190,381,-2,229824,2550
8/5/2021,Nebraska,1896190,412,1,230236,2551
8/6/2021,Nebraska,1896190,394,2,230630,2553
8/7/2021,Nebraska,1896190,0,0,230630,2553
8/8/2021,Nebraska,1896190,0,0,230630,2553
8/9/2021,Nebraska,1896190,742,4,231372,2557
8/10/2021,Nebraska,1896190,544,0,231916,2557
8/11/2021,Nebraska,1896190,483,1,232399,2558
8/12/2021,Nebraska,1896190,504,3,232903,2561
8/13/2021,Nebraska,1896190,500,3,233403,2564
8/14/2021,Nebraska,1896190,0,0,233403,2564
8/15/2021,Nebraska,1896190,0,0,233403,2564
8/16/2021,Nebraska,1896190,1017,0,234420,2564
8/17/2021,Nebraska,1896190,655,2,235075,2566
8/18/2021,Nebraska,1896190,611,-1,235686,2565
8/19/2021,Nebraska,1896190,660,3,236346,2568
8/20/2021,Nebraska,1896190,409,1,236755,2569
8/21/2021,Nebraska,1896190,0,0,236755,2569
8/22/2021,Nebraska,1896190,0,0,236755,2569
8/23/2021,Nebraska,1896190,1550,2,238305,2571
8/24/2021,Nebraska,1896190,797,4,239102,2575
8/25/2021,Nebraska,1896190,926,4,240028,2579
8/26/2021,Nebraska,1896190,776,2,240804,2581
8/27/2021,Nebraska,1896190,867,3,241671,2584
8/28/2021,Nebraska,1896190,0,0,241671,2584
8/29/2021,Nebraska,1896190,0,0,241671,2584
8/30/2021,Nebraska,1896190,1447,3,243118,2587
8/31/2021,Nebraska,1896190,1136,3,244254,2590
9/1/2021,Nebraska,1896190,857,4,245111,2594
9/2/2021,Nebraska,1896190,1107,5,246218,2599
9/3/2021,Nebraska,1896190,1102,0,247320,2599
9/4/2021,Nebraska,1896190,0,0,247320,2599
9/5/2021,Nebraska,1896190,0,0,247320,2599
9/6/2021,Nebraska,1896190,1660,0,248980,2599
9/7/2021,Nebraska,1896190,128,3,249108,2602
9/8/2021,Nebraska,1896190,1156,0,250264,2602
9/9/2021,Nebraska,1896190,955,3,251219,2605
9/10/2021,Nebraska,1896190,940,3,252159,2608
9/11/2021,Nebraska,1896190,0,0,252159,2608
9/12/2021,Nebraska,1896190,0,0,252159,2608
9/13/2021,Nebraska,1896190,1629,0,253788,2608
9/14/2021,Nebraska,1896190,1062,5,254850,2613
9/15/2021,Nebraska,1896190,1057,8,255907,2621
9/16/2021,Nebraska,1896190,999,3,256906,2624
9/17/2021,Nebraska,1896190,881,2,257787,2626
9/18/2021,Nebraska,1896190,0,0,257787,2626
9/19/2021,Nebraska,1896190,0,0,257787,2626
9/20/2021,Nebraska,1896190,1418,3,259205,2629
9/21/2021,Nebraska,1896190,994,5,260199,2634
9/22/2021,Nebraska,1896190,881,9,261080,2643
9/23/2021,Nebraska,1896190,683,5,261763,2648
9/24/2021,Nebraska,1896190,712,1,262475,2649
9/25/2021,Nebraska,1896190,0,0,262475,2649
9/26/2021,Nebraska,1896190,0,0,262475,2649
9/27/2021,Nebraska,1896190,1308,4,263783,2653
9/28/2021,Nebraska,1896190,1057,160,264840,2813
9/29/2021,Nebraska,1896190,676,14,265516,2827
9/30/2021,Nebraska,1896190,933,5,266449,2832
10/1/2021,Nebraska,1896190,630,8,267079,2840
10/2/2021,Nebraska,1896190,0,0,267079,2840
10/3/2021,Nebraska,1896190,0,0,267079,2840
10/4/2021,Nebraska,1896190,1302,0,268381,2840
10/5/2021,Nebraska,1896190,757,0,269138,2840
10/6/2021,Nebraska,1896190,804,1,269942,2841
10/7/2021,Nebraska,1896190,782,1,270724,2842
10/8/2021,Nebraska,1896190,826,3,271550,2845
10/9/2021,Nebraska,1896190,0,10,271550,2855
10/10/2021,Nebraska,1896190,0,0,271550,2855
10/11/2021,Nebraska,1896190,1321,0,272871,2855
10/12/2021,Nebraska,1896190,545,1,273416,2856
10/13/2021,Nebraska,1896190,838,14,274254,2870
10/14/2021,Nebraska,1896190,739,15,274993,2885
10/15/2021,Nebraska,1896190,701,12,275694,2897
10/16/2021,Nebraska,1896190,0,1,275694,2898
10/17/2021,Nebraska,1896190,0,0,275694,2898
10/18/2021,Nebraska,1896190,1123,0,276817,2898
10/19/2021,Nebraska,1896190,619,122,277436,3020
10/20/2021,Nebraska,1896190,738,-96,278174,2924
10/21/2021,Nebraska,1896190,802,4,278976,2928
10/22/2021,Nebraska,1896190,823,10,279799,2938
10/23/2021,Nebraska,1896190,0,0,279799,2938
10/24/2021,Nebraska,1896190,0,0,279799,2938
10/25/2021,Nebraska,1896190,1037,0,280836,2938
10/26/2021,Nebraska,1896190,853,3,281689,2941
10/27/2021,Nebraska,1896190,598,1,282287,2942
10/28/2021,Nebraska,1896190,866,12,283153,2954
10/29/2021,Nebraska,1896190,660,0,283813,2954
10/30/2021,Nebraska,1896190,0,21,283813,2975
10/31/2021,Nebraska,1896190,0,0,283813,2975
11/1/2021,Nebraska,1896190,1471,0,285284,2975
11/2/2021,Nebraska,1896190,1089,9,286373,2984
11/3/2021,Nebraska,1896190,972,3,287345,2987
11/4/2021,Nebraska,1896190,912,1,288257,2988
11/5/2021,Nebraska,1896190,1025,13,289282,3001
11/6/2021,Nebraska,1896190,0,0,289282,3001
11/7/2021,Nebraska,1896190,0,0,289282,3001
11/8/2021,Nebraska,1896190,1512,0,290794,3001
11/9/2021,Nebraska,1896190,1238,39,292032,3040
11/10/2021,Nebraska,1896190,958,2,292990,3042
11/11/2021,Nebraska,1896190,1257,0,294247,3042
11/12/2021,Nebraska,1896190,997,2,295244,3044
11/13/2021,Nebraska,1896190,0,4,295244,3048
11/14/2021,Nebraska,1896190,0,0,295244,3048
11/15/2021,Nebraska,1896190,1970,0,297214,3048
11/16/2021,Nebraska,1896190,868,22,298082,3070
11/17/2021,Nebraska,1896190,1067,15,299149,3085
11/18/2021,Nebraska,1896190,1199,7,300348,3092
11/19/2021,Nebraska,1896190,1088,6,301436,3098
11/20/2021,Nebraska,1896190,0,10,301436,3108
11/21/2021,Nebraska,1896190,0,0,301436,3108
11/22/2021,Nebraska,1896190,1785,0,303221,3108
11/23/2021,Nebraska,1896190,1211,4,304432,3112
11/24/2021,Nebraska,1896190,926,20,305358,3132
11/25/2021,Nebraska,1896190,0,0,305358,3132
11/26/2021,Nebraska,1896190,0,0,305358,3132
11/27/2021,Nebraska,1896190,0,0,305358,3132
11/28/2021,Nebraska,1896190,0,14,305358,3146
11/29/2021,Nebraska,1896190,3026,0,308384,3146
11/30/2021,Nebraska,1896190,1444,9,309828,3155
12/1/2021,Nebraska,1896190,1384,3,311212,3158
12/2/2021,Nebraska,1896190,1305,10,312517,3168
12/3/2021,Nebraska,1896190,1418,12,313935,3180
12/4/2021,Nebraska,1896190,0,0,313935,3180
12/5/2021,Nebraska,1896190,0,0,313935,3180
12/6/2021,Nebraska,1896190,2078,0,316013,3180
12/7/2021,Nebraska,1896190,1437,22,317450,3202
12/8/2021,Nebraska,1896190,1207,29,318657,3231
12/9/2021,Nebraska,1896190,1190,10,319847,3241
12/10/2021,Nebraska,1896190,1096,19,320943,3260
12/11/2021,Nebraska,1896190,0,3,320943,3263
12/12/2021,Nebraska,1896190,0,0,320943,3263
12/13/2021,Nebraska,1896190,1534,0,322477,3263
12/14/2021,Nebraska,1896190,1221,8,323698,3271
12/15/2021,Nebraska,1896190,1022,5,324720,3276
12/16/2021,Nebraska,1896190,935,6,325655,3282
12/17/2021,Nebraska,1896190,776,0,326431,3282
12/18/2021,Nebraska,1896190,0,11,326431,3293
12/19/2021,Nebraska,1896190,0,5,326431,3298
12/20/2021,Nebraska,1896190,1427,0,327858,3298
12/21/2021,Nebraska,1896190,1054,4,328912,3302
12/22/2021,Nebraska,1896190,1269,5,330181,3307
12/23/2021,Nebraska,1896190,900,10,331081,3317
12/24/2021,Nebraska,1896190,0,0,331081,3317
12/25/2021,Nebraska,1896190,0,0,331081,3317
12/26/2021,Nebraska,1896190,0,0,331081,3317
12/27/2021,Nebraska,1896190,0,10,331081,3327
12/28/2021,Nebraska,1896190,3635,4,334716,3331
12/29/2021,Nebraska,1896190,1710,5,336426,3336
12/30/2021,Nebraska,1896190,1831,0,338257,3336
12/31/2021,Nebraska,1896190,0,0,338257,3336
1/1/2022,Nebraska,1896190,0,0,338257,3336
1/2/2022,Nebraska,1896190,0,0,338257,3336
1/3/2022,Nebraska,1896190,6135,2,344392,3338
1/4/2022,Nebraska,1896190,2468,6,346860,3344
1/5/2022,Nebraska,1896190,2663,29,349523,3373
1/6/2022,Nebraska,1896190,3533,43,353056,3416
1/7/2022,Nebraska,1896190,2872,40,355928,3456
1/8/2022,Nebraska,1896190,0,12,355928,3468
1/9/2022,Nebraska,1896190,0,0,355928,3468
1/10/2022,Nebraska,1896190,7713,0,363641,3468
1/11/2022,Nebraska,1896190,4237,18,367878,3486
1/12/2022,Nebraska,1896190,3776,9,371654,3495
1/13/2022,Nebraska,1896190,5041,32,376695,3527
1/14/2022,Nebraska,1896190,7220,13,383915,3540
1/15/2022,Nebraska,1896190,0,0,383915,3540
1/16/2022,Nebraska,1896190,0,0,383915,3540
1/17/2022,Nebraska,1896190,8112,0,392027,3540
1/18/2022,Nebraska,1896190,4963,3,396990,3543
1/19/2022,Nebraska,1896190,5499,5,402489,3548
1/20/2022,Nebraska,1896190,5315,14,407804,3562
1/21/2022,Nebraska,1896190,5252,7,413056,3569
1/22/2022,Nebraska,1896190,0,0,413056,3569
1/23/2022,Nebraska,1896190,0,0,413056,3569
1/24/2022,Nebraska,1896190,8367,0,421423,3569
1/25/2022,Nebraska,1896190,4187,35,425610,3604
1/26/2022,Nebraska,1896190,3339,28,428949,3632
1/27/2022,Nebraska,1896190,3615,25,432564,3657
1/28/2022,Nebraska,1896190,2794,9,435358,3666
1/29/2022,Nebraska,1896190,0,0,435358,3666
1/30/2022,Nebraska,1896190,0,0,435358,3666
1/31/2022,Nebraska,1896190,3968,0,439326,3666
2/1/2022,Nebraska,1896190,2130,39,441456,3705
2/2/2022,Nebraska,1896190,1688,0,443144,3705
2/3/2022,Nebraska,1896190,1551,26,444695,3731
2/4/2022,Nebraska,1896190,1098,24,445793,3755
2/5/2022,Nebraska,1896190,0,0,445793,3755
2/6/2022,Nebraska,1896190,0,0,445793,3755
2/7/2022,Nebraska,1896190,1662,0,447455,3755
2/8/2022,Nebraska,1896190,1254,47,448709,3802
7/1/2021,New Hampshire,1330608,23,0,99527,1372
7/2/2021,New Hampshire,1330608,28,0,99555,1372
7/3/2021,New Hampshire,1330608,0,0,99555,1372
7/4/2021,New Hampshire,1330608,0,0,99555,1372
7/5/2021,New Hampshire,1330608,0,0,99555,1372
7/6/2021,New Hampshire,1330608,71,1,99626,1373
7/7/2021,New Hampshire,1330608,26,1,99652,1374
7/8/2021,New Hampshire,1330608,33,0,99685,1374
7/9/2021,New Hampshire,1330608,23,1,99708,1375
7/10/2021,New Hampshire,1330608,0,0,99708,1375
7/11/2021,New Hampshire,1330608,0,0,99708,1375
7/12/2021,New Hampshire,1330608,62,0,99770,1375
7/13/2021,New Hampshire,1330608,30,6,99800,1381
7/14/2021,New Hampshire,1330608,40,0,99840,1381
7/15/2021,New Hampshire,1330608,35,0,99875,1381
7/16/2021,New Hampshire,1330608,32,0,99907,1381
7/17/2021,New Hampshire,1330608,0,0,99907,1381
7/18/2021,New Hampshire,1330608,0,0,99907,1381
7/19/2021,New Hampshire,1330608,59,1,99966,1382
7/20/2021,New Hampshire,1330608,59,2,100025,1384
7/21/2021,New Hampshire,1330608,47,0,100072,1384
7/22/2021,New Hampshire,1330608,34,1,100106,1385
7/23/2021,New Hampshire,1330608,46,0,100152,1385
7/24/2021,New Hampshire,1330608,0,0,100152,1385
7/25/2021,New Hampshire,1330608,0,0,100152,1385
7/26/2021,New Hampshire,1330608,134,0,100286,1385
7/27/2021,New Hampshire,1330608,112,1,100398,1386
7/28/2021,New Hampshire,1330608,67,0,100465,1386
7/29/2021,New Hampshire,1330608,89,1,100554,1387
7/30/2021,New Hampshire,1330608,103,0,100657,1387
7/31/2021,New Hampshire,1330608,0,0,100657,1387
8/1/2021,New Hampshire,1330608,0,0,100657,1387
8/2/2021,New Hampshire,1330608,329,0,100986,1387
8/3/2021,New Hampshire,1330608,169,1,101155,1388
8/4/2021,New Hampshire,1330608,122,1,101277,1389
8/5/2021,New Hampshire,1330608,228,0,101505,1389
8/6/2021,New Hampshire,1330608,157,0,101662,1389
8/7/2021,New Hampshire,1330608,0,0,101662,1389
8/8/2021,New Hampshire,1330608,0,0,101662,1389
8/9/2021,New Hampshire,1330608,455,0,102117,1389
8/10/2021,New Hampshire,1330608,88,2,102205,1391
8/11/2021,New Hampshire,1330608,148,2,102353,1393
8/12/2021,New Hampshire,1330608,306,1,102659,1394
8/13/2021,New Hampshire,1330608,242,1,102901,1395
8/14/2021,New Hampshire,1330608,0,0,102901,1395
8/15/2021,New Hampshire,1330608,0,0,102901,1395
8/16/2021,New Hampshire,1330608,561,0,103462,1395
8/17/2021,New Hampshire,1330608,271,1,103733,1396
8/18/2021,New Hampshire,1330608,256,0,103989,1396
8/19/2021,New Hampshire,1330608,274,1,104263,1397
8/20/2021,New Hampshire,1330608,308,0,104571,1397
8/21/2021,New Hampshire,1330608,0,0,104571,1397
8/22/2021,New Hampshire,1330608,0,0,104571,1397
8/23/2021,New Hampshire,1330608,731,5,105302,1402
8/24/2021,New Hampshire,1330608,287,3,105589,1405
8/25/2021,New Hampshire,1330608,294,3,105883,1408
8/26/2021,New Hampshire,1330608,322,2,106205,1410
8/27/2021,New Hampshire,1330608,320,5,106525,1415
8/28/2021,New Hampshire,1330608,0,0,106525,1415
8/29/2021,New Hampshire,1330608,0,0,106525,1415
8/30/2021,New Hampshire,1330608,949,1,107474,1416
8/31/2021,New Hampshire,1330608,215,1,107689,1417
9/1/2021,New Hampshire,1330608,332,3,108021,1420
9/2/2021,New Hampshire,1330608,298,1,108319,1421
9/3/2021,New Hampshire,1330608,394,5,108713,1426
9/4/2021,New Hampshire,1330608,0,0,108713,1426
9/5/2021,New Hampshire,1330608,0,0,108713,1426
9/6/2021,New Hampshire,1330608,0,0,108713,1426
9/7/2021,New Hampshire,1330608,1003,4,109716,1430
9/8/2021,New Hampshire,1330608,540,1,110256,1431
9/9/2021,New Hampshire,1330608,523,5,110779,1436
9/10/2021,New Hampshire,1330608,332,5,111111,1441
9/11/2021,New Hampshire,1330608,0,0,111111,1441
9/12/2021,New Hampshire,1330608,0,0,111111,1441
9/13/2021,New Hampshire,1330608,1215,2,112326,1443
9/14/2021,New Hampshire,1330608,421,5,112747,1448
9/15/2021,New Hampshire,1330608,544,4,113291,1452
9/16/2021,New Hampshire,1330608,612,0,113903,1452
9/17/2021,New Hampshire,1330608,419,5,114322,1457
9/18/2021,New Hampshire,1330608,0,0,114322,1457
9/19/2021,New Hampshire,1330608,0,0,114322,1457
9/20/2021,New Hampshire,1330608,1079,1,115401,1458
9/21/2021,New Hampshire,1330608,211,4,115612,1462
9/22/2021,New Hampshire,1330608,345,4,115957,1466
9/23/2021,New Hampshire,1330608,753,3,116710,1469
9/24/2021,New Hampshire,1330608,744,3,117454,1472
9/25/2021,New Hampshire,1330608,0,0,117454,1472
9/26/2021,New Hampshire,1330608,0,0,117454,1472
9/27/2021,New Hampshire,1330608,1252,4,118706,1476
9/28/2021,New Hampshire,1330608,362,1,119068,1477
9/29/2021,New Hampshire,1330608,652,2,119720,1479
9/30/2021,New Hampshire,1330608,548,2,120268,1481
10/1/2021,New Hampshire,1330608,495,0,120763,1481
10/2/2021,New Hampshire,1330608,0,0,120763,1481
10/3/2021,New Hampshire,1330608,0,0,120763,1481
10/4/2021,New Hampshire,1330608,1291,4,122054,1485
10/5/2021,New Hampshire,1330608,396,5,122450,1490
10/6/2021,New Hampshire,1330608,484,3,122934,1493
10/7/2021,New Hampshire,1330608,628,4,123562,1497
10/8/2021,New Hampshire,1330608,646,0,124208,1497
10/9/2021,New Hampshire,1330608,0,0,124208,1497
10/10/2021,New Hampshire,1330608,0,0,124208,1497
10/11/2021,New Hampshire,1330608,1535,2,125743,1499
10/12/2021,New Hampshire,1330608,486,10,126229,1509
10/13/2021,New Hampshire,1330608,544,2,126773,1511
10/14/2021,New Hampshire,1330608,648,5,127421,1516
10/15/2021,New Hampshire,1330608,626,4,128047,1520
10/16/2021,New Hampshire,1330608,0,0,128047,1520
10/17/2021,New Hampshire,1330608,0,0,128047,1520
10/18/2021,New Hampshire,1330608,1616,4,129663,1524
10/19/2021,New Hampshire,1330608,377,8,130040,1532
10/20/2021,New Hampshire,1330608,575,5,130615,1537
10/21/2021,New Hampshire,1330608,640,2,131255,1539
10/22/2021,New Hampshire,1330608,535,4,131790,1543
10/23/2021,New Hampshire,1330608,0,0,131790,1543
10/24/2021,New Hampshire,1330608,0,0,131790,1543
10/25/2021,New Hampshire,1330608,651,0,132441,1543
10/26/2021,New Hampshire,1330608,0,0,132441,1543
10/27/2021,New Hampshire,1330608,0,1,132441,1544
10/28/2021,New Hampshire,1330608,0,0,132441,1544
10/29/2021,New Hampshire,1330608,2076,21,134517,1565
10/30/2021,New Hampshire,1330608,0,0,134517,1565
10/31/2021,New Hampshire,1330608,0,0,134517,1565
11/1/2021,New Hampshire,1330608,2258,3,136775,1568
11/2/2021,New Hampshire,1330608,381,4,137156,1572
11/3/2021,New Hampshire,1330608,622,9,137778,1581
11/4/2021,New Hampshire,1330608,733,11,138511,1592
11/5/2021,New Hampshire,1330608,813,5,139324,1597
11/6/2021,New Hampshire,1330608,0,0,139324,1597
11/7/2021,New Hampshire,1330608,0,0,139324,1597
11/8/2021,New Hampshire,1330608,1993,2,141317,1599
11/9/2021,New Hampshire,1330608,390,14,141707,1613
11/10/2021,New Hampshire,1330608,762,4,142469,1617
11/11/2021,New Hampshire,1330608,0,0,142469,1617
11/12/2021,New Hampshire,1330608,2157,5,144626,1622
11/13/2021,New Hampshire,1330608,0,0,144626,1622
11/14/2021,New Hampshire,1330608,0,0,144626,1622
11/15/2021,New Hampshire,1330608,2208,8,146834,1630
11/16/2021,New Hampshire,1330608,818,9,147652,1639
11/17/2021,New Hampshire,1330608,1066,9,148718,1648
11/18/2021,New Hampshire,1330608,1109,8,149827,1656
11/19/2021,New Hampshire,1330608,986,6,150813,1662
11/20/2021,New Hampshire,1330608,0,0,150813,1662
11/21/2021,New Hampshire,1330608,0,0,150813,1662
11/22/2021,New Hampshire,1330608,3121,10,153934,1672
11/23/2021,New Hampshire,1330608,645,6,154579,1678
11/24/2021,New Hampshire,1330608,1132,5,155711,1683
11/25/2021,New Hampshire,1330608,0,0,155711,1683
11/26/2021,New Hampshire,1330608,0,0,155711,1683
11/27/2021,New Hampshire,1330608,0,0,155711,1683
11/28/2021,New Hampshire,1330608,0,0,155711,1683
11/29/2021,New Hampshire,1330608,4576,11,160287,1694
11/30/2021,New Hampshire,1330608,957,22,161244,1716
12/1/2021,New Hampshire,1330608,1339,9,162583,1725
12/2/2021,New Hampshire,1330608,1378,7,163961,1732
12/3/2021,New Hampshire,1330608,1613,7,165574,1739
12/4/2021,New Hampshire,1330608,0,0,165574,1739
12/5/2021,New Hampshire,1330608,0,0,165574,1739
12/6/2021,New Hampshire,1330608,3645,5,169219,1744
12/7/2021,New Hampshire,1330608,861,13,170080,1757
12/8/2021,New Hampshire,1330608,1458,11,171538,1768
12/9/2021,New Hampshire,1330608,1551,5,173089,1773
12/10/2021,New Hampshire,1330608,1367,8,174456,1781
12/11/2021,New Hampshire,1330608,0,0,174456,1781
12/12/2021,New Hampshire,1330608,0,0,174456,1781
12/13/2021,New Hampshire,1330608,3643,7,178099,1788
12/14/2021,New Hampshire,1330608,868,22,178967,1810
12/15/2021,New Hampshire,1330608,1271,7,180238,1817
12/16/2021,New Hampshire,1330608,1422,11,181660,1828
12/17/2021,New Hampshire,1330608,1396,8,183056,1836
12/18/2021,New Hampshire,1330608,0,0,183056,1836
12/19/2021,New Hampshire,1330608,0,0,183056,1836
12/20/2021,New Hampshire,1330608,3622,7,186678,1843
12/21/2021,New Hampshire,1330608,662,25,187340,1868
12/22/2021,New Hampshire,1330608,1304,7,188644,1875
12/23/2021,New Hampshire,1330608,1343,2,189987,1877
12/24/2021,New Hampshire,1330608,0,0,189987,1877
12/25/2021,New Hampshire,1330608,0,0,189987,1877
12/26/2021,New Hampshire,1330608,0,0,189987,1877
12/27/2021,New Hampshire,1330608,4483,30,194470,1907
12/28/2021,New Hampshire,1330608,534,28,195004,1935
12/29/2021,New Hampshire,1330608,1652,15,196656,1950
12/30/2021,New Hampshire,1330608,2011,11,198667,1961
12/31/2021,New Hampshire,1330608,0,0,198667,1961
1/1/2022,New Hampshire,1330608,0,0,198667,1961
1/2/2022,New Hampshire,1330608,0,0,198667,1961
1/3/2022,New Hampshire,1330608,5082,12,203749,1973
1/4/2022,New Hampshire,1330608,1148,31,204897,2004
1/5/2022,New Hampshire,1330608,3176,9,208073,2013
1/6/2022,New Hampshire,1330608,3879,4,211952,2017
1/7/2022,New Hampshire,1330608,2620,2,214572,2019
1/8/2022,New Hampshire,1330608,0,0,214572,2019
1/9/2022,New Hampshire,1330608,0,0,214572,2019
1/10/2022,New Hampshire,1330608,9027,8,223599,2027
1/11/2022,New Hampshire,1330608,2533,5,226132,2032
1/12/2022,New Hampshire,1330608,3241,0,229373,2032
1/13/2022,New Hampshire,1330608,4135,19,233508,2051
1/14/2022,New Hampshire,1330608,2390,28,235898,2079
1/15/2022,New Hampshire,1330608,0,0,235898,2079
1/16/2022,New Hampshire,1330608,0,0,235898,2079
1/17/2022,New Hampshire,1330608,0,0,235898,2079
1/18/2022,New Hampshire,1330608,14683,6,250581,2085
1/19/2022,New Hampshire,1330608,860,24,251441,2109
1/20/2022,New Hampshire,1330608,3274,14,254715,2123
1/21/2022,New Hampshire,1330608,3078,12,257793,2135
1/22/2022,New Hampshire,1330608,0,0,257793,2135
1/23/2022,New Hampshire,1330608,0,0,257793,2135
1/24/2022,New Hampshire,1330608,7347,10,265140,2145
1/25/2022,New Hampshire,1330608,860,25,266000,2170
1/26/2022,New Hampshire,1330608,1800,3,267800,2173
1/27/2022,New Hampshire,1330608,2263,20,270063,2193
1/28/2022,New Hampshire,1330608,2429,12,272492,2205
1/29/2022,New Hampshire,1330608,0,0,272492,2205
1/30/2022,New Hampshire,1330608,0,0,272492,2205
1/31/2022,New Hampshire,1330608,4364,4,276856,2209
2/1/2022,New Hampshire,1330608,499,14,277355,2223
2/2/2022,New Hampshire,1330608,1336,9,278691,2232
2/3/2022,New Hampshire,1330608,1151,7,279842,2239
2/4/2022,New Hampshire,1330608,1458,7,281300,2246
2/5/2022,New Hampshire,1330608,0,0,281300,2246
2/6/2022,New Hampshire,1330608,0,0,281300,2246
2/7/2022,New Hampshire,1330608,2880,14,284180,2260
2/8/2022,New Hampshire,1330608,387,10,284567,2270
7/1/2021,New Jersey,8958013,218,11,1023613,26463
7/2/2021,New Jersey,8958013,310,5,1023923,26468
7/3/2021,New Jersey,8958013,190,5,1024113,26473
7/4/2021,New Jersey,8958013,112,0,1024225,26473
7/5/2021,New Jersey,8958013,86,4,1024311,26477
7/6/2021,New Jersey,8958013,154,0,1024465,26477
7/7/2021,New Jersey,8958013,283,13,1024748,26490
7/8/2021,New Jersey,8958013,331,3,1025079,26493
7/9/2021,New Jersey,8958013,398,3,1025477,26496
7/10/2021,New Jersey,8958013,311,5,1025788,26501
7/11/2021,New Jersey,8958013,283,4,1026071,26505
7/12/2021,New Jersey,8958013,215,4,1026286,26509
7/13/2021,New Jersey,8958013,363,8,1026649,26517
7/14/2021,New Jersey,8958013,365,3,1027014,26520
7/15/2021,New Jersey,8958013,446,9,1027460,26529
7/16/2021,New Jersey,8958013,494,2,1027954,26531
7/17/2021,New Jersey,8958013,549,5,1028503,26536
7/18/2021,New Jersey,8958013,428,3,1028931,26539
7/19/2021,New Jersey,8958013,312,6,1029243,26545
7/20/2021,New Jersey,8958013,658,12,1029901,26557
7/21/2021,New Jersey,8958013,699,5,1030600,26562
7/22/2021,New Jersey,8958013,746,2,1031346,26564
7/23/2021,New Jersey,8958013,909,4,1032255,26568
7/24/2021,New Jersey,8958013,861,5,1033116,26573
7/25/2021,New Jersey,8958013,596,2,1033712,26575
7/26/2021,New Jersey,8958013,521,4,1034233,26579
7/27/2021,New Jersey,8958013,794,7,1035027,26586
7/28/2021,New Jersey,8958013,948,3,1035975,26589
7/29/2021,New Jersey,8958013,1077,1,1037052,26590
7/30/2021,New Jersey,8958013,1119,5,1038171,26595
7/31/2021,New Jersey,8958013,1182,7,1039353,26602
8/1/2021,New Jersey,8958013,928,5,1040281,26607
8/2/2021,New Jersey,8958013,878,-1,1041159,26606
8/3/2021,New Jersey,8958013,1313,8,1042472,26614
8/4/2021,New Jersey,8958013,1230,11,1043702,26625
8/5/2021,New Jersey,8958013,1466,4,1045168,26629
8/6/2021,New Jersey,8958013,1346,7,1046514,26636
8/7/2021,New Jersey,8958013,1539,9,1048053,26645
8/8/2021,New Jersey,8958013,1169,5,1049222,26650
8/9/2021,New Jersey,8958013,861,0,1050083,26650
8/10/2021,New Jersey,8958013,1629,9,1051712,26659
8/11/2021,New Jersey,8958013,1686,6,1053398,26665
8/12/2021,New Jersey,8958013,1854,7,1055252,26672
8/13/2021,New Jersey,8958013,1844,9,1057096,26681
8/14/2021,New Jersey,8958013,2564,11,1059660,26692
8/15/2021,New Jersey,8958013,1274,3,1060934,26695
8/16/2021,New Jersey,8958013,1304,1,1062238,26696
8/17/2021,New Jersey,8958013,1821,19,1064059,26715
8/18/2021,New Jersey,8958013,1677,6,1065736,26721
8/19/2021,New Jersey,8958013,2022,10,1067758,26731
8/20/2021,New Jersey,8958013,2940,8,1070698,26739
8/21/2021,New Jersey,8958013,2158,11,1072856,26750
8/22/2021,New Jersey,8958013,1450,2,1074306,26752
8/23/2021,New Jersey,8958013,1624,3,1075930,26755
8/24/2021,New Jersey,8958013,1857,20,1077787,26775
8/25/2021,New Jersey,8958013,2113,21,1079900,26796
8/26/2021,New Jersey,8958013,2054,11,1081954,26807
8/27/2021,New Jersey,8958013,2592,19,1084546,26826
8/28/2021,New Jersey,8958013,1934,18,1086480,26844
8/29/2021,New Jersey,8958013,1850,5,1088330,26849
8/30/2021,New Jersey,8958013,1508,15,1089838,26864
8/31/2021,New Jersey,8958013,2128,18,1091966,26882
9/1/2021,New Jersey,8958013,2283,20,1094249,26902
9/2/2021,New Jersey,8958013,2542,17,1096791,26919
9/3/2021,New Jersey,8958013,1735,10,1098526,26929
9/4/2021,New Jersey,8958013,2248,13,1100774,26942
9/5/2021,New Jersey,8958013,1714,6,1102488,26948
9/6/2021,New Jersey,8958013,1951,4,1104439,26952
9/7/2021,New Jersey,8958013,354,26,1104793,26978
9/8/2021,New Jersey,8958013,3498,29,1108291,27007
9/9/2021,New Jersey,8958013,2210,17,1110501,27024
9/10/2021,New Jersey,8958013,2664,15,1113165,27039
9/11/2021,New Jersey,8958013,2494,15,1115659,27054
9/12/2021,New Jersey,8958013,1847,4,1117506,27058
9/13/2021,New Jersey,8958013,1545,21,1119051,27079
9/14/2021,New Jersey,8958013,2038,22,1121089,27101
9/15/2021,New Jersey,8958013,2275,21,1123364,27122
9/16/2021,New Jersey,8958013,2958,26,1126322,27148
9/17/2021,New Jersey,8958013,2374,17,1128696,27165
9/18/2021,New Jersey,8958013,2623,17,1131319,27182
9/19/2021,New Jersey,8958013,1909,8,1133228,27190
9/20/2021,New Jersey,8958013,1623,12,1134851,27202
9/21/2021,New Jersey,8958013,2165,38,1137016,27240
9/22/2021,New Jersey,8958013,2351,24,1139367,27264
9/23/2021,New Jersey,8958013,2252,24,1141619,27288
9/24/2021,New Jersey,8958013,2236,19,1143855,27307
9/25/2021,New Jersey,8958013,2234,16,1146089,27323
9/26/2021,New Jersey,8958013,1110,5,1147199,27328
9/27/2021,New Jersey,8958013,1159,18,1148358,27346
9/28/2021,New Jersey,8958013,1888,34,1150246,27380
9/29/2021,New Jersey,8958013,1997,20,1152243,27400
9/30/2021,New Jersey,8958013,2327,27,1154570,27427
10/1/2021,New Jersey,8958013,1673,16,1156243,27443
10/2/2021,New Jersey,8958013,1935,22,1158178,27465
10/3/2021,New Jersey,8958013,1454,7,1159632,27472
10/4/2021,New Jersey,8958013,1246,16,1160878,27488
10/5/2021,New Jersey,8958013,1648,37,1162526,27525
10/6/2021,New Jersey,8958013,1852,17,1164378,27542
10/7/2021,New Jersey,8958013,2065,9,1166443,27551
10/8/2021,New Jersey,8958013,1869,19,1168312,27570
10/9/2021,New Jersey,8958013,1828,20,1170140,27590
10/10/2021,New Jersey,8958013,1433,7,1171573,27597
10/11/2021,New Jersey,8958013,954,6,1172527,27603
10/12/2021,New Jersey,8958013,1642,21,1174169,27624
10/13/2021,New Jersey,8958013,1746,29,1175915,27653
10/14/2021,New Jersey,8958013,1638,20,1177553,27673
10/15/2021,New Jersey,8958013,1383,19,1178936,27692
10/16/2021,New Jersey,8958013,1452,28,1180388,27720
10/17/2021,New Jersey,8958013,896,5,1181284,27725
10/18/2021,New Jersey,8958013,767,12,1182051,27737
10/19/2021,New Jersey,8958013,1238,31,1183289,27768
10/20/2021,New Jersey,8958013,1106,15,1184395,27783
10/21/2021,New Jersey,8958013,1468,22,1185863,27805
10/22/2021,New Jersey,8958013,1706,23,1187569,27828
10/23/2021,New Jersey,8958013,1140,20,1188709,27848
10/24/2021,New Jersey,8958013,787,3,1189496,27851
10/25/2021,New Jersey,8958013,943,12,1190439,27863
10/26/2021,New Jersey,8958013,1473,33,1191912,27896
10/27/2021,New Jersey,8958013,1289,33,1193201,27929
10/28/2021,New Jersey,8958013,1965,20,1195166,27949
10/29/2021,New Jersey,8958013,1306,12,1196472,27961
10/30/2021,New Jersey,8958013,1230,11,1197702,27972
10/31/2021,New Jersey,8958013,1215,0,1198917,27972
11/1/2021,New Jersey,8958013,821,8,1199738,27980
11/2/2021,New Jersey,8958013,1215,24,1200953,28004
11/3/2021,New Jersey,8958013,1298,7,1202251,28011
11/4/2021,New Jersey,8958013,1504,0,1203755,28011
11/5/2021,New Jersey,8958013,1385,51,1205140,28062
11/6/2021,New Jersey,8958013,1403,18,1206543,28080
11/7/2021,New Jersey,8958013,926,5,1207469,28085
11/8/2021,New Jersey,8958013,852,7,1208321,28092
11/9/2021,New Jersey,8958013,1464,27,1209785,28119
11/10/2021,New Jersey,8958013,1638,15,1211423,28134
11/11/2021,New Jersey,8958013,1823,12,1213246,28146
11/12/2021,New Jersey,8958013,1821,6,1215067,28152
11/13/2021,New Jersey,8958013,1638,17,1216705,28169
11/14/2021,New Jersey,8958013,1701,3,1218406,28172
11/15/2021,New Jersey,8958013,1362,5,1219768,28177
11/16/2021,New Jersey,8958013,1739,23,1221507,28200
11/17/2021,New Jersey,8958013,1948,20,1223455,28220
11/18/2021,New Jersey,8958013,2473,10,1225928,28230
11/19/2021,New Jersey,8958013,2239,13,1228167,28243
11/20/2021,New Jersey,8958013,2199,7,1230366,28250
11/21/2021,New Jersey,8958013,1602,4,1231968,28254
11/22/2021,New Jersey,8958013,1543,11,1233511,28265
11/23/2021,New Jersey,8958013,2640,30,1236151,28295
11/24/2021,New Jersey,8958013,2208,12,1238359,28307
11/25/2021,New Jersey,8958013,2851,16,1241210,28323
11/26/2021,New Jersey,8958013,2144,3,1243354,28326
11/27/2021,New Jersey,8958013,1990,9,1245344,28335
11/28/2021,New Jersey,8958013,1869,4,1247213,28339
11/29/2021,New Jersey,8958013,2241,9,1249454,28348
11/30/2021,New Jersey,8958013,3251,42,1252705,28390
12/1/2021,New Jersey,8958013,3188,19,1255893,28409
12/2/2021,New Jersey,8958013,4462,11,1260355,28420
12/3/2021,New Jersey,8958013,4463,14,1264818,28434
12/4/2021,New Jersey,8958013,4414,18,1269232,28452
12/5/2021,New Jersey,8958013,3496,5,1272728,28457
12/6/2021,New Jersey,8958013,2989,8,1275717,28465
12/7/2021,New Jersey,8958013,3950,29,1279667,28494
12/8/2021,New Jersey,8958013,4258,24,1283925,28518
12/9/2021,New Jersey,8958013,5617,8,1289542,28526
12/10/2021,New Jersey,8958013,5463,17,1295005,28543
12/11/2021,New Jersey,8958013,4596,25,1299601,28568
12/12/2021,New Jersey,8958013,3842,8,1303443,28576
12/13/2021,New Jersey,8958013,3279,13,1306722,28589
12/14/2021,New Jersey,8958013,4397,24,1311119,28613
12/15/2021,New Jersey,8958013,4989,30,1316108,28643
12/16/2021,New Jersey,8958013,7223,16,1323331,28659
12/17/2021,New Jersey,8958013,7397,16,1330728,28675
12/18/2021,New Jersey,8958013,7644,33,1338372,28708
12/19/2021,New Jersey,8958013,7345,6,1345717,28714
12/20/2021,New Jersey,8958013,7095,16,1352812,28730
12/21/2021,New Jersey,8958013,8494,32,1361306,28762
12/22/2021,New Jersey,8958013,11906,28,1373212,28790
12/23/2021,New Jersey,8958013,18122,32,1391334,28822
12/24/2021,New Jersey,8958013,18941,26,1410275,28848
12/25/2021,New Jersey,8958013,19481,6,1429756,28854
12/26/2021,New Jersey,8958013,14159,7,1443915,28861
12/27/2021,New Jersey,8958013,9732,8,1453647,28869
12/28/2021,New Jersey,8958013,15234,48,1468881,28917
12/29/2021,New Jersey,8958013,26473,50,1495354,28967
12/30/2021,New Jersey,8958013,35175,33,1530529,29000
12/31/2021,New Jersey,8958013,33724,37,1564253,29037
1/1/2022,New Jersey,8958013,32391,16,1596644,29053
1/2/2022,New Jersey,8958013,26452,3,1623096,29056
1/3/2022,New Jersey,8958013,21743,17,1644839,29073
1/4/2022,New Jersey,8958013,29614,78,1674453,29151
1/5/2022,New Jersey,8958013,37285,58,1711738,29209
1/6/2022,New Jersey,8958013,32264,106,1744002,29315
1/7/2022,New Jersey,8958013,38461,59,1782463,29374
1/8/2022,New Jersey,8958013,32700,70,1815163,29444
1/9/2022,New Jersey,8958013,28514,12,1843677,29456
1/10/2022,New Jersey,8958013,23056,38,1866733,29494
1/11/2022,New Jersey,8958013,25409,140,1892142,29634
1/12/2022,New Jersey,8958013,23275,103,1915417,29737
1/13/2022,New Jersey,8958013,23672,116,1939089,29853
1/14/2022,New Jersey,8958013,23109,106,1962198,29959
1/15/2022,New Jersey,8958013,16859,120,1979057,30079
1/16/2022,New Jersey,8958013,15445,10,1994502,30089
1/17/2022,New Jersey,8958013,9078,31,2003580,30120
1/18/2022,New Jersey,8958013,11122,50,2014702,30170
1/19/2022,New Jersey,8958013,10914,145,2025616,30315
1/20/2022,New Jersey,8958013,12074,161,2037690,30476
1/21/2022,New Jersey,8958013,11883,142,2049573,30618
1/22/2022,New Jersey,8958013,8924,128,2058497,30746
1/23/2022,New Jersey,8958013,9195,13,2067692,30759
1/24/2022,New Jersey,8958013,4844,40,2072536,30799
1/25/2022,New Jersey,8958013,5722,151,2078258,30950
1/26/2022,New Jersey,8958013,7127,143,2085385,31093
1/27/2022,New Jersey,8958013,6724,115,2092109,31208
1/28/2022,New Jersey,8958013,10118,112,2102227,31320
1/29/2022,New Jersey,8958013,5379,71,2107606,31391
1/30/2022,New Jersey,8958013,2177,21,2109783,31412
1/31/2022,New Jersey,8958013,2073,30,2111856,31442
2/1/2022,New Jersey,8958013,3449,115,2115305,31557
2/2/2022,New Jersey,8958013,3993,106,2119298,31663
2/3/2022,New Jersey,8958013,3909,106,2123207,31769
2/4/2022,New Jersey,8958013,3023,99,2126230,31868
2/5/2022,New Jersey,8958013,2961,80,2129191,31948
2/6/2022,New Jersey,8958013,1824,18,2131015,31966
2/7/2022,New Jersey,8958013,1139,21,2132154,31987
2/8/2022,New Jersey,8958013,1904,107,2134058,32094
7/1/2021,New Mexico,2085109,87,3,205629,4345
7/2/2021,New Mexico,2085109,86,1,205715,4346
7/3/2021,New Mexico,2085109,0,0,205715,4346
7/4/2021,New Mexico,2085109,0,0,205715,4346
7/5/2021,New Mexico,2085109,0,0,205715,4346
7/6/2021,New Mexico,2085109,200,2,205915,4348
7/7/2021,New Mexico,2085109,81,1,205996,4349
7/8/2021,New Mexico,2085109,132,6,206128,4355
7/9/2021,New Mexico,2085109,124,1,206252,4356
7/10/2021,New Mexico,2085109,0,0,206252,4356
7/11/2021,New Mexico,2085109,0,0,206252,4356
7/12/2021,New Mexico,2085109,299,4,206551,4360
7/13/2021,New Mexico,2085109,115,1,206666,4361
7/14/2021,New Mexico,2085109,180,3,206846,4364
7/15/2021,New Mexico,2085109,156,10,207002,4374
7/16/2021,New Mexico,2085109,187,7,207189,4381
7/17/2021,New Mexico,2085109,0,0,207189,4381
7/18/2021,New Mexico,2085109,0,0,207189,4381
7/19/2021,New Mexico,2085109,377,4,207566,4385
7/20/2021,New Mexico,2085109,135,4,207701,4389
7/21/2021,New Mexico,2085109,271,5,207972,4394
7/22/2021,New Mexico,2085109,271,2,208243,4396
7/23/2021,New Mexico,2085109,244,3,208487,4399
7/24/2021,New Mexico,2085109,0,0,208487,4399
7/25/2021,New Mexico,2085109,0,0,208487,4399
7/26/2021,New Mexico,2085109,631,3,209118,4402
7/27/2021,New Mexico,2085109,238,2,209356,4404
7/28/2021,New Mexico,2085109,328,5,209684,4409
7/29/2021,New Mexico,2085109,401,1,210085,4410
7/30/2021,New Mexico,2085109,331,2,210416,4412
7/31/2021,New Mexico,2085109,0,0,210416,4412
8/1/2021,New Mexico,2085109,0,0,210416,4412
8/2/2021,New Mexico,2085109,1076,4,211492,4416
8/3/2021,New Mexico,2085109,478,1,211970,4417
8/4/2021,New Mexico,2085109,607,1,212577,4418
8/5/2021,New Mexico,2085109,670,3,213247,4421
8/6/2021,New Mexico,2085109,546,6,213793,4427
8/7/2021,New Mexico,2085109,0,0,213793,4427
8/8/2021,New Mexico,2085109,0,0,213793,4427
8/9/2021,New Mexico,2085109,1305,0,215098,4427
8/10/2021,New Mexico,2085109,683,5,215781,4432
8/11/2021,New Mexico,2085109,713,7,216494,4439
8/12/2021,New Mexico,2085109,1279,4,217773,4443
8/13/2021,New Mexico,2085109,796,5,218569,4448
8/14/2021,New Mexico,2085109,0,0,218569,4448
8/15/2021,New Mexico,2085109,0,0,218569,4448
8/16/2021,New Mexico,2085109,1771,5,220340,4453
8/17/2021,New Mexico,2085109,747,4,221087,4457
8/18/2021,New Mexico,2085109,874,4,221961,4461
8/19/2021,New Mexico,2085109,967,4,222928,4465
8/20/2021,New Mexico,2085109,868,9,223796,4474
8/21/2021,New Mexico,2085109,0,0,223796,4474
8/22/2021,New Mexico,2085109,0,0,223796,4474
8/23/2021,New Mexico,2085109,2198,9,225994,4483
8/24/2021,New Mexico,2085109,874,2,226868,4485
8/25/2021,New Mexico,2085109,768,5,227636,4490
8/26/2021,New Mexico,2085109,922,9,228558,4499
8/27/2021,New Mexico,2085109,951,8,229509,4507
8/28/2021,New Mexico,2085109,0,0,229509,4507
8/29/2021,New Mexico,2085109,0,0,229509,4507
8/30/2021,New Mexico,2085109,2276,7,231785,4514
8/31/2021,New Mexico,2085109,829,6,232614,4520
9/1/2021,New Mexico,2085109,873,11,233487,4531
9/2/2021,New Mexico,2085109,988,15,234475,4546
9/3/2021,New Mexico,2085109,915,8,235390,4554
9/4/2021,New Mexico,2085109,0,0,235390,4554
9/5/2021,New Mexico,2085109,0,0,235390,4554
9/6/2021,New Mexico,2085109,0,0,235390,4554
9/7/2021,New Mexico,2085109,2499,10,237889,4564
9/8/2021,New Mexico,2085109,541,15,238430,4579
9/9/2021,New Mexico,2085109,576,8,239006,4587
9/10/2021,New Mexico,2085109,880,20,239886,4607
9/11/2021,New Mexico,2085109,0,0,239886,4607
9/12/2021,New Mexico,2085109,0,0,239886,4607
9/13/2021,New Mexico,2085109,1777,14,241663,4621
9/14/2021,New Mexico,2085109,736,12,242399,4633
9/15/2021,New Mexico,2085109,686,18,243085,4651
9/16/2021,New Mexico,2085109,877,13,243962,4664
9/17/2021,New Mexico,2085109,758,13,244720,4677
9/18/2021,New Mexico,2085109,0,0,244720,4677
9/19/2021,New Mexico,2085109,0,0,244720,4677
9/20/2021,New Mexico,2085109,1509,14,246229,4691
9/21/2021,New Mexico,2085109,410,11,246639,4702
9/22/2021,New Mexico,2085109,714,19,247353,4721
9/23/2021,New Mexico,2085109,722,16,248075,4737
9/24/2021,New Mexico,2085109,713,14,248788,4751
9/25/2021,New Mexico,2085109,0,0,248788,4751
9/26/2021,New Mexico,2085109,0,0,248788,4751
9/27/2021,New Mexico,2085109,1986,15,250774,4766
9/28/2021,New Mexico,2085109,610,12,251384,4778
9/29/2021,New Mexico,2085109,633,12,252017,4790
9/30/2021,New Mexico,2085109,1007,13,253024,4803
10/1/2021,New Mexico,2085109,791,11,253815,4814
10/2/2021,New Mexico,2085109,0,0,253815,4814
10/3/2021,New Mexico,2085109,0,0,253815,4814
10/4/2021,New Mexico,2085109,1762,11,255577,4825
10/5/2021,New Mexico,2085109,538,7,256115,4832
10/6/2021,New Mexico,2085109,832,10,256947,4842
10/7/2021,New Mexico,2085109,1023,14,257970,4856
10/8/2021,New Mexico,2085109,973,15,258943,4871
10/9/2021,New Mexico,2085109,0,0,258943,4871
10/10/2021,New Mexico,2085109,0,0,258943,4871
10/11/2021,New Mexico,2085109,0,0,258943,4871
10/12/2021,New Mexico,2085109,2427,16,261370,4887
10/13/2021,New Mexico,2085109,708,14,262078,4901
10/14/2021,New Mexico,2085109,876,20,262954,4921
10/15/2021,New Mexico,2085109,801,11,263755,4932
10/16/2021,New Mexico,2085109,0,0,263755,4932
10/17/2021,New Mexico,2085109,0,0,263755,4932
10/18/2021,New Mexico,2085109,1877,12,265632,4944
10/19/2021,New Mexico,2085109,516,10,266148,4954
10/20/2021,New Mexico,2085109,629,14,266777,4968
10/21/2021,New Mexico,2085109,1132,7,267909,4975
10/22/2021,New Mexico,2085109,982,14,268891,4989
10/23/2021,New Mexico,2085109,0,0,268891,4989
10/24/2021,New Mexico,2085109,0,0,268891,4989
10/25/2021,New Mexico,2085109,2321,15,271212,5004
10/26/2021,New Mexico,2085109,686,10,271898,5014
10/27/2021,New Mexico,2085109,957,15,272855,5029
10/28/2021,New Mexico,2085109,1300,12,274155,5041
10/29/2021,New Mexico,2085109,1054,10,275209,5051
10/30/2021,New Mexico,2085109,0,0,275209,5051
10/31/2021,New Mexico,2085109,0,0,275209,5051
11/1/2021,New Mexico,2085109,2626,12,277835,5063
11/2/2021,New Mexico,2085109,674,12,278509,5075
11/3/2021,New Mexico,2085109,1161,12,279670,5087
11/4/2021,New Mexico,2085109,1612,16,281282,5103
11/5/2021,New Mexico,2085109,1460,12,282742,5115
11/6/2021,New Mexico,2085109,0,0,282742,5115
11/7/2021,New Mexico,2085109,0,0,282742,5115
11/8/2021,New Mexico,2085109,3344,11,286086,5126
11/9/2021,New Mexico,2085109,1135,11,287221,5137
11/10/2021,New Mexico,2085109,1336,13,288557,5150
11/11/2021,New Mexico,2085109,0,0,288557,5150
11/12/2021,New Mexico,2085109,3521,21,292078,5171
11/13/2021,New Mexico,2085109,0,0,292078,5171
11/14/2021,New Mexico,2085109,0,0,292078,5171
11/15/2021,New Mexico,2085109,3689,22,295767,5193
11/16/2021,New Mexico,2085109,1023,12,296790,5205
11/17/2021,New Mexico,2085109,1523,12,298313,5217
11/18/2021,New Mexico,2085109,1788,23,300101,5240
11/19/2021,New Mexico,2085109,1836,25,301937,5265
11/20/2021,New Mexico,2085109,0,0,301937,5265
11/21/2021,New Mexico,2085109,0,0,301937,5265
11/22/2021,New Mexico,2085109,3642,14,305579,5279
11/23/2021,New Mexico,2085109,1164,12,306743,5291
11/24/2021,New Mexico,2085109,1409,21,308152,5312
11/25/2021,New Mexico,2085109,0,0,308152,5312
11/26/2021,New Mexico,2085109,0,0,308152,5312
11/27/2021,New Mexico,2085109,0,0,308152,5312
11/28/2021,New Mexico,2085109,0,0,308152,5312
11/29/2021,New Mexico,2085109,4987,45,313139,5357
11/30/2021,New Mexico,2085109,1125,12,314264,5369
12/1/2021,New Mexico,2085109,1825,12,316089,5381
12/2/2021,New Mexico,2085109,2046,14,318135,5395
12/3/2021,New Mexico,2085109,2385,14,320520,5409
12/4/2021,New Mexico,2085109,0,0,320520,5409
12/5/2021,New Mexico,2085109,0,0,320520,5409
12/6/2021,New Mexico,2085109,3791,12,324311,5421
12/7/2021,New Mexico,2085109,961,11,325272,5432
12/8/2021,New Mexico,2085109,1441,15,326713,5447
12/9/2021,New Mexico,2085109,1619,14,328332,5461
12/10/2021,New Mexico,2085109,1436,13,329768,5474
12/11/2021,New Mexico,2085109,10,0,329778,5474
12/12/2021,New Mexico,2085109,0,0,329778,5474
12/13/2021,New Mexico,2085109,2460,12,332238,5486
12/14/2021,New Mexico,2085109,737,7,332975,5493
12/15/2021,New Mexico,2085109,1349,25,334324,5518
12/16/2021,New Mexico,2085109,1293,33,335617,5551
12/17/2021,New Mexico,2085109,1170,28,336787,5579
12/18/2021,New Mexico,2085109,3,0,336790,5579
12/19/2021,New Mexico,2085109,0,0,336790,5579
12/20/2021,New Mexico,2085109,3104,37,339894,5616
12/21/2021,New Mexico,2085109,710,48,340604,5664
12/22/2021,New Mexico,2085109,905,39,341509,5703
12/23/2021,New Mexico,2085109,1140,44,342649,5747
12/24/2021,New Mexico,2085109,0,0,342649,5747
12/25/2021,New Mexico,2085109,0,0,342649,5747
12/26/2021,New Mexico,2085109,0,0,342649,5747
12/27/2021,New Mexico,2085109,3014,29,345663,5776
12/28/2021,New Mexico,2085109,798,22,346461,5798
12/29/2021,New Mexico,2085109,1370,33,347831,5831
12/30/2021,New Mexico,2085109,2212,26,350043,5857
12/31/2021,New Mexico,2085109,0,0,350043,5857
1/1/2022,New Mexico,2085109,0,0,350043,5857
1/2/2022,New Mexico,2085109,0,0,350043,5857
1/3/2022,New Mexico,2085109,7437,11,357480,5868
1/4/2022,New Mexico,2085109,1636,31,359116,5899
1/5/2022,New Mexico,2085109,2513,36,361629,5935
1/6/2022,New Mexico,2085109,3232,36,364861,5971
1/7/2022,New Mexico,2085109,4252,14,369113,5985
1/8/2022,New Mexico,2085109,0,0,369113,5985
1/9/2022,New Mexico,2085109,0,0,369113,5985
1/10/2022,New Mexico,2085109,9250,37,378363,6022
1/11/2022,New Mexico,2085109,2932,25,381295,6047
1/12/2022,New Mexico,2085109,6912,28,388207,6075
1/13/2022,New Mexico,2085109,5529,36,393736,6111
1/14/2022,New Mexico,2085109,5203,36,398939,6147
1/15/2022,New Mexico,2085109,0,0,398939,6147
1/16/2022,New Mexico,2085109,0,0,398939,6147
1/17/2022,New Mexico,2085109,0,0,398939,6147
1/18/2022,New Mexico,2085109,21253,32,420192,6179
1/19/2022,New Mexico,2085109,5728,28,425920,6207
1/20/2022,New Mexico,2085109,5967,24,431887,6231
1/21/2022,New Mexico,2085109,6047,30,437934,6261
1/22/2022,New Mexico,2085109,0,0,437934,6261
1/23/2022,New Mexico,2085109,0,0,437934,6261
1/24/2022,New Mexico,2085109,14682,33,452616,6294
1/25/2022,New Mexico,2085109,3331,25,455947,6319
1/26/2022,New Mexico,2085109,4115,40,460062,6359
1/27/2022,New Mexico,2085109,5182,34,465244,6393
1/28/2022,New Mexico,2085109,5269,26,470513,6419
1/29/2022,New Mexico,2085109,0,0,470513,6419
1/30/2022,New Mexico,2085109,0,0,470513,6419
1/31/2022,New Mexico,2085109,9574,37,480087,6456
2/1/2022,New Mexico,2085109,1765,19,481852,6475
2/2/2022,New Mexico,2085109,2602,15,484454,6490
2/3/2022,New Mexico,2085109,3150,28,487604,6518
2/4/2022,New Mexico,2085109,50,0,487654,6518
2/5/2022,New Mexico,2085109,0,0,487654,6518
2/6/2022,New Mexico,2085109,2047,19,489701,6537
2/7/2022,New Mexico,2085109,4667,20,494368,6557
2/8/2022,New Mexico,2085109,1401,6,495769,6563
7/1/2021,Nevada,2890845,543,11,334255,5692
7/2/2021,Nevada,2890845,508,5,334763,5697
7/3/2021,Nevada,2890845,0,0,334763,5697
7/4/2021,Nevada,2890845,0,0,334763,5697
7/5/2021,Nevada,2890845,0,0,334763,5697
7/6/2021,Nevada,2890845,1346,5,336109,5702
7/7/2021,Nevada,2890845,453,3,336562,5705
7/8/2021,Nevada,2890845,697,2,337259,5707
7/9/2021,Nevada,2890845,813,13,338072,5720
7/10/2021,Nevada,2890845,0,0,338072,5720
7/11/2021,Nevada,2890845,0,0,338072,5720
7/12/2021,Nevada,2890845,1673,10,339745,5730
7/13/2021,Nevada,2890845,855,1,340600,5731
7/14/2021,Nevada,2890845,692,6,341292,5737
7/15/2021,Nevada,2890845,938,15,342230,5752
7/16/2021,Nevada,2890845,866,6,343096,5758
7/17/2021,Nevada,2890845,0,0,343096,5758
7/18/2021,Nevada,2890845,0,0,343096,5758
7/19/2021,Nevada,2890845,2067,3,345163,5761
7/20/2021,Nevada,2890845,1004,0,346167,5761
7/21/2021,Nevada,2890845,931,28,347098,5789
7/22/2021,Nevada,2890845,942,8,348040,5797
7/23/2021,Nevada,2890845,1003,20,349043,5817
7/24/2021,Nevada,2890845,0,0,349043,5817
7/25/2021,Nevada,2890845,0,0,349043,5817
7/26/2021,Nevada,2890845,2400,20,351443,5837
7/27/2021,Nevada,2890845,1124,17,352567,5854
7/28/2021,Nevada,2890845,1179,20,353746,5874
7/29/2021,Nevada,2890845,1345,26,355091,5900
7/30/2021,Nevada,2890845,1310,12,356401,5912
7/31/2021,Nevada,2890845,0,0,356401,5912
8/1/2021,Nevada,2890845,0,0,356401,5912
8/2/2021,Nevada,2890845,2531,6,358932,5918
8/3/2021,Nevada,2890845,1215,11,360147,5929
8/4/2021,Nevada,2890845,993,24,361140,5953
8/5/2021,Nevada,2890845,1135,26,362275,5979
8/6/2021,Nevada,2890845,1299,26,363574,6005
8/7/2021,Nevada,2890845,0,0,363574,6005
8/8/2021,Nevada,2890845,0,0,363574,6005
8/9/2021,Nevada,2890845,3010,35,366584,6040
8/10/2021,Nevada,2890845,1125,40,367709,6080
8/11/2021,Nevada,2890845,916,16,368625,6096
8/12/2021,Nevada,2890845,1221,24,369846,6120
8/13/2021,Nevada,2890845,1280,40,371126,6160
8/14/2021,Nevada,2890845,0,0,371126,6160
8/15/2021,Nevada,2890845,0,0,371126,6160
8/16/2021,Nevada,2890845,2523,30,373649,6190
8/17/2021,Nevada,2890845,1002,33,374651,6223
8/18/2021,Nevada,2890845,1429,25,376080,6248
8/19/2021,Nevada,2890845,1413,11,377493,6259
8/20/2021,Nevada,2890845,1207,21,378700,6280
8/21/2021,Nevada,2890845,0,0,378700,6280
8/22/2021,Nevada,2890845,0,0,378700,6280
8/23/2021,Nevada,2890845,3066,26,381766,6306
8/24/2021,Nevada,2890845,1007,46,382773,6352
8/25/2021,Nevada,2890845,1362,24,384135,6376
8/26/2021,Nevada,2890845,1137,22,385272,6398
8/27/2021,Nevada,2890845,1287,35,386559,6433
8/28/2021,Nevada,2890845,0,0,386559,6433
8/29/2021,Nevada,2890845,0,0,386559,6433
8/30/2021,Nevada,2890845,2799,46,389358,6479
8/31/2021,Nevada,2890845,1242,31,390600,6510
9/1/2021,Nevada,2890845,1452,29,392052,6539
9/2/2021,Nevada,2890845,1136,26,393188,6565
9/3/2021,Nevada,2890845,1407,18,394595,6583
9/4/2021,Nevada,2890845,0,0,394595,6583
9/5/2021,Nevada,2890845,0,0,394595,6583
9/6/2021,Nevada,2890845,0,0,394595,6583
9/7/2021,Nevada,2890845,3193,21,397788,6604
9/8/2021,Nevada,2890845,1446,33,399234,6637
9/9/2021,Nevada,2890845,1115,44,400349,6681
9/10/2021,Nevada,2890845,1552,21,401901,6702
9/11/2021,Nevada,2890845,0,0,401901,6702
9/12/2021,Nevada,2890845,0,0,401901,6702
9/13/2021,Nevada,2890845,2950,26,404851,6728
9/14/2021,Nevada,2890845,1361,35,406212,6763
9/15/2021,Nevada,2890845,1046,26,407258,6789
9/16/2021,Nevada,2890845,1475,32,408733,6821
9/17/2021,Nevada,2890845,1371,24,410104,6845
9/18/2021,Nevada,2890845,0,0,410104,6845
9/19/2021,Nevada,2890845,0,0,410104,6845
9/20/2021,Nevada,2890845,2213,35,412317,6880
9/21/2021,Nevada,2890845,1230,38,413547,6918
9/22/2021,Nevada,2890845,824,30,414371,6948
9/23/2021,Nevada,2890845,1053,35,415424,6983
9/24/2021,Nevada,2890845,1072,32,416496,7015
9/25/2021,Nevada,2890845,0,0,416496,7015
9/26/2021,Nevada,2890845,0,0,416496,7015
9/27/2021,Nevada,2890845,1981,30,418477,7045
9/28/2021,Nevada,2890845,902,28,419379,7073
9/29/2021,Nevada,2890845,800,34,420179,7107
9/30/2021,Nevada,2890845,1140,43,421319,7150
10/1/2021,Nevada,2890845,1010,16,422329,7166
10/2/2021,Nevada,2890845,0,0,422329,7166
10/3/2021,Nevada,2890845,0,0,422329,7166
10/4/2021,Nevada,2890845,1871,22,424200,7188
10/5/2021,Nevada,2890845,943,33,425143,7221
10/6/2021,Nevada,2890845,9611,25,434754,7246
10/7/2021,Nevada,2890845,721,36,435475,7282
10/8/2021,Nevada,2890845,769,3,436244,7285
10/9/2021,Nevada,2890845,0,0,436244,7285
10/10/2021,Nevada,2890845,0,0,436244,7285
10/11/2021,Nevada,2890845,1849,30,438093,7315
10/12/2021,Nevada,2890845,972,30,439065,7345
10/13/2021,Nevada,2890845,728,22,439793,7367
10/14/2021,Nevada,2890845,707,45,440500,7412
10/15/2021,Nevada,2890845,521,10,441021,7422
10/16/2021,Nevada,2890845,0,0,441021,7422
10/17/2021,Nevada,2890845,0,0,441021,7422
10/18/2021,Nevada,2890845,1399,29,442420,7451
10/19/2021,Nevada,2890845,1000,15,443420,7466
10/20/2021,Nevada,2890845,716,18,444136,7484
10/21/2021,Nevada,2890845,719,29,444855,7513
10/22/2021,Nevada,2890845,822,10,445677,7523
10/23/2021,Nevada,2890845,0,0,445677,7523
10/24/2021,Nevada,2890845,0,0,445677,7523
10/25/2021,Nevada,2890845,1496,24,447173,7547
10/26/2021,Nevada,2890845,724,30,447897,7577
10/27/2021,Nevada,2890845,739,23,448636,7600
10/28/2021,Nevada,2890845,686,31,449322,7631
10/29/2021,Nevada,2890845,0,0,449322,7631
10/30/2021,Nevada,2890845,0,0,449322,7631
10/31/2021,Nevada,2890845,0,0,449322,7631
11/1/2021,Nevada,2890845,2178,25,451500,7656
11/2/2021,Nevada,2890845,950,12,452450,7668
11/3/2021,Nevada,2890845,847,9,453297,7677
11/4/2021,Nevada,2890845,1022,15,454319,7692
11/5/2021,Nevada,2890845,844,21,455163,7713
11/6/2021,Nevada,2890845,0,0,455163,7713
11/7/2021,Nevada,2890845,0,0,455163,7713
11/8/2021,Nevada,2890845,1876,46,457039,7759
11/9/2021,Nevada,2890845,795,19,457834,7778
11/10/2021,Nevada,2890845,657,19,458491,7797
11/11/2021,Nevada,2890845,0,0,458491,7797
11/12/2021,Nevada,2890845,1387,11,459878,7808
11/13/2021,Nevada,2890845,0,0,459878,7808
11/14/2021,Nevada,2890845,0,0,459878,7808
11/15/2021,Nevada,2890845,1738,36,461616,7844
11/16/2021,Nevada,2890845,919,28,462535,7872
11/17/2021,Nevada,2890845,730,11,463265,7883
11/18/2021,Nevada,2890845,711,16,463976,7899
11/19/2021,Nevada,2890845,657,19,464633,7918
11/20/2021,Nevada,2890845,0,0,464633,7918
11/21/2021,Nevada,2890845,0,0,464633,7918
11/22/2021,Nevada,2890845,1767,12,466400,7930
11/23/2021,Nevada,2890845,661,23,467061,7953
11/24/2021,Nevada,2890845,713,19,467774,7972
11/25/2021,Nevada,2890845,0,0,467774,7972
11/26/2021,Nevada,2890845,0,0,467774,7972
11/27/2021,Nevada,2890845,0,0,467774,7972
11/28/2021,Nevada,2890845,0,0,467774,7972
11/29/2021,Nevada,2890845,1969,13,469743,7985
11/30/2021,Nevada,2890845,898,32,470641,8017
12/1/2021,Nevada,2890845,843,15,471484,8032
12/2/2021,Nevada,2890845,932,18,472416,8050
12/3/2021,Nevada,2890845,734,20,473150,8070
12/4/2021,Nevada,2890845,0,0,473150,8070
12/5/2021,Nevada,2890845,0,0,473150,8070
12/6/2021,Nevada,2890845,1604,40,474754,8110
12/7/2021,Nevada,2890845,706,16,475460,8126
12/8/2021,Nevada,2890845,736,20,476196,8146
12/9/2021,Nevada,2890845,1211,7,477407,8153
12/10/2021,Nevada,2890845,675,36,478082,8189
12/11/2021,Nevada,2890845,0,0,478082,8189
12/12/2021,Nevada,2890845,0,0,478082,8189
12/13/2021,Nevada,2890845,1680,12,479762,8201
12/14/2021,Nevada,2890845,853,26,480615,8227
12/15/2021,Nevada,2890845,686,17,481301,8244
12/16/2021,Nevada,2890845,837,19,482138,8263
12/17/2021,Nevada,2890845,1148,15,483286,8278
12/18/2021,Nevada,2890845,0,0,483286,8278
12/19/2021,Nevada,2890845,0,0,483286,8278
12/20/2021,Nevada,2890845,2115,33,485401,8311
12/21/2021,Nevada,2890845,1270,28,486671,8339
12/22/2021,Nevada,2890845,1165,15,487836,8354
12/23/2021,Nevada,2890845,1443,10,489279,8364
12/24/2021,Nevada,2890845,0,0,489279,8364
12/25/2021,Nevada,2890845,0,0,489279,8364
12/26/2021,Nevada,2890845,0,0,489279,8364
12/27/2021,Nevada,2890845,4099,3,493378,8367
12/28/2021,Nevada,2890845,1805,25,495183,8392
12/29/2021,Nevada,2890845,2781,15,497964,8407
12/30/2021,Nevada,2890845,3217,13,501181,8420
12/31/2021,Nevada,2890845,0,0,501181,8420
1/1/2022,Nevada,2890845,0,0,501181,8420
1/2/2022,Nevada,2890845,0,0,501181,8420
1/3/2022,Nevada,2890845,13163,8,514344,8428
1/4/2022,Nevada,2890845,2902,40,517246,8468
1/5/2022,Nevada,2890845,3702,20,520948,8488
1/6/2022,Nevada,2890845,2679,18,523627,8506
1/7/2022,Nevada,2890845,5265,4,528892,8510
1/8/2022,Nevada,2890845,0,0,528892,8510
1/9/2022,Nevada,2890845,0,0,528892,8510
1/10/2022,Nevada,2890845,17950,18,546842,8528
1/11/2022,Nevada,2890845,5417,33,552259,8561
1/12/2022,Nevada,2890845,6270,23,558529,8584
1/13/2022,Nevada,2890845,7382,22,565911,8606
1/14/2022,Nevada,2890845,6858,21,572769,8627
1/15/2022,Nevada,2890845,0,0,572769,8627
1/16/2022,Nevada,2890845,0,0,572769,8627
1/17/2022,Nevada,2890845,0,0,572769,8627
1/18/2022,Nevada,2890845,23728,27,596497,8654
1/19/2022,Nevada,2890845,5185,34,601682,8688
1/20/2022,Nevada,2890845,6175,21,607857,8709
1/21/2022,Nevada,2890845,6648,27,614505,8736
1/22/2022,Nevada,2890845,0,0,614505,8736
1/23/2022,Nevada,2890845,0,0,614505,8736
1/24/2022,Nevada,2890845,15838,24,630343,8760
1/25/2022,Nevada,2890845,3612,37,633955,8797
1/26/2022,Nevada,2890845,4976,40,638931,8837
1/27/2022,Nevada,2890845,4764,38,643695,8875
1/28/2022,Nevada,2890845,4393,39,648088,8914
1/29/2022,Nevada,2890845,0,0,648088,8914
1/30/2022,Nevada,2890845,0,0,648088,8914
1/31/2022,Nevada,2890845,8810,37,656898,8951
2/1/2022,Nevada,2890845,2138,61,659036,9012
2/2/2022,Nevada,2890845,2132,38,661168,9050
2/3/2022,Nevada,2890845,1939,34,663107,9084
2/4/2022,Nevada,2890845,2104,60,665211,9144
2/5/2022,Nevada,2890845,0,0,665211,9144
2/6/2022,Nevada,2890845,0,0,665211,9144
2/7/2022,Nevada,2890845,2831,42,668042,9186
2/8/2022,Nevada,2890845,1706,50,669748,9236
7/1/2021,New York,19795791,397,12,2113544,53107
7/2/2021,New York,19795791,474,2,2114018,53109
7/3/2021,New York,19795791,279,0,2114297,53109
7/4/2021,New York,19795791,312,9,2114609,53118
7/5/2021,New York,19795791,376,4,2114985,53122
7/6/2021,New York,19795791,307,5,2115292,53127
7/7/2021,New York,19795791,341,7,2115633,53134
7/8/2021,New York,19795791,637,4,2116270,53138
7/9/2021,New York,19795791,754,4,2117024,53142
7/10/2021,New York,19795791,730,7,2117754,53149
7/11/2021,New York,19795791,811,2,2118565,53151
7/12/2021,New York,19795791,642,2,2119207,53153
7/13/2021,New York,19795791,668,6,2119875,53159
7/14/2021,New York,19795791,725,11,2120600,53170
7/15/2021,New York,19795791,929,5,2121529,53175
7/16/2021,New York,19795791,629,1,2122158,53176
7/17/2021,New York,19795791,1421,5,2123579,53181
7/18/2021,New York,19795791,1143,10,2124722,53191
7/19/2021,New York,19795791,941,4,2125663,53195
7/20/2021,New York,19795791,1112,5,2126775,53200
7/21/2021,New York,19795791,1092,7,2127867,53207
7/22/2021,New York,19795791,1611,7,2129478,53214
7/23/2021,New York,19795791,1698,2,2131176,53216
7/24/2021,New York,19795791,1868,3,2133044,53219
7/25/2021,New York,19795791,2032,9,2135076,53228
7/26/2021,New York,19795791,1526,7,2136602,53235
7/27/2021,New York,19795791,1648,1,2138250,53236
7/28/2021,New York,19795791,1800,12,2140050,53248
7/29/2021,New York,19795791,2644,2,2142694,53250
7/30/2021,New York,19795791,2615,7,2145309,53257
7/31/2021,New York,19795791,3136,9,2148445,53266
8/1/2021,New York,19795791,2590,8,2151035,53274
8/2/2021,New York,19795791,2208,7,2153243,53281
8/3/2021,New York,19795791,3062,13,2156305,53294
8/4/2021,New York,19795791,2834,7,2159139,53301
8/5/2021,New York,19795791,3442,14,2162581,53315
8/6/2021,New York,19795791,3760,3,2166341,53318
8/7/2021,New York,19795791,4537,13,2170878,53331
8/8/2021,New York,19795791,3637,15,2174515,53346
8/9/2021,New York,19795791,1681,6,2176196,53352
8/10/2021,New York,19795791,1722,8,2177918,53360
8/11/2021,New York,19795791,7224,40,2185142,53400
8/12/2021,New York,19795791,4870,29,2190012,53429
8/13/2021,New York,19795791,4634,10,2194646,53439
8/14/2021,New York,19795791,4675,15,2199321,53454
8/15/2021,New York,19795791,4038,22,2203359,53476
8/16/2021,New York,19795791,4208,10,2207567,53486
8/17/2021,New York,19795791,3528,33,2211095,53519
8/18/2021,New York,19795791,4508,13,2215603,53532
8/19/2021,New York,19795791,5070,16,2220673,53548
8/20/2021,New York,19795791,3906,16,2224579,53564
8/21/2021,New York,19795791,6175,37,2230754,53601
8/22/2021,New York,19795791,4593,19,2235347,53620
8/23/2021,New York,19795791,3836,26,2239183,53646
8/24/2021,New York,19795791,3494,16,2242677,53662
8/25/2021,New York,19795791,3731,29,2246408,53691
8/26/2021,New York,19795791,5371,31,2251779,53722
8/27/2021,New York,19795791,6364,23,2258143,53745
8/28/2021,New York,19795791,5583,24,2263726,53769
8/29/2021,New York,19795791,2636,23,2266362,53792
8/30/2021,New York,19795791,5972,31,2272334,53823
8/31/2021,New York,19795791,3894,24,2276228,53847
9/1/2021,New York,19795791,4126,28,2280354,53875
9/2/2021,New York,19795791,5289,50,2285643,53925
9/3/2021,New York,19795791,5919,24,2291562,53949
9/4/2021,New York,19795791,3374,16,2294936,53965
9/5/2021,New York,19795791,6501,42,2301437,54007
9/6/2021,New York,19795791,3689,30,2305126,54037
9/7/2021,New York,19795791,3256,32,2308382,54069
9/8/2021,New York,19795791,2455,19,2310837,54088
9/9/2021,New York,19795791,6454,68,2317291,54156
9/10/2021,New York,19795791,5883,18,2323174,54174
9/11/2021,New York,19795791,6060,37,2329234,54211
9/12/2021,New York,19795791,3735,19,2332969,54230
9/13/2021,New York,19795791,5408,41,2338377,54271
9/14/2021,New York,19795791,4113,46,2342490,54317
9/15/2021,New York,19795791,4808,33,2347298,54350
9/16/2021,New York,19795791,6730,45,2354028,54395
9/17/2021,New York,19795791,6038,29,2360066,54424
9/18/2021,New York,19795791,3286,17,2363352,54441
9/19/2021,New York,19795791,7724,38,2371076,54479
9/20/2021,New York,19795791,3757,23,2374833,54502
9/21/2021,New York,19795791,5331,57,2380164,54559
9/22/2021,New York,19795791,4534,43,2384698,54602
9/23/2021,New York,19795791,5037,39,2389735,54641
9/24/2021,New York,19795791,6145,61,2395880,54702
9/25/2021,New York,19795791,3798,16,2399678,54718
9/26/2021,New York,19795791,6788,51,2406466,54769
9/27/2021,New York,19795791,2826,16,2409292,54785
9/28/2021,New York,19795791,5248,37,2414540,54822
9/29/2021,New York,19795791,5016,64,2419556,54886
9/30/2021,New York,19795791,4979,47,2424535,54933
10/1/2021,New York,19795791,5818,43,2430353,54976
10/2/2021,New York,19795791,3336,17,2433689,54993
10/3/2021,New York,19795791,3396,23,2437085,55016
10/4/2021,New York,19795791,6260,41,2443345,55057
10/5/2021,New York,19795791,3924,33,2447269,55090
10/6/2021,New York,19795791,6275,41,2453544,55131
10/7/2021,New York,19795791,5602,19,2459146,55150
10/8/2021,New York,19795791,5833,53,2464979,55203
10/9/2021,New York,19795791,3539,26,2468518,55229
10/10/2021,New York,19795791,2077,24,2470595,55253
10/11/2021,New York,19795791,7882,51,2478477,55304
10/12/2021,New York,19795791,3253,43,2481730,55347
10/13/2021,New York,19795791,4524,55,2486254,55402
10/14/2021,New York,19795791,4514,45,2490768,55447
10/15/2021,New York,19795791,6342,18,2497110,55465
10/16/2021,New York,19795791,4018,19,2501128,55484
10/17/2021,New York,19795791,3149,30,2504277,55514
10/18/2021,New York,19795791,5389,43,2509666,55557
10/19/2021,New York,19795791,3294,31,2512960,55588
10/20/2021,New York,19795791,4777,37,2517737,55625
10/21/2021,New York,19795791,4365,39,2522102,55664
10/22/2021,New York,19795791,3700,38,2525802,55702
10/23/2021,New York,19795791,3464,30,2529266,55732
10/24/2021,New York,19795791,2152,24,2531418,55756
10/25/2021,New York,19795791,5021,50,2536439,55806
10/26/2021,New York,19795791,2496,34,2538935,55840
10/27/2021,New York,19795791,4141,39,2543076,55879
10/28/2021,New York,19795791,3199,23,2546275,55902
10/29/2021,New York,19795791,5734,40,2552009,55942
10/30/2021,New York,19795791,3127,27,2555136,55969
10/31/2021,New York,19795791,2794,26,2557930,55995
11/1/2021,New York,19795791,5695,49,2563625,56044
11/2/2021,New York,19795791,2911,23,2566536,56067
11/3/2021,New York,19795791,4014,47,2570550,56114
11/4/2021,New York,19795791,4631,30,2575181,56144
11/5/2021,New York,19795791,4859,47,2580040,56191
11/6/2021,New York,19795791,3851,34,2583891,56225
11/7/2021,New York,19795791,3715,20,2587606,56245
11/8/2021,New York,19795791,5754,35,2593360,56280
11/9/2021,New York,19795791,4211,43,2597571,56323
11/10/2021,New York,19795791,5039,37,2602610,56360
11/11/2021,New York,19795791,6683,40,2609293,56400
11/12/2021,New York,19795791,6256,39,2615549,56439
11/13/2021,New York,19795791,5095,15,2620644,56454
11/14/2021,New York,19795791,4196,21,2624840,56475
11/15/2021,New York,19795791,7152,33,2631992,56508
11/16/2021,New York,19795791,5061,43,2637053,56551
11/17/2021,New York,19795791,6028,33,2643081,56584
11/18/2021,New York,19795791,8115,35,2651196,56619
11/19/2021,New York,19795791,7592,44,2658788,56663
11/20/2021,New York,19795791,5556,18,2664344,56681
11/21/2021,New York,19795791,8805,33,2673149,56714
11/22/2021,New York,19795791,5316,27,2678465,56741
11/23/2021,New York,19795791,5619,34,2684084,56775
11/24/2021,New York,19795791,7013,41,2691097,56816
11/25/2021,New York,19795791,6762,24,2697859,56840
11/26/2021,New York,19795791,8200,21,2706059,56861
11/27/2021,New York,19795791,3247,56,2709306,56917
11/28/2021,New York,19795791,4506,27,2713812,56944
11/29/2021,New York,19795791,8156,49,2721968,56993
11/30/2021,New York,19795791,6644,56,2728612,57049
12/1/2021,New York,19795791,9320,58,2737932,57107
12/2/2021,New York,19795791,11331,51,2749263,57158
12/3/2021,New York,19795791,11242,53,2760505,57211
12/4/2021,New York,19795791,7642,30,2768147,57241
12/5/2021,New York,19795791,7830,32,2775977,57273
12/6/2021,New York,19795791,11529,59,2787506,57332
12/7/2021,New York,19795791,8537,64,2796043,57396
12/8/2021,New York,19795791,9251,53,2805294,57449
12/9/2021,New York,19795791,11680,58,2816974,57507
12/10/2021,New York,19795791,11314,65,2828288,57572
12/11/2021,New York,19795791,7872,50,2836160,57622
12/12/2021,New York,19795791,7284,49,2843444,57671
12/13/2021,New York,19795791,15069,53,2858513,57724
12/14/2021,New York,19795791,8931,64,2867444,57788
12/15/2021,New York,19795791,12383,79,2879827,57867
12/16/2021,New York,19795791,17520,44,2897347,57911
12/17/2021,New York,19795791,20563,78,2917910,57989
12/18/2021,New York,19795791,10319,48,2928229,58037
12/19/2021,New York,19795791,28260,60,2956489,58097
12/20/2021,New York,19795791,20439,50,2976928,58147
12/21/2021,New York,19795791,26456,74,3003384,58221
12/22/2021,New York,19795791,28460,71,3031844,58292
12/23/2021,New York,19795791,33855,81,3065699,58373
12/24/2021,New York,19795791,32591,49,3098290,58422
12/25/2021,New York,19795791,0,0,3098290,58422
12/26/2021,New York,19795791,86162,43,3184452,58465
12/27/2021,New York,19795791,30441,139,3214893,58604
12/28/2021,New York,19795791,48836,46,3263729,58650
12/29/2021,New York,19795791,60359,170,3324088,58820
12/30/2021,New York,19795791,71078,97,3395166,58917
12/31/2021,New York,19795791,78804,76,3473970,58993
1/1/2022,New York,19795791,81077,79,3555047,59072
1/2/2022,New York,19795791,62542,80,3617589,59152
1/3/2022,New York,19795791,60453,88,3678042,59240
1/4/2022,New York,19795791,51289,99,3729331,59339
1/5/2022,New York,19795791,75149,146,3804480,59485
1/6/2022,New York,19795791,80378,146,3884858,59631
1/7/2022,New York,19795791,82094,196,3966952,59827
1/8/2022,New York,19795791,90132,86,4057084,59913
1/9/2022,New York,19795791,79777,170,4136861,60083
1/10/2022,New York,19795791,57884,79,4194745,60162
1/11/2022,New York,19795791,49410,266,4244155,60428
1/12/2022,New York,19795791,54911,210,4299066,60638
1/13/2022,New York,19795791,62049,238,4361115,60876
1/14/2022,New York,19795791,47352,223,4408467,61099
1/15/2022,New York,19795791,47870,94,4456337,61193
1/16/2022,New York,19795791,51264,66,4507601,61259
1/17/2022,New York,19795791,26772,263,4534373,61522
1/18/2022,New York,19795791,22312,337,4556685,61859
1/19/2022,New York,19795791,23375,258,4580060,62117
1/20/2022,New York,19795791,30631,202,4610691,62319
1/21/2022,New York,19795791,28296,224,4638987,62543
1/22/2022,New York,19795791,27643,89,4666630,62632
1/23/2022,New York,19795791,19539,221,4686169,62853
1/24/2022,New York,19795791,12666,107,4698835,62960
1/25/2022,New York,19795791,15868,304,4714703,63264
1/26/2022,New York,19795791,15648,241,4730351,63505
1/27/2022,New York,19795791,17164,192,4747515,63697
1/28/2022,New York,19795791,14075,213,4761590,63910
1/29/2022,New York,19795791,12533,203,4774123,64113
1/30/2022,New York,19795791,5731,63,4779854,64176
1/31/2022,New York,19795791,9678,71,4789532,64247
2/1/2022,New York,19795791,6468,214,4796000,64461
2/2/2022,New York,19795791,8328,185,4804328,64646
2/3/2022,New York,19795791,10306,166,4814634,64812
2/4/2022,New York,19795791,7716,153,4822350,64965
2/5/2022,New York,19795791,4668,48,4827018,65013
2/6/2022,New York,19795791,8484,135,4835502,65148
2/7/2022,New York,19795791,4028,69,4839530,65217
2/8/2022,New York,19795791,4189,185,4843719,65402
7/1/2021,Ohio,11613423,579,0,1111903,20309
7/2/2021,Ohio,11613423,185,35,1112088,20344
7/3/2021,Ohio,11613423,201,0,1112289,20344
7/4/2021,Ohio,11613423,0,0,1112289,20344
7/5/2021,Ohio,11613423,210,0,1112499,20344
7/6/2021,Ohio,11613423,190,0,1112689,20344
7/7/2021,Ohio,11613423,317,22,1113006,20366
7/8/2021,Ohio,11613423,377,0,1113383,20366
7/9/2021,Ohio,11613423,354,14,1113737,20380
7/10/2021,Ohio,11613423,299,0,1114036,20380
7/11/2021,Ohio,11613423,231,0,1114267,20380
7/12/2021,Ohio,11613423,224,0,1114491,20380
7/13/2021,Ohio,11613423,344,31,1114835,20411
7/14/2021,Ohio,11613423,407,0,1115242,20411
7/15/2021,Ohio,11613423,547,0,1115789,20411
7/16/2021,Ohio,11613423,533,26,1116322,20437
7/17/2021,Ohio,11613423,486,0,1116808,20437
7/18/2021,Ohio,11613423,301,0,1117109,20437
7/19/2021,Ohio,11613423,660,0,1117769,20437
7/20/2021,Ohio,11613423,744,12,1118513,20449
7/21/2021,Ohio,11613423,785,0,1119298,20449
7/22/2021,Ohio,11613423,822,0,1120120,20449
7/23/2021,Ohio,11613423,802,18,1120922,20467
7/24/2021,Ohio,11613423,687,0,1121609,20467
7/25/2021,Ohio,11613423,495,0,1122104,20467
7/26/2021,Ohio,11613423,543,0,1122647,20467
7/27/2021,Ohio,11613423,1317,23,1123964,20490
7/28/2021,Ohio,11613423,1456,0,1125420,20490
7/29/2021,Ohio,11613423,1205,0,1126625,20490
7/30/2021,Ohio,11613423,1183,2,1127808,20492
7/31/2021,Ohio,11613423,1469,0,1129277,20492
8/1/2021,Ohio,11613423,857,0,1130134,20492
8/2/2021,Ohio,11613423,895,0,1131029,20492
8/3/2021,Ohio,11613423,1769,38,1132798,20530
8/4/2021,Ohio,11613423,2167,0,1134965,20530
8/5/2021,Ohio,11613423,1969,0,1136934,20530
8/6/2021,Ohio,11613423,1666,26,1138600,20556
8/7/2021,Ohio,11613423,2317,0,1140917,20556
8/8/2021,Ohio,11613423,1413,0,1142330,20556
8/9/2021,Ohio,11613423,1269,0,1143599,20556
8/10/2021,Ohio,11613423,2326,24,1145925,20580
8/11/2021,Ohio,11613423,3393,0,1149318,20580
8/12/2021,Ohio,11613423,3272,0,1152590,20580
8/13/2021,Ohio,11613423,2732,34,1155322,20614
8/14/2021,Ohio,11613423,2460,0,1157782,20614
8/15/2021,Ohio,11613423,1977,0,1159759,20614
8/16/2021,Ohio,11613423,1814,0,1161573,20614
8/17/2021,Ohio,11613423,3235,34,1164808,20648
8/18/2021,Ohio,11613423,3303,0,1168111,20648
8/19/2021,Ohio,11613423,3446,0,1171557,20648
8/20/2021,Ohio,11613423,3783,41,1175340,20689
8/21/2021,Ohio,11613423,3452,0,1178792,20689
8/22/2021,Ohio,11613423,2194,0,1180986,20689
8/23/2021,Ohio,11613423,2775,0,1183761,20689
8/24/2021,Ohio,11613423,4117,40,1187878,20729
8/25/2021,Ohio,11613423,4600,0,1192478,20729
8/26/2021,Ohio,11613423,5395,0,1197873,20729
8/27/2021,Ohio,11613423,4855,70,1202728,20799
8/28/2021,Ohio,11613423,5204,0,1207932,20799
8/29/2021,Ohio,11613423,3963,0,1211895,20799
8/30/2021,Ohio,11613423,3091,0,1214986,20799
8/31/2021,Ohio,11613423,5914,67,1220900,20866
9/1/2021,Ohio,11613423,7102,0,1228002,20866
9/2/2021,Ohio,11613423,7087,0,1235089,20866
9/3/2021,Ohio,11613423,6179,81,1241268,20947
9/4/2021,Ohio,11613423,6369,0,1247637,20947
9/5/2021,Ohio,11613423,5561,0,1253198,20947
9/6/2021,Ohio,11613423,3944,0,1257142,20947
9/7/2021,Ohio,11613423,4876,73,1262018,21020
9/8/2021,Ohio,11613423,6823,0,1268841,21020
9/9/2021,Ohio,11613423,7897,0,1276738,21020
9/10/2021,Ohio,11613423,9019,134,1285757,21154
9/11/2021,Ohio,11613423,8405,0,1294162,21154
9/12/2021,Ohio,11613423,4463,0,1298625,21154
9/13/2021,Ohio,11613423,5568,0,1304193,21154
9/14/2021,Ohio,11613423,7325,111,1311518,21265
9/15/2021,Ohio,11613423,7747,0,1319265,21265
9/16/2021,Ohio,11613423,8349,0,1327614,21265
9/17/2021,Ohio,11613423,8447,206,1336061,21471
9/18/2021,Ohio,11613423,6716,0,1342777,21471
9/19/2021,Ohio,11613423,4428,0,1347205,21471
9/20/2021,Ohio,11613423,4899,0,1352104,21471
9/21/2021,Ohio,11613423,6814,125,1358918,21596
9/22/2021,Ohio,11613423,6882,0,1365800,21596
9/23/2021,Ohio,11613423,7475,0,1373275,21596
9/24/2021,Ohio,11613423,7095,224,1380370,21820
9/25/2021,Ohio,11613423,5379,0,1385749,21820
9/26/2021,Ohio,11613423,4266,0,1390015,21820
9/27/2021,Ohio,11613423,3681,0,1393696,21820
9/28/2021,Ohio,11613423,7283,125,1400979,21945
9/29/2021,Ohio,11613423,6463,0,1407442,21945
9/30/2021,Ohio,11613423,6530,0,1413972,21945
10/1/2021,Ohio,11613423,6234,328,1420206,22273
10/2/2021,Ohio,11613423,6094,0,1426300,22273
10/3/2021,Ohio,11613423,3445,0,1429745,22273
10/4/2021,Ohio,11613423,4212,0,1433957,22273
10/5/2021,Ohio,11613423,5533,217,1439490,22490
10/6/2021,Ohio,11613423,6296,0,1445786,22490
10/7/2021,Ohio,11613423,6310,0,1452096,22490
10/8/2021,Ohio,11613423,6651,329,1458747,22819
10/9/2021,Ohio,11613423,3185,0,1461932,22819
10/10/2021,Ohio,11613423,5399,0,1467331,22819
10/11/2021,Ohio,11613423,2936,0,1470267,22819
10/12/2021,Ohio,11613423,4456,202,1474723,23021
10/13/2021,Ohio,11613423,5648,0,1480371,23021
10/14/2021,Ohio,11613423,5143,0,1485514,23021
10/15/2021,Ohio,11613423,4937,306,1490451,23327
10/16/2021,Ohio,11613423,3709,0,1494160,23327
10/17/2021,Ohio,11613423,2515,0,1496675,23327
10/18/2021,Ohio,11613423,2810,0,1499485,23327
10/19/2021,Ohio,11613423,3617,289,1503102,23616
10/20/2021,Ohio,11613423,4574,0,1507676,23616
10/21/2021,Ohio,11613423,4084,0,1511760,23616
10/22/2021,Ohio,11613423,4078,339,1515838,23955
10/23/2021,Ohio,11613423,3466,0,1519304,23955
10/24/2021,Ohio,11613423,2540,0,1521844,23955
10/25/2021,Ohio,11613423,2325,0,1524169,23955
10/26/2021,Ohio,11613423,3807,209,1527976,24164
10/27/2021,Ohio,11613423,3839,0,1531815,24164
10/28/2021,Ohio,11613423,4190,0,1536005,24164
10/29/2021,Ohio,11613423,3485,363,1539490,24527
10/30/2021,Ohio,11613423,3421,0,1542911,24527
10/31/2021,Ohio,11613423,2416,0,1545327,24527
11/1/2021,Ohio,11613423,2461,0,1547788,24527
11/2/2021,Ohio,11613423,3917,236,1551705,24763
11/3/2021,Ohio,11613423,4503,0,1556208,24763
11/4/2021,Ohio,11613423,4487,0,1560695,24763
11/5/2021,Ohio,11613423,4348,304,1565043,25067
11/6/2021,Ohio,11613423,2791,0,1567834,25067
11/7/2021,Ohio,11613423,4363,0,1572197,25067
11/8/2021,Ohio,11613423,3122,0,1575319,25067
11/9/2021,Ohio,11613423,4952,215,1580271,25282
11/10/2021,Ohio,11613423,5527,0,1585798,25282
11/11/2021,Ohio,11613423,4994,0,1590792,25282
11/12/2021,Ohio,11613423,5379,361,1596171,25643
11/13/2021,Ohio,11613423,4689,0,1600860,25643
11/14/2021,Ohio,11613423,3628,0,1604488,25643
11/15/2021,Ohio,11613423,3927,0,1608415,25643
11/16/2021,Ohio,11613423,5639,170,1614054,25813
11/17/2021,Ohio,11613423,6382,0,1620436,25813
11/18/2021,Ohio,11613423,6615,0,1627051,25813
11/19/2021,Ohio,11613423,6429,250,1633480,26063
11/20/2021,Ohio,11613423,5590,0,1639070,26063
11/21/2021,Ohio,11613423,3797,0,1642867,26063
11/22/2021,Ohio,11613423,4370,0,1647237,26063
11/23/2021,Ohio,11613423,6143,127,1653380,26190
11/24/2021,Ohio,11613423,6751,0,1660131,26190
11/25/2021,Ohio,11613423,0,0,1660131,26190
11/26/2021,Ohio,11613423,9143,293,1669274,26483
11/27/2021,Ohio,11613423,4222,0,1673496,26483
11/28/2021,Ohio,11613423,4245,0,1677741,26483
11/29/2021,Ohio,11613423,5731,0,1683472,26483
11/30/2021,Ohio,11613423,6745,104,1690217,26587
12/1/2021,Ohio,11613423,8944,0,1699161,26587
12/2/2021,Ohio,11613423,9131,0,1708292,26587
12/3/2021,Ohio,11613423,9584,264,1717876,26851
12/4/2021,Ohio,11613423,7793,0,1725669,26851
12/5/2021,Ohio,11613423,5334,0,1731003,26851
12/6/2021,Ohio,11613423,4922,0,1735925,26851
12/7/2021,Ohio,11613423,7876,160,1743801,27011
12/8/2021,Ohio,11613423,8707,0,1752508,27011
12/9/2021,Ohio,11613423,8500,0,1761008,27011
12/10/2021,Ohio,11613423,7359,360,1768367,27371
12/11/2021,Ohio,11613423,8072,0,1776439,27371
12/12/2021,Ohio,11613423,4972,0,1781411,27371
12/13/2021,Ohio,11613423,5618,0,1787029,27371
12/14/2021,Ohio,11613423,9922,223,1796951,27594
12/15/2021,Ohio,11613423,10588,0,1807539,27594
12/16/2021,Ohio,11613423,11803,0,1819342,27594
12/17/2021,Ohio,11613423,10025,434,1829367,28028
12/18/2021,Ohio,11613423,10134,0,1839501,28028
12/19/2021,Ohio,11613423,7639,0,1847140,28028
12/20/2021,Ohio,11613423,8082,0,1855222,28028
12/21/2021,Ohio,11613423,12502,249,1867724,28277
12/22/2021,Ohio,11613423,12864,0,1880588,28277
12/23/2021,Ohio,11613423,15989,0,1896577,28277
12/24/2021,Ohio,11613423,14414,443,1910991,28720
12/25/2021,Ohio,11613423,0,0,1910991,28720
12/26/2021,Ohio,11613423,20917,0,1931908,28720
12/27/2021,Ohio,11613423,8092,0,1940000,28720
12/28/2021,Ohio,11613423,15403,60,1955403,28780
12/29/2021,Ohio,11613423,20320,0,1975723,28780
12/30/2021,Ohio,11613423,19774,0,1995497,28780
12/31/2021,Ohio,11613423,20598,667,2016095,29447
1/1/2022,Ohio,11613423,0,0,2016095,29447
1/2/2022,Ohio,11613423,37626,0,2053721,29447
1/3/2022,Ohio,11613423,18942,0,2072663,29447
1/4/2022,Ohio,11613423,20411,227,2093074,29674
1/5/2022,Ohio,11613423,19750,0,2112824,29674
1/6/2022,Ohio,11613423,19442,0,2132266,29674
1/7/2022,Ohio,11613423,19563,398,2151829,30072
1/8/2022,Ohio,11613423,18310,0,2170139,30072
1/9/2022,Ohio,11613423,19089,0,2189228,30072
1/10/2022,Ohio,11613423,18042,0,2207270,30072
1/11/2022,Ohio,11613423,19611,363,2226881,30435
1/12/2022,Ohio,11613423,20093,0,2246974,30435
1/13/2022,Ohio,11613423,19262,0,2266236,30435
1/14/2022,Ohio,11613423,41455,487,2307691,30922
1/15/2022,Ohio,11613423,50299,0,2357990,30922
1/16/2022,Ohio,11613423,26117,0,2384107,30922
1/17/2022,Ohio,11613423,19538,0,2403645,30922
1/18/2022,Ohio,11613423,15147,323,2418792,31245
1/19/2022,Ohio,11613423,20413,0,2439205,31245
1/20/2022,Ohio,11613423,21664,0,2460869,31245
1/21/2022,Ohio,11613423,19697,742,2480566,31987
1/22/2022,Ohio,11613423,15677,0,2496243,31987
1/23/2022,Ohio,11613423,9932,0,2506175,31987
1/24/2022,Ohio,11613423,9774,0,2515949,31987
1/25/2022,Ohio,11613423,4163,502,2520112,32489
1/26/2022,Ohio,11613423,20752,0,2540864,32489
1/27/2022,Ohio,11613423,12108,0,2552972,32489
1/28/2022,Ohio,11613423,9440,582,2562412,33071
1/29/2022,Ohio,11613423,8609,0,2571021,33071
1/30/2022,Ohio,11613423,5224,0,2576245,33071
1/31/2022,Ohio,11613423,4160,0,2580405,33071
2/1/2022,Ohio,11613423,6498,466,2586903,33537
2/2/2022,Ohio,11613423,8601,0,2595504,33537
2/3/2022,Ohio,11613423,5737,0,2601241,33537
2/4/2022,Ohio,11613423,4004,680,2605245,34217
2/5/2022,Ohio,11613423,2810,0,2608055,34217
2/6/2022,Ohio,11613423,2070,0,2610125,34217
2/7/2022,Ohio,11613423,2594,0,2612719,34217
2/8/2022,Ohio,11613423,4385,375,2617104,34592
7/1/2021,Oklahoma,3911338,299,0,458150,7388
7/2/2021,Oklahoma,3911338,333,0,458483,7388
7/3/2021,Oklahoma,3911338,0,0,458483,7388
7/4/2021,Oklahoma,3911338,0,0,458483,7388
7/5/2021,Oklahoma,3911338,0,0,458483,7388
7/6/2021,Oklahoma,3911338,1041,0,459524,7388
7/7/2021,Oklahoma,3911338,151,18,459675,7406
7/8/2021,Oklahoma,3911338,456,0,460131,7406
7/9/2021,Oklahoma,3911338,551,0,460682,7406
7/10/2021,Oklahoma,3911338,0,0,460682,7406
7/11/2021,Oklahoma,3911338,0,0,460682,7406
7/12/2021,Oklahoma,3911338,1211,0,461893,7406
7/13/2021,Oklahoma,3911338,177,0,462070,7406
7/14/2021,Oklahoma,3911338,1082,11,463152,7417
7/15/2021,Oklahoma,3911338,705,0,463857,7417
7/16/2021,Oklahoma,3911338,750,0,464607,7417
7/17/2021,Oklahoma,3911338,0,0,464607,7417
7/18/2021,Oklahoma,3911338,0,0,464607,7417
7/19/2021,Oklahoma,3911338,2126,0,466733,7417
7/20/2021,Oklahoma,3911338,465,0,467198,7417
7/21/2021,Oklahoma,3911338,1203,37,468401,7454
7/22/2021,Oklahoma,3911338,1581,0,469982,7454
7/23/2021,Oklahoma,3911338,1194,0,471176,7454
7/24/2021,Oklahoma,3911338,0,0,471176,7454
7/25/2021,Oklahoma,3911338,0,0,471176,7454
7/26/2021,Oklahoma,3911338,3669,0,474845,7454
7/27/2021,Oklahoma,3911338,733,0,475578,7454
7/28/2021,Oklahoma,3911338,1474,31,477052,7485
7/29/2021,Oklahoma,3911338,1806,0,478858,7485
7/30/2021,Oklahoma,3911338,1777,0,480635,7485
7/31/2021,Oklahoma,3911338,0,0,480635,7485
8/1/2021,Oklahoma,3911338,0,0,480635,7485
8/2/2021,Oklahoma,3911338,5597,0,486232,7485
8/3/2021,Oklahoma,3911338,946,0,487178,7485
8/4/2021,Oklahoma,3911338,2160,46,489338,7531
8/5/2021,Oklahoma,3911338,2342,0,491680,7531
8/6/2021,Oklahoma,3911338,2303,0,493983,7531
8/7/2021,Oklahoma,3911338,0,0,493983,7531
8/8/2021,Oklahoma,3911338,0,0,493983,7531
8/9/2021,Oklahoma,3911338,6328,0,500311,7531
8/10/2021,Oklahoma,3911338,1042,0,501353,7531
8/11/2021,Oklahoma,3911338,2199,63,503552,7594
8/12/2021,Oklahoma,3911338,2468,0,506020,7594
8/13/2021,Oklahoma,3911338,2814,0,508834,7594
8/14/2021,Oklahoma,3911338,0,0,508834,7594
8/15/2021,Oklahoma,3911338,0,0,508834,7594
8/16/2021,Oklahoma,3911338,6967,0,515801,7594
8/17/2021,Oklahoma,3911338,862,0,516663,7594
8/18/2021,Oklahoma,3911338,2360,82,519023,7676
8/19/2021,Oklahoma,3911338,2502,0,521525,7676
8/20/2021,Oklahoma,3911338,2851,0,524376,7676
8/21/2021,Oklahoma,3911338,0,0,524376,7676
8/22/2021,Oklahoma,3911338,0,0,524376,7676
8/23/2021,Oklahoma,3911338,6218,0,530594,7676
8/24/2021,Oklahoma,3911338,1794,0,532388,7676
8/25/2021,Oklahoma,3911338,2534,136,534922,7812
8/26/2021,Oklahoma,3911338,4152,0,539074,7812
8/27/2021,Oklahoma,3911338,3338,0,542412,7812
8/28/2021,Oklahoma,3911338,0,0,542412,7812
8/29/2021,Oklahoma,3911338,0,0,542412,7812
8/30/2021,Oklahoma,3911338,7827,0,550239,7812
8/31/2021,Oklahoma,3911338,1719,0,551958,7812
9/1/2021,Oklahoma,3911338,2538,189,554496,8001
9/2/2021,Oklahoma,3911338,3274,0,557770,8001
9/3/2021,Oklahoma,3911338,3080,0,560850,8001
9/4/2021,Oklahoma,3911338,0,0,560850,8001
9/5/2021,Oklahoma,3911338,0,0,560850,8001
9/6/2021,Oklahoma,3911338,0,0,560850,8001
9/7/2021,Oklahoma,3911338,10073,0,570923,8001
9/8/2021,Oklahoma,3911338,1300,207,572223,8208
9/9/2021,Oklahoma,3911338,2462,0,574685,8208
9/10/2021,Oklahoma,3911338,2627,0,577312,8208
9/11/2021,Oklahoma,3911338,0,0,577312,8208
9/12/2021,Oklahoma,3911338,0,0,577312,8208
9/13/2021,Oklahoma,3911338,7380,0,584692,8208
9/14/2021,Oklahoma,3911338,1029,1,585721,8209
9/15/2021,Oklahoma,3911338,1966,231,587687,8440
9/16/2021,Oklahoma,3911338,2263,0,589950,8440
9/17/2021,Oklahoma,3911338,2124,0,592074,8440
9/18/2021,Oklahoma,3911338,0,0,592074,8440
9/19/2021,Oklahoma,3911338,0,0,592074,8440
9/20/2021,Oklahoma,3911338,5998,0,598072,8440
9/21/2021,Oklahoma,3911338,484,-1,598556,8439
9/22/2021,Oklahoma,3911338,2244,276,600800,8715
9/23/2021,Oklahoma,3911338,2361,0,603161,8715
9/24/2021,Oklahoma,3911338,1230,0,604391,8715
9/25/2021,Oklahoma,3911338,0,0,604391,8715
9/26/2021,Oklahoma,3911338,0,0,604391,8715
9/27/2021,Oklahoma,3911338,5346,0,609737,8715
9/28/2021,Oklahoma,3911338,648,0,610385,8715
9/29/2021,Oklahoma,3911338,1500,234,611885,8949
9/30/2021,Oklahoma,3911338,1880,0,613765,8949
10/1/2021,Oklahoma,3911338,1452,0,615217,8949
10/2/2021,Oklahoma,3911338,0,0,615217,8949
10/3/2021,Oklahoma,3911338,0,0,615217,8949
10/4/2021,Oklahoma,3911338,3839,0,619056,8949
10/5/2021,Oklahoma,3911338,682,0,619738,8949
10/6/2021,Oklahoma,3911338,1096,264,620834,9213
10/7/2021,Oklahoma,3911338,1501,0,622335,9213
10/8/2021,Oklahoma,3911338,445,0,622780,9213
10/9/2021,Oklahoma,3911338,0,0,622780,9213
10/10/2021,Oklahoma,3911338,0,0,622780,9213
10/11/2021,Oklahoma,3911338,4889,0,627669,9213
10/12/2021,Oklahoma,3911338,625,0,628294,9213
10/13/2021,Oklahoma,3911338,1218,189,629512,9402
10/14/2021,Oklahoma,3911338,1181,0,630693,9402
10/15/2021,Oklahoma,3911338,1179,0,631872,9402
10/16/2021,Oklahoma,3911338,0,0,631872,9402
10/17/2021,Oklahoma,3911338,0,0,631872,9402
10/18/2021,Oklahoma,3911338,3571,0,635443,9402
10/19/2021,Oklahoma,3911338,422,7,635865,9409
10/20/2021,Oklahoma,3911338,895,1131,636760,10540
10/21/2021,Oklahoma,3911338,1148,0,637908,10540
10/22/2021,Oklahoma,3911338,1049,0,638957,10540
10/23/2021,Oklahoma,3911338,0,0,638957,10540
10/24/2021,Oklahoma,3911338,0,0,638957,10540
10/25/2021,Oklahoma,3911338,763,0,639720,10540
10/26/2021,Oklahoma,3911338,1777,0,641497,10540
10/27/2021,Oklahoma,3911338,865,170,642362,10710
10/28/2021,Oklahoma,3911338,696,0,643058,10710
10/29/2021,Oklahoma,3911338,920,0,643978,10710
10/30/2021,Oklahoma,3911338,0,0,643978,10710
10/31/2021,Oklahoma,3911338,0,0,643978,10710
11/1/2021,Oklahoma,3911338,1374,0,645352,10710
11/2/2021,Oklahoma,3911338,780,0,646132,10710
11/3/2021,Oklahoma,3911338,631,169,646763,10879
11/4/2021,Oklahoma,3911338,870,0,647633,10879
11/5/2021,Oklahoma,3911338,576,0,648209,10879
11/6/2021,Oklahoma,3911338,0,0,648209,10879
11/7/2021,Oklahoma,3911338,0,0,648209,10879
11/8/2021,Oklahoma,3911338,1795,0,650004,10879
11/9/2021,Oklahoma,3911338,265,0,650269,10879
11/10/2021,Oklahoma,3911338,420,0,650689,10879
11/11/2021,Oklahoma,3911338,0,0,650689,10879
11/12/2021,Oklahoma,3911338,2042,0,652731,10879
11/13/2021,Oklahoma,3911338,0,0,652731,10879
11/14/2021,Oklahoma,3911338,0,0,652731,10879
11/15/2021,Oklahoma,3911338,2781,0,655512,10879
11/16/2021,Oklahoma,3911338,345,0,655857,10879
11/17/2021,Oklahoma,3911338,717,0,656574,10879
11/18/2021,Oklahoma,3911338,1056,0,657630,10879
11/19/2021,Oklahoma,3911338,970,0,658600,10879
11/20/2021,Oklahoma,3911338,0,0,658600,10879
11/21/2021,Oklahoma,3911338,0,0,658600,10879
11/22/2021,Oklahoma,3911338,2689,0,661289,10879
11/23/2021,Oklahoma,3911338,386,0,661675,10879
11/24/2021,Oklahoma,3911338,545,0,662220,10879
11/25/2021,Oklahoma,3911338,0,0,662220,10879
11/26/2021,Oklahoma,3911338,0,0,662220,10879
11/27/2021,Oklahoma,3911338,0,0,662220,10879
11/28/2021,Oklahoma,3911338,0,0,662220,10879
11/29/2021,Oklahoma,3911338,3820,0,666040,10879
11/30/2021,Oklahoma,3911338,887,0,666927,10879
12/1/2021,Oklahoma,3911338,585,0,667512,10879
12/2/2021,Oklahoma,3911338,1620,0,669132,10879
12/3/2021,Oklahoma,3911338,1288,390,670420,11269
12/4/2021,Oklahoma,3911338,0,0,670420,11269
12/5/2021,Oklahoma,3911338,0,0,670420,11269
12/6/2021,Oklahoma,3911338,4338,0,674758,11269
12/7/2021,Oklahoma,3911338,975,0,675733,11269
12/8/2021,Oklahoma,3911338,1157,115,676890,11384
12/9/2021,Oklahoma,3911338,1453,0,678343,11384
12/10/2021,Oklahoma,3911338,3003,0,681346,11384
12/11/2021,Oklahoma,3911338,0,0,681346,11384
12/12/2021,Oklahoma,3911338,0,0,681346,11384
12/13/2021,Oklahoma,3911338,2373,0,683719,11384
12/14/2021,Oklahoma,3911338,621,0,684340,11384
12/15/2021,Oklahoma,3911338,239,51,684579,11435
12/16/2021,Oklahoma,3911338,0,0,684579,11435
12/17/2021,Oklahoma,3911338,1327,0,685906,11435
12/18/2021,Oklahoma,3911338,0,0,685906,11435
12/19/2021,Oklahoma,3911338,0,0,685906,11435
12/20/2021,Oklahoma,3911338,3330,0,689236,11435
12/21/2021,Oklahoma,3911338,564,0,689800,11435
12/22/2021,Oklahoma,3911338,1482,68,691282,11503
12/23/2021,Oklahoma,3911338,1917,0,693199,11503
12/24/2021,Oklahoma,3911338,1011,0,694210,11503
12/25/2021,Oklahoma,3911338,0,0,694210,11503
12/26/2021,Oklahoma,3911338,0,0,694210,11503
12/27/2021,Oklahoma,3911338,3380,0,697590,11503
12/28/2021,Oklahoma,3911338,2443,0,700033,11503
12/29/2021,Oklahoma,3911338,765,49,700798,11552
12/30/2021,Oklahoma,3911338,4166,0,704964,11552
12/31/2021,Oklahoma,3911338,3974,0,708938,11552
1/1/2022,Oklahoma,3911338,0,0,708938,11552
1/2/2022,Oklahoma,3911338,0,0,708938,11552
1/3/2022,Oklahoma,3911338,7913,0,716851,11552
1/4/2022,Oklahoma,3911338,4110,0,720961,11552
1/5/2022,Oklahoma,3911338,3914,95,724875,11647
1/6/2022,Oklahoma,3911338,6280,0,731155,11647
1/7/2022,Oklahoma,3911338,6438,0,737593,11647
1/8/2022,Oklahoma,3911338,0,0,737593,11647
1/9/2022,Oklahoma,3911338,0,0,737593,11647
1/10/2022,Oklahoma,3911338,27058,0,764651,11647
1/11/2022,Oklahoma,3911338,5011,0,769662,11647
1/12/2022,Oklahoma,3911338,5507,94,775169,11741
1/13/2022,Oklahoma,3911338,10502,0,785671,11741
1/14/2022,Oklahoma,3911338,11315,0,796986,11741
1/15/2022,Oklahoma,3911338,0,0,796986,11741
1/16/2022,Oklahoma,3911338,0,0,796986,11741
1/17/2022,Oklahoma,3911338,42157,0,839143,11741
1/18/2022,Oklahoma,3911338,3853,0,842996,11741
1/19/2022,Oklahoma,3911338,10001,132,852997,11873
1/20/2022,Oklahoma,3911338,13406,0,866403,11873
1/21/2022,Oklahoma,3911338,13939,0,880342,11873
1/22/2022,Oklahoma,3911338,13571,0,893913,11873
1/23/2022,Oklahoma,3911338,0,0,893913,11873
1/24/2022,Oklahoma,3911338,20150,0,914063,11873
1/25/2022,Oklahoma,3911338,8810,0,922873,11873
1/26/2022,Oklahoma,3911338,8160,171,931033,12044
1/27/2022,Oklahoma,3911338,13428,0,944461,12044
1/28/2022,Oklahoma,3911338,8655,0,953116,12044
1/29/2022,Oklahoma,3911338,0,0,953116,12044
1/30/2022,Oklahoma,3911338,0,0,953116,12044
1/31/2022,Oklahoma,3911338,23798,0,976914,12044
2/1/2022,Oklahoma,3911338,2435,0,979349,12044
2/2/2022,Oklahoma,3911338,4588,149,983937,12193
2/3/2022,Oklahoma,3911338,4253,0,988190,12193
2/4/2022,Oklahoma,3911338,4742,0,992932,12193
2/5/2022,Oklahoma,3911338,2614,0,995546,12193
2/6/2022,Oklahoma,3911338,0,0,995546,12193
2/7/2022,Oklahoma,3911338,2237,0,997783,12193
2/8/2022,Oklahoma,3911338,986,0,998769,12193
7/1/2021,Oregon,4028977,220,5,208900,2808
7/2/2021,Oregon,4028977,182,3,209082,2811
7/3/2021,Oregon,4028977,0,0,209082,2811
7/4/2021,Oregon,4028977,0,0,209082,2811
7/5/2021,Oregon,4028977,0,0,209082,2811
7/6/2021,Oregon,4028977,479,1,209561,2812
7/7/2021,Oregon,4028977,239,6,209800,2818
7/8/2021,Oregon,4028977,242,1,210042,2819
7/9/2021,Oregon,4028977,245,3,210287,2822
7/10/2021,Oregon,4028977,0,0,210287,2822
7/11/2021,Oregon,4028977,0,0,210287,2822
7/12/2021,Oregon,4028977,507,4,210794,2826
7/13/2021,Oregon,4028977,318,3,211112,2829
7/14/2021,Oregon,4028977,245,1,211357,2830
7/15/2021,Oregon,4028977,297,7,211654,2837
7/16/2021,Oregon,4028977,376,11,212030,2848
7/17/2021,Oregon,4028977,0,0,212030,2848
7/18/2021,Oregon,4028977,0,0,212030,2848
7/19/2021,Oregon,4028977,725,9,212755,2857
7/20/2021,Oregon,4028977,584,6,213339,2863
7/21/2021,Oregon,4028977,391,1,213730,2864
7/22/2021,Oregon,4028977,533,1,214263,2865
7/23/2021,Oregon,4028977,606,2,214869,2867
7/24/2021,Oregon,4028977,0,0,214869,2867
7/25/2021,Oregon,4028977,0,0,214869,2867
7/26/2021,Oregon,4028977,984,0,215853,2867
7/27/2021,Oregon,4028977,1022,5,216875,2872
7/28/2021,Oregon,4028977,815,6,217690,2878
7/29/2021,Oregon,4028977,999,6,218689,2884
7/30/2021,Oregon,4028977,1067,2,219756,2886
7/31/2021,Oregon,4028977,-1,0,219755,2886
8/1/2021,Oregon,4028977,0,0,219755,2886
8/2/2021,Oregon,4028977,2044,4,221799,2890
8/3/2021,Oregon,4028977,1565,9,223364,2899
8/4/2021,Oregon,4028977,1183,5,224547,2904
8/5/2021,Oregon,4028977,1372,8,225919,2912
8/6/2021,Oregon,4028977,980,3,226899,2915
8/7/2021,Oregon,4028977,0,0,226899,2915
8/8/2021,Oregon,4028977,0,0,226899,2915
8/9/2021,Oregon,4028977,3204,14,230103,2929
8/10/2021,Oregon,4028977,2333,8,232436,2937
8/11/2021,Oregon,4028977,1957,7,234393,2944
8/12/2021,Oregon,4028977,2305,8,236698,2952
8/13/2021,Oregon,4028977,1765,6,238463,2958
8/14/2021,Oregon,4028977,0,0,238463,2958
8/15/2021,Oregon,4028977,0,0,238463,2958
8/16/2021,Oregon,4028977,4380,13,242843,2971
8/17/2021,Oregon,4028977,2915,15,245758,2986
8/18/2021,Oregon,4028977,2108,11,247866,2997
8/19/2021,Oregon,4028977,2969,19,250835,3016
8/20/2021,Oregon,4028977,2142,17,252977,3033
8/21/2021,Oregon,4028977,0,0,252977,3033
8/22/2021,Oregon,4028977,0,0,252977,3033
8/23/2021,Oregon,4028977,4667,23,257644,3056
8/24/2021,Oregon,4028977,2781,29,260425,3085
8/25/2021,Oregon,4028977,2739,18,263164,3103
8/26/2021,Oregon,4028977,2046,9,265210,3112
8/27/2021,Oregon,4028977,3191,18,268401,3130
8/28/2021,Oregon,4028977,0,0,268401,3130
8/29/2021,Oregon,4028977,0,0,268401,3130
8/30/2021,Oregon,4028977,5495,40,273896,3170
8/31/2021,Oregon,4028977,2391,41,276287,3211
9/1/2021,Oregon,4028977,2800,22,279087,3233
9/2/2021,Oregon,4028977,2426,24,281513,3257
9/3/2021,Oregon,4028977,2360,24,283873,3281
9/4/2021,Oregon,4028977,0,0,283873,3281
9/5/2021,Oregon,4028977,0,0,283873,3281
9/6/2021,Oregon,4028977,0,0,283873,3281
9/7/2021,Oregon,4028977,5776,54,289649,3335
9/8/2021,Oregon,4028977,2329,47,291978,3382
9/9/2021,Oregon,4028977,2414,20,294392,3402
9/10/2021,Oregon,4028977,2433,17,296825,3419
9/11/2021,Oregon,4028977,0,0,296825,3419
9/12/2021,Oregon,4028977,0,0,296825,3419
9/13/2021,Oregon,4028977,4679,32,301504,3451
9/14/2021,Oregon,4028977,2028,44,303532,3495
9/15/2021,Oregon,4028977,2028,43,305560,3538
9/16/2021,Oregon,4028977,2208,10,307768,3548
9/17/2021,Oregon,4028977,2073,21,309841,3569
9/18/2021,Oregon,4028977,0,0,309841,3569
9/19/2021,Oregon,4028977,0,0,309841,3569
9/20/2021,Oregon,4028977,3320,25,313161,3594
9/21/2021,Oregon,4028977,1680,30,314841,3624
9/22/2021,Oregon,4028977,2266,25,317107,3649
9/23/2021,Oregon,4028977,1808,12,318915,3661
9/24/2021,Oregon,4028977,2075,21,320990,3682
9/25/2021,Oregon,4028977,0,0,320990,3682
9/26/2021,Oregon,4028977,0,0,320990,3682
9/27/2021,Oregon,4028977,3581,27,324571,3709
9/28/2021,Oregon,4028977,1620,41,326191,3750
9/29/2021,Oregon,4028977,1993,21,328184,3771
9/30/2021,Oregon,4028977,1870,20,330054,3791
10/1/2021,Oregon,4028977,1655,24,331709,3815
10/2/2021,Oregon,4028977,0,0,331709,3815
10/3/2021,Oregon,4028977,0,0,331709,3815
10/4/2021,Oregon,4028977,3262,8,334971,3823
10/5/2021,Oregon,4028977,1627,44,336598,3867
10/6/2021,Oregon,4028977,1532,33,338130,3900
10/7/2021,Oregon,4028977,1426,59,339556,3959
10/8/2021,Oregon,4028977,1557,23,341113,3982
10/9/2021,Oregon,4028977,0,0,341113,3982
10/10/2021,Oregon,4028977,0,0,341113,3982
10/11/2021,Oregon,4028977,2880,20,343993,4002
10/12/2021,Oregon,4028977,1351,82,345344,4084
10/13/2021,Oregon,4028977,1136,33,346480,4117
10/14/2021,Oregon,4028977,1136,24,347616,4141
10/15/2021,Oregon,4028977,1150,20,348766,4161
10/16/2021,Oregon,4028977,0,0,348766,4161
10/17/2021,Oregon,4028977,0,0,348766,4161
10/18/2021,Oregon,4028977,3260,24,352026,4185
10/19/2021,Oregon,4028977,1342,41,353368,4226
10/20/2021,Oregon,4028977,1313,9,354681,4235
10/21/2021,Oregon,4028977,1380,40,356061,4275
10/22/2021,Oregon,4028977,1465,9,357526,4284
10/23/2021,Oregon,4028977,0,0,357526,4284
10/24/2021,Oregon,4028977,0,0,357526,4284
10/25/2021,Oregon,4028977,2207,11,359733,4295
10/26/2021,Oregon,4028977,1507,23,361240,4318
10/27/2021,Oregon,4028977,1321,16,362561,4334
10/28/2021,Oregon,4028977,1087,24,363648,4358
10/29/2021,Oregon,4028977,1405,14,365053,4372
10/30/2021,Oregon,4028977,0,0,365053,4372
10/31/2021,Oregon,4028977,0,0,365053,4372
11/1/2021,Oregon,4028977,2557,5,367610,4377
11/2/2021,Oregon,4028977,1086,28,368696,4405
11/3/2021,Oregon,4028977,1119,64,369815,4469
11/4/2021,Oregon,4028977,1186,74,371001,4543
11/5/2021,Oregon,4028977,1136,19,372137,4562
11/6/2021,Oregon,4028977,0,0,372137,4562
11/7/2021,Oregon,4028977,0,0,372137,4562
11/8/2021,Oregon,4028977,2116,58,374253,4620
11/9/2021,Oregon,4028977,1104,35,375357,4655
11/10/2021,Oregon,4028977,1015,75,376372,4730
11/11/2021,Oregon,4028977,0,0,376372,4730
11/12/2021,Oregon,4028977,1802,20,378174,4750
11/13/2021,Oregon,4028977,0,0,378174,4750
11/14/2021,Oregon,4028977,0,0,378174,4750
11/15/2021,Oregon,4028977,1917,53,380091,4803
11/16/2021,Oregon,4028977,775,52,380866,4855
11/17/2021,Oregon,4028977,976,18,381842,4873
11/18/2021,Oregon,4028977,1148,13,382990,4886
11/19/2021,Oregon,4028977,1072,28,384062,4914
11/20/2021,Oregon,4028977,0,0,384062,4914
11/21/2021,Oregon,4028977,0,0,384062,4914
11/22/2021,Oregon,4028977,1728,103,385790,5017
11/23/2021,Oregon,4028977,844,49,386634,5066
11/24/2021,Oregon,4028977,851,50,387485,5116
11/25/2021,Oregon,4028977,0,0,387485,5116
11/26/2021,Oregon,4028977,0,0,387485,5116
11/27/2021,Oregon,4028977,0,0,387485,5116
11/28/2021,Oregon,4028977,0,0,387485,5116
11/29/2021,Oregon,4028977,2581,26,390066,5142
11/30/2021,Oregon,4028977,1033,19,391099,5161
12/1/2021,Oregon,4028977,1098,25,392197,5186
12/2/2021,Oregon,4028977,1035,42,393232,5228
12/3/2021,Oregon,4028977,1337,15,394569,5243
12/4/2021,Oregon,4028977,0,0,394569,5243
12/5/2021,Oregon,4028977,0,0,394569,5243
12/6/2021,Oregon,4028977,1932,25,396501,5268
12/7/2021,Oregon,4028977,920,31,397421,5299
12/8/2021,Oregon,4028977,841,19,398262,5318
12/9/2021,Oregon,4028977,1099,38,399361,5356
12/10/2021,Oregon,4028977,827,25,400188,5381
12/11/2021,Oregon,4028977,0,0,400188,5381
12/12/2021,Oregon,4028977,0,0,400188,5381
12/13/2021,Oregon,4028977,1376,39,401564,5420
12/14/2021,Oregon,4028977,872,49,402436,5469
12/15/2021,Oregon,4028977,893,39,403329,5508
12/16/2021,Oregon,4028977,900,19,404229,5527
12/17/2021,Oregon,4028977,1063,4,405292,5531
12/18/2021,Oregon,4028977,0,0,405292,5531
12/19/2021,Oregon,4028977,0,0,405292,5531
12/20/2021,Oregon,4028977,1861,3,407153,5534
12/21/2021,Oregon,4028977,916,25,408069,5559
12/22/2021,Oregon,4028977,1163,31,409232,5590
12/23/2021,Oregon,4028977,1333,8,410565,5598
12/24/2021,Oregon,4028977,0,0,410565,5598
12/25/2021,Oregon,4028977,0,0,410565,5598
12/26/2021,Oregon,4028977,0,0,410565,5598
12/27/2021,Oregon,4028977,3575,25,414140,5623
12/28/2021,Oregon,4028977,1880,8,416020,5631
12/29/2021,Oregon,4028977,2313,9,418333,5640
12/30/2021,Oregon,4028977,2930,15,421263,5655
12/31/2021,Oregon,4028977,0,0,421263,5655
1/1/2022,Oregon,4028977,0,0,421263,5655
1/2/2022,Oregon,4028977,0,0,421263,5655
1/3/2022,Oregon,4028977,9668,11,430931,5666
1/4/2022,Oregon,4028977,4522,44,435453,5710
1/5/2022,Oregon,4028977,6195,9,441648,5719
1/6/2022,Oregon,4028977,7619,9,449267,5728
1/7/2022,Oregon,4028977,10433,33,459700,5761
1/8/2022,Oregon,4028977,0,0,459700,5761
1/9/2022,Oregon,4028977,0,0,459700,5761
1/10/2022,Oregon,4028977,18503,18,478203,5779
1/11/2022,Oregon,4028977,7999,35,486202,5814
1/12/2022,Oregon,4028977,8743,31,494945,5845
1/13/2022,Oregon,4028977,9786,25,504731,5870
1/14/2022,Oregon,4028977,8660,13,513391,5883
1/15/2022,Oregon,4028977,0,0,513391,5883
1/16/2022,Oregon,4028977,0,0,513391,5883
1/17/2022,Oregon,4028977,0,0,513391,5883
1/18/2022,Oregon,4028977,28024,9,541415,5892
1/19/2022,Oregon,4028977,8527,16,549942,5908
1/20/2022,Oregon,4028977,10018,8,559960,5916
1/21/2022,Oregon,4028977,10932,20,570892,5936
1/22/2022,Oregon,4028977,0,0,570892,5936
1/23/2022,Oregon,4028977,0,0,570892,5936
1/24/2022,Oregon,4028977,19378,17,590270,5953
1/25/2022,Oregon,4028977,6902,41,597172,5994
1/26/2022,Oregon,4028977,8191,54,605363,6048
1/27/2022,Oregon,4028977,7858,19,613221,6067
1/28/2022,Oregon,4028977,7432,19,620653,6086
1/29/2022,Oregon,4028977,0,0,620653,6086
1/30/2022,Oregon,4028977,0,0,620653,6086
1/31/2022,Oregon,4028977,13223,14,633876,6100
2/1/2022,Oregon,4028977,4947,24,638823,6124
2/2/2022,Oregon,4028977,5150,39,643973,6163
2/3/2022,Oregon,4028977,5416,18,649389,6181
2/4/2022,Oregon,4028977,4954,33,654343,6214
2/5/2022,Oregon,4028977,0,0,654343,6214
2/6/2022,Oregon,4028977,0,0,654343,6214
2/7/2022,Oregon,4028977,7907,30,662250,6244
2/8/2022,Oregon,4028977,3236,21,665486,6265
7/1/2021,Pennsylvania,12802503,386,-41,1216965,27684
7/2/2021,Pennsylvania,12802503,150,8,1217115,27692
7/3/2021,Pennsylvania,12802503,167,10,1217282,27702
7/4/2021,Pennsylvania,12802503,111,2,1217393,27704
7/5/2021,Pennsylvania,12802503,99,0,1217492,27704
7/6/2021,Pennsylvania,12802503,75,1,1217567,27705
7/7/2021,Pennsylvania,12802503,140,10,1217707,27715
7/8/2021,Pennsylvania,12802503,390,11,1218097,27726
7/9/2021,Pennsylvania,12802503,194,8,1218291,27734
7/10/2021,Pennsylvania,12802503,209,8,1218500,27742
7/11/2021,Pennsylvania,12802503,149,4,1218649,27746
7/12/2021,Pennsylvania,12802503,237,1,1218886,27747
7/13/2021,Pennsylvania,12802503,275,9,1219161,27756
7/14/2021,Pennsylvania,12802503,244,13,1219405,27769
7/15/2021,Pennsylvania,12802503,317,10,1219722,27779
7/16/2021,Pennsylvania,12802503,338,7,1220060,27786
7/17/2021,Pennsylvania,12802503,325,4,1220385,27790
7/18/2021,Pennsylvania,12802503,285,2,1220670,27792
7/19/2021,Pennsylvania,12802503,680,3,1221350,27795
7/20/2021,Pennsylvania,12802503,486,10,1221836,27805
7/21/2021,Pennsylvania,12802503,475,8,1222311,27813
7/22/2021,Pennsylvania,12802503,715,6,1223026,27819
7/23/2021,Pennsylvania,12802503,450,1,1223476,27820
7/24/2021,Pennsylvania,12802503,583,3,1224059,27823
7/25/2021,Pennsylvania,12802503,382,4,1224441,27827
7/26/2021,Pennsylvania,12802503,886,0,1225327,27827
7/27/2021,Pennsylvania,12802503,830,4,1226157,27831
7/28/2021,Pennsylvania,12802503,563,7,1226720,27838
7/29/2021,Pennsylvania,12802503,1384,4,1228104,27842
7/30/2021,Pennsylvania,12802503,898,8,1229002,27850
7/31/2021,Pennsylvania,12802503,0,0,1229002,27850
8/1/2021,Pennsylvania,12802503,1822,5,1230824,27855
8/2/2021,Pennsylvania,12802503,1414,2,1232238,27857
8/3/2021,Pennsylvania,12802503,1223,11,1233461,27868
8/4/2021,Pennsylvania,12802503,1735,15,1235196,27883
8/5/2021,Pennsylvania,12802503,1691,7,1236887,27890
8/6/2021,Pennsylvania,12802503,1665,8,1238552,27898
8/7/2021,Pennsylvania,12802503,1520,4,1240072,27902
8/8/2021,Pennsylvania,12802503,0,0,1240072,27902
8/9/2021,Pennsylvania,12802503,2652,1,1242724,27903
8/10/2021,Pennsylvania,12802503,2029,11,1244753,27914
8/11/2021,Pennsylvania,12802503,1775,11,1246528,27925
8/12/2021,Pennsylvania,12802503,2259,16,1248787,27941
8/13/2021,Pennsylvania,12802503,2098,16,1250885,27957
8/14/2021,Pennsylvania,12802503,1927,9,1252812,27966
8/15/2021,Pennsylvania,12802503,1982,0,1254794,27966
8/16/2021,Pennsylvania,12802503,1895,0,1256689,27966
8/17/2021,Pennsylvania,12802503,2085,27,1258774,27993
8/18/2021,Pennsylvania,12802503,2386,25,1261160,28018
8/19/2021,Pennsylvania,12802503,3908,22,1265068,28040
8/20/2021,Pennsylvania,12802503,2544,19,1267612,28059
8/21/2021,Pennsylvania,12802503,2389,16,1270001,28075
8/22/2021,Pennsylvania,12802503,1899,1,1271900,28076
8/23/2021,Pennsylvania,12802503,2437,0,1274337,28076
8/24/2021,Pennsylvania,12802503,2768,22,1277105,28098
8/25/2021,Pennsylvania,12802503,4094,33,1281199,28131
8/26/2021,Pennsylvania,12802503,3333,27,1284532,28158
8/27/2021,Pennsylvania,12802503,3509,22,1288041,28180
8/28/2021,Pennsylvania,12802503,3790,28,1291831,28208
8/29/2021,Pennsylvania,12802503,2899,5,1294730,28213
8/30/2021,Pennsylvania,12802503,2389,1,1297119,28214
8/31/2021,Pennsylvania,12802503,3249,21,1300368,28235
9/1/2021,Pennsylvania,12802503,3331,0,1303699,28235
9/2/2021,Pennsylvania,12802503,4585,90,1308284,28325
9/3/2021,Pennsylvania,12802503,3438,27,1311722,28352
9/4/2021,Pennsylvania,12802503,4783,28,1316505,28380
9/5/2021,Pennsylvania,12802503,3176,15,1319681,28395
9/6/2021,Pennsylvania,12802503,2503,3,1322184,28398
9/7/2021,Pennsylvania,12802503,2536,10,1324720,28408
9/8/2021,Pennsylvania,12802503,4391,38,1329111,28446
9/9/2021,Pennsylvania,12802503,4197,52,1333308,28498
9/10/2021,Pennsylvania,12802503,5005,37,1338313,28535
9/11/2021,Pennsylvania,12802503,5131,31,1343444,28566
9/12/2021,Pennsylvania,12802503,4125,0,1347569,28566
9/13/2021,Pennsylvania,12802503,3150,2,1350719,28568
9/14/2021,Pennsylvania,12802503,3732,83,1354451,28651
9/15/2021,Pennsylvania,12802503,4812,45,1359263,28696
9/16/2021,Pennsylvania,12802503,5786,72,1365049,28768
9/17/2021,Pennsylvania,12802503,5198,44,1370247,28812
9/18/2021,Pennsylvania,12802503,5617,33,1375864,28845
9/19/2021,Pennsylvania,12802503,4500,17,1380364,28862
9/20/2021,Pennsylvania,12802503,2569,2,1382933,28864
9/21/2021,Pennsylvania,12802503,4939,68,1387872,28932
9/22/2021,Pennsylvania,12802503,4394,66,1392266,28998
9/23/2021,Pennsylvania,12802503,5489,32,1397755,29030
9/24/2021,Pennsylvania,12802503,5071,34,1402826,29064
9/25/2021,Pennsylvania,12802503,4966,64,1407792,29128
9/26/2021,Pennsylvania,12802503,4247,13,1412039,29141
9/27/2021,Pennsylvania,12802503,3010,10,1415049,29151
9/28/2021,Pennsylvania,12802503,5429,75,1420478,29226
9/29/2021,Pennsylvania,12802503,4570,97,1425048,29323
9/30/2021,Pennsylvania,12802503,4892,77,1429940,29400
10/1/2021,Pennsylvania,12802503,5352,37,1435292,29437
10/2/2021,Pennsylvania,12802503,3392,51,1438684,29488
10/3/2021,Pennsylvania,12802503,6289,31,1444973,29519
10/4/2021,Pennsylvania,12802503,4395,12,1449368,29531
10/5/2021,Pennsylvania,12802503,4019,80,1453387,29611
10/6/2021,Pennsylvania,12802503,5058,111,1458445,29722
10/7/2021,Pennsylvania,12802503,5819,92,1464264,29814
10/8/2021,Pennsylvania,12802503,5583,93,1469847,29907
10/9/2021,Pennsylvania,12802503,5610,0,1475457,29907
10/10/2021,Pennsylvania,12802503,3907,0,1479364,29907
10/11/2021,Pennsylvania,12802503,2872,0,1482236,29907
10/12/2021,Pennsylvania,12802503,3898,151,1486134,30058
10/13/2021,Pennsylvania,12802503,5012,170,1491146,30228
10/14/2021,Pennsylvania,12802503,5253,108,1496399,30336
10/15/2021,Pennsylvania,12802503,5725,82,1502124,30418
10/16/2021,Pennsylvania,12802503,4485,0,1506609,30418
10/17/2021,Pennsylvania,12802503,3821,0,1510430,30418
10/18/2021,Pennsylvania,12802503,2902,105,1513332,30523
10/19/2021,Pennsylvania,12802503,3899,64,1517231,30587
10/20/2021,Pennsylvania,12802503,3584,134,1520815,30721
10/21/2021,Pennsylvania,12802503,4998,94,1525813,30815
10/22/2021,Pennsylvania,12802503,4496,88,1530309,30903
10/23/2021,Pennsylvania,12802503,4573,61,1534882,30964
10/24/2021,Pennsylvania,12802503,3414,8,1538296,30972
10/25/2021,Pennsylvania,12802503,2425,4,1540721,30976
10/26/2021,Pennsylvania,12802503,3742,79,1544463,31055
10/27/2021,Pennsylvania,12802503,4178,142,1548641,31197
10/28/2021,Pennsylvania,12802503,4312,95,1552953,31292
10/29/2021,Pennsylvania,12802503,4506,85,1557459,31377
10/30/2021,Pennsylvania,12802503,4366,36,1561825,31413
10/31/2021,Pennsylvania,12802503,3114,41,1564939,31454
11/1/2021,Pennsylvania,12802503,0,0,1564939,31454
11/2/2021,Pennsylvania,12802503,6426,76,1571365,31530
11/3/2021,Pennsylvania,12802503,3819,181,1575184,31711
11/4/2021,Pennsylvania,12802503,5162,72,1580346,31783
11/5/2021,Pennsylvania,12802503,5130,72,1585476,31855
11/6/2021,Pennsylvania,12802503,4663,43,1590139,31898
11/7/2021,Pennsylvania,12802503,3672,0,1593811,31898
11/8/2021,Pennsylvania,12802503,3254,17,1597065,31915
11/9/2021,Pennsylvania,12802503,4021,77,1601086,31992
11/10/2021,Pennsylvania,12802503,6936,196,1608022,32188
11/11/2021,Pennsylvania,12802503,5293,73,1613315,32261
11/12/2021,Pennsylvania,12802503,5555,18,1618870,32279
11/13/2021,Pennsylvania,12802503,21226,80,1640096,32359
11/14/2021,Pennsylvania,12802503,4752,42,1644848,32401
11/15/2021,Pennsylvania,12802503,3437,10,1648285,32411
11/16/2021,Pennsylvania,12802503,5778,72,1654063,32483
11/17/2021,Pennsylvania,12802503,6024,150,1660087,32633
11/18/2021,Pennsylvania,12802503,6637,96,1666724,32729
11/19/2021,Pennsylvania,12802503,7604,96,1674328,32825
11/20/2021,Pennsylvania,12802503,6424,86,1680752,32911
11/21/2021,Pennsylvania,12802503,5417,13,1686169,32924
11/22/2021,Pennsylvania,12802503,5604,7,1691773,32931
11/23/2021,Pennsylvania,12802503,5186,72,1696959,33003
11/24/2021,Pennsylvania,12802503,7569,98,1704528,33101
11/25/2021,Pennsylvania,12802503,5950,146,1710478,33247
11/26/2021,Pennsylvania,12802503,6122,0,1716600,33247
11/27/2021,Pennsylvania,12802503,5143,4,1721743,33251
11/28/2021,Pennsylvania,12802503,4159,32,1725902,33283
11/29/2021,Pennsylvania,12802503,5252,25,1731154,33308
11/30/2021,Pennsylvania,12802503,5766,113,1736920,33421
12/1/2021,Pennsylvania,12802503,7606,100,1744526,33521
12/2/2021,Pennsylvania,12802503,9143,128,1753669,33649
12/3/2021,Pennsylvania,12802503,10127,97,1763796,33746
12/4/2021,Pennsylvania,12802503,9264,113,1773060,33859
12/5/2021,Pennsylvania,12802503,6091,43,1779151,33902
12/6/2021,Pennsylvania,12802503,3967,60,1783118,33962
12/7/2021,Pennsylvania,12802503,7912,145,1791030,34107
12/8/2021,Pennsylvania,12802503,8723,91,1799753,34198
12/9/2021,Pennsylvania,12802503,6918,73,1806671,34271
12/10/2021,Pennsylvania,12802503,11628,144,1818299,34415
12/11/2021,Pennsylvania,12802503,11052,156,1829351,34571
12/12/2021,Pennsylvania,12802503,8391,45,1837742,34616
12/13/2021,Pennsylvania,12802503,5395,2,1843137,34618
12/14/2021,Pennsylvania,12802503,7441,113,1850578,34731
12/15/2021,Pennsylvania,12802503,7301,259,1857879,34990
12/16/2021,Pennsylvania,12802503,7689,105,1865568,35095
12/17/2021,Pennsylvania,12802503,8629,88,1874197,35183
12/18/2021,Pennsylvania,12802503,8831,195,1883028,35378
12/19/2021,Pennsylvania,12802503,7231,20,1890259,35398
12/20/2021,Pennsylvania,12802503,4255,20,1894514,35418
12/21/2021,Pennsylvania,12802503,9607,197,1904121,35615
12/22/2021,Pennsylvania,12802503,9838,168,1913959,35783
12/23/2021,Pennsylvania,12802503,10548,177,1924507,35960
12/24/2021,Pennsylvania,12802503,13286,90,1937793,36050
12/25/2021,Pennsylvania,12802503,9856,0,1947649,36050
12/26/2021,Pennsylvania,12802503,6839,0,1954488,36050
12/27/2021,Pennsylvania,12802503,11079,19,1965567,36069
12/28/2021,Pennsylvania,12802503,13943,131,1979510,36200
12/29/2021,Pennsylvania,12802503,16730,304,1996240,36504
12/30/2021,Pennsylvania,12802503,19127,135,2015367,36639
12/31/2021,Pennsylvania,12802503,21057,66,2036424,36705
1/1/2022,Pennsylvania,12802503,23189,9,2059613,36714
1/2/2022,Pennsylvania,12802503,17611,1,2077224,36715
1/3/2022,Pennsylvania,12802503,23795,84,2101019,36799
1/4/2022,Pennsylvania,12802503,21967,169,2122986,36968
1/5/2022,Pennsylvania,12802503,27300,143,2150286,37111
1/6/2022,Pennsylvania,12802503,29026,255,2179312,37366
1/7/2022,Pennsylvania,12802503,27587,156,2206899,37522
1/8/2022,Pennsylvania,12802503,33650,120,2240549,37642
1/9/2022,Pennsylvania,12802503,24683,23,2265232,37665
1/10/2022,Pennsylvania,12802503,29857,21,2295089,37686
1/11/2022,Pennsylvania,12802503,25998,213,2321087,37899
1/12/2022,Pennsylvania,12802503,29941,204,2351028,38103
1/13/2022,Pennsylvania,12802503,26224,150,2377252,38253
1/14/2022,Pennsylvania,12802503,25801,173,2403053,38426
1/15/2022,Pennsylvania,12802503,22403,185,2425456,38611
1/16/2022,Pennsylvania,12802503,33266,8,2458722,38619
1/17/2022,Pennsylvania,12802503,15744,0,2474466,38619
1/18/2022,Pennsylvania,12802503,16463,36,2490929,38655
1/19/2022,Pennsylvania,12802503,15673,112,2506602,38767
1/20/2022,Pennsylvania,12802503,17354,326,2523956,39093
1/21/2022,Pennsylvania,12802503,18860,269,2542816,39362
1/22/2022,Pennsylvania,12802503,17351,125,2560167,39487
1/23/2022,Pennsylvania,12802503,12333,51,2572500,39538
1/24/2022,Pennsylvania,12802503,9331,22,2581831,39560
1/25/2022,Pennsylvania,12802503,11529,189,2593360,39749
1/26/2022,Pennsylvania,12802503,12079,183,2605439,39932
1/27/2022,Pennsylvania,12802503,16695,325,2622134,40257
1/28/2022,Pennsylvania,12802503,14946,137,2637080,40394
1/29/2022,Pennsylvania,12802503,12167,154,2649247,40548
1/30/2022,Pennsylvania,12802503,7340,15,2656587,40563
1/31/2022,Pennsylvania,12802503,4894,18,2661481,40581
2/1/2022,Pennsylvania,12802503,5685,255,2667166,40836
2/2/2022,Pennsylvania,12802503,7305,192,2674471,41028
2/3/2022,Pennsylvania,12802503,7246,171,2681717,41199
2/4/2022,Pennsylvania,12802503,7091,160,2688808,41359
2/5/2022,Pennsylvania,12802503,8434,165,2697242,41524
2/6/2022,Pennsylvania,12802503,2794,14,2700036,41538
2/7/2022,Pennsylvania,12802503,7855,47,2707891,41585
2/8/2022,Pennsylvania,12802503,-4397,196,2703494,41781
7/1/2021,Puerto Rico,3285874,32,0,173673,2549
7/2/2021,Puerto Rico,3285874,48,1,173721,2550
7/3/2021,Puerto Rico,3285874,69,2,173790,2552
7/4/2021,Puerto Rico,3285874,56,0,173846,2552
7/5/2021,Puerto Rico,3285874,70,0,173916,2552
7/6/2021,Puerto Rico,3285874,105,0,174021,2552
7/7/2021,Puerto Rico,3285874,6,0,174027,2552
7/8/2021,Puerto Rico,3285874,22,1,174049,2553
7/9/2021,Puerto Rico,3285874,77,0,174126,2553
7/10/2021,Puerto Rico,3285874,111,1,174237,2554
7/11/2021,Puerto Rico,3285874,86,0,174323,2554
7/12/2021,Puerto Rico,3285874,139,1,174462,2555
7/13/2021,Puerto Rico,3285874,97,0,174559,2555
7/14/2021,Puerto Rico,3285874,30,0,174589,2555
7/15/2021,Puerto Rico,3285874,126,4,174715,2559
7/16/2021,Puerto Rico,3285874,184,1,174899,2560
7/17/2021,Puerto Rico,3285874,199,0,175098,2560
7/18/2021,Puerto Rico,3285874,185,1,175283,2561
7/19/2021,Puerto Rico,3285874,237,0,175520,2561
7/20/2021,Puerto Rico,3285874,188,1,175708,2562
7/21/2021,Puerto Rico,3285874,86,3,175794,2565
7/22/2021,Puerto Rico,3285874,180,1,175974,2566
7/23/2021,Puerto Rico,3285874,773,1,176747,2567
7/24/2021,Puerto Rico,3285874,367,0,177114,2567
7/25/2021,Puerto Rico,3285874,407,1,177521,2568
7/26/2021,Puerto Rico,3285874,294,0,177815,2568
7/27/2021,Puerto Rico,3285874,121,1,177936,2569
7/28/2021,Puerto Rico,3285874,170,5,178106,2574
7/29/2021,Puerto Rico,3285874,470,3,178576,2577
7/30/2021,Puerto Rico,3285874,526,1,179102,2578
7/31/2021,Puerto Rico,3285874,730,2,179832,2580
8/1/2021,Puerto Rico,3285874,769,0,180601,2580
8/2/2021,Puerto Rico,3285874,665,1,181266,2581
8/3/2021,Puerto Rico,3285874,169,4,181435,2585
8/4/2021,Puerto Rico,3285874,378,4,181813,2589
8/5/2021,Puerto Rico,3285874,1159,5,182972,2594
8/6/2021,Puerto Rico,3285874,1010,4,183982,2598
8/7/2021,Puerto Rico,3285874,473,6,184455,2604
8/8/2021,Puerto Rico,3285874,892,5,185347,2609
8/9/2021,Puerto Rico,3285874,800,2,186147,2611
8/10/2021,Puerto Rico,3285874,307,9,186454,2620
8/11/2021,Puerto Rico,3285874,566,6,187020,2626
8/12/2021,Puerto Rico,3285874,1161,17,188181,2643
8/13/2021,Puerto Rico,3285874,1351,8,189532,2651
8/14/2021,Puerto Rico,3285874,993,7,190525,2658
8/15/2021,Puerto Rico,3285874,1259,4,191784,2662
8/16/2021,Puerto Rico,3285874,656,5,192440,2667
8/17/2021,Puerto Rico,3285874,362,11,192802,2678
8/18/2021,Puerto Rico,3285874,279,11,193081,2689
8/19/2021,Puerto Rico,3285874,397,13,193478,2702
8/20/2021,Puerto Rico,3285874,1340,13,194818,2715
8/21/2021,Puerto Rico,3285874,1925,10,196743,2725
8/22/2021,Puerto Rico,3285874,854,13,197597,2738
8/23/2021,Puerto Rico,3285874,777,4,198374,2742
8/24/2021,Puerto Rico,3285874,228,16,198602,2758
8/25/2021,Puerto Rico,3285874,912,20,199514,2778
8/26/2021,Puerto Rico,3285874,1173,8,200687,2786
8/27/2021,Puerto Rico,3285874,992,18,201679,2804
8/28/2021,Puerto Rico,3285874,824,19,202503,2823
8/29/2021,Puerto Rico,3285874,692,3,203195,2826
8/30/2021,Puerto Rico,3285874,637,6,203832,2832
8/31/2021,Puerto Rico,3285874,235,28,204067,2860
9/1/2021,Puerto Rico,3285874,530,15,204597,2875
9/2/2021,Puerto Rico,3285874,573,9,205170,2884
9/3/2021,Puerto Rico,3285874,906,14,206076,2898
9/4/2021,Puerto Rico,3285874,838,9,206914,2907
9/5/2021,Puerto Rico,3285874,684,12,207598,2919
9/6/2021,Puerto Rico,3285874,407,4,208005,2923
9/7/2021,Puerto Rico,3285874,58,5,208063,2928
9/8/2021,Puerto Rico,3285874,362,21,208425,2949
9/9/2021,Puerto Rico,3285874,363,18,208788,2967
9/10/2021,Puerto Rico,3285874,723,17,209511,2984
9/11/2021,Puerto Rico,3285874,432,11,209943,2995
9/12/2021,Puerto Rico,3285874,462,3,210405,2998
9/13/2021,Puerto Rico,3285874,298,5,210703,3003
9/14/2021,Puerto Rico,3285874,47,25,210750,3028
9/15/2021,Puerto Rico,3285874,325,16,211075,3044
9/16/2021,Puerto Rico,3285874,522,11,211597,3055
9/17/2021,Puerto Rico,3285874,399,9,211996,3064
9/18/2021,Puerto Rico,3285874,324,8,212320,3072
9/19/2021,Puerto Rico,3285874,289,2,212609,3074
9/20/2021,Puerto Rico,3285874,203,2,212812,3076
9/21/2021,Puerto Rico,3285874,35,16,212847,3092
9/22/2021,Puerto Rico,3285874,361,13,213208,3105
9/23/2021,Puerto Rico,3285874,157,4,213365,3109
9/24/2021,Puerto Rico,3285874,275,8,213640,3117
9/25/2021,Puerto Rico,3285874,321,10,213961,3127
9/26/2021,Puerto Rico,3285874,225,5,214186,3132
9/27/2021,Puerto Rico,3285874,149,1,214335,3133
9/28/2021,Puerto Rico,3285874,31,9,214366,3142
9/29/2021,Puerto Rico,3285874,251,6,214617,3148
9/30/2021,Puerto Rico,3285874,185,1,214802,3149
10/1/2021,Puerto Rico,3285874,95,6,214897,3155
10/2/2021,Puerto Rico,3285874,146,8,215043,3163
10/3/2021,Puerto Rico,3285874,206,1,215249,3164
10/4/2021,Puerto Rico,3285874,102,1,215351,3165
10/5/2021,Puerto Rico,3285874,61,7,215412,3172
10/6/2021,Puerto Rico,3285874,137,3,215549,3175
10/7/2021,Puerto Rico,3285874,210,7,215759,3182
10/8/2021,Puerto Rico,3285874,136,5,215895,3187
10/9/2021,Puerto Rico,3285874,117,2,216012,3189
10/10/2021,Puerto Rico,3285874,0,2,216012,3191
10/11/2021,Puerto Rico,3285874,279,1,216291,3192
10/12/2021,Puerto Rico,3285874,9,1,216300,3193
10/13/2021,Puerto Rico,3285874,176,6,216476,3199
10/14/2021,Puerto Rico,3285874,81,2,216557,3201
10/15/2021,Puerto Rico,3285874,224,4,216781,3205
10/16/2021,Puerto Rico,3285874,108,2,216889,3207
10/17/2021,Puerto Rico,3285874,140,0,217029,3207
10/18/2021,Puerto Rico,3285874,73,0,217102,3207
10/19/2021,Puerto Rico,3285874,14,2,217116,3209
10/20/2021,Puerto Rico,3285874,127,4,217243,3213
10/21/2021,Puerto Rico,3285874,119,2,217362,3215
10/22/2021,Puerto Rico,3285874,131,4,217493,3219
10/23/2021,Puerto Rico,3285874,130,1,217623,3220
10/24/2021,Puerto Rico,3285874,139,1,217762,3221
10/25/2021,Puerto Rico,3285874,56,0,217818,3221
10/26/2021,Puerto Rico,3285874,19,2,217837,3223
10/27/2021,Puerto Rico,3285874,91,4,217928,3227
10/28/2021,Puerto Rico,3285874,131,1,218059,3228
10/29/2021,Puerto Rico,3285874,158,1,218217,3229
10/30/2021,Puerto Rico,3285874,120,3,218337,3232
10/31/2021,Puerto Rico,3285874,90,2,218427,3234
11/1/2021,Puerto Rico,3285874,54,0,218481,3234
11/2/2021,Puerto Rico,3285874,15,0,218496,3234
11/3/2021,Puerto Rico,3285874,120,2,218616,3236
11/4/2021,Puerto Rico,3285874,154,3,218770,3239
11/5/2021,Puerto Rico,3285874,117,0,218887,3239
11/6/2021,Puerto Rico,3285874,148,5,219035,3244
11/7/2021,Puerto Rico,3285874,186,1,219221,3245
11/8/2021,Puerto Rico,3285874,68,1,219289,3246
11/9/2021,Puerto Rico,3285874,94,1,219383,3247
11/10/2021,Puerto Rico,3285874,117,0,219500,3247
11/11/2021,Puerto Rico,3285874,138,5,219638,3252
11/12/2021,Puerto Rico,3285874,168,4,219806,3256
11/13/2021,Puerto Rico,3285874,259,1,220065,3257
11/14/2021,Puerto Rico,3285874,93,0,220158,3257
11/15/2021,Puerto Rico,3285874,67,0,220225,3257
11/16/2021,Puerto Rico,3285874,9,1,220234,3258
11/17/2021,Puerto Rico,3285874,152,1,220386,3259
11/18/2021,Puerto Rico,3285874,134,0,220520,3259
11/19/2021,Puerto Rico,3285874,191,1,220711,3260
11/20/2021,Puerto Rico,3285874,225,1,220936,3261
11/21/2021,Puerto Rico,3285874,108,1,221044,3262
11/22/2021,Puerto Rico,3285874,49,1,221093,3263
11/23/2021,Puerto Rico,3285874,7,1,221100,3264
11/24/2021,Puerto Rico,3285874,96,2,221196,3266
11/25/2021,Puerto Rico,3285874,137,0,221333,3266
11/26/2021,Puerto Rico,3285874,104,0,221437,3266
11/27/2021,Puerto Rico,3285874,75,2,221512,3268
11/28/2021,Puerto Rico,3285874,39,1,221551,3269
11/29/2021,Puerto Rico,3285874,63,0,221614,3269
11/30/2021,Puerto Rico,3285874,15,1,221629,3270
12/1/2021,Puerto Rico,3285874,157,0,221786,3270
12/2/2021,Puerto Rico,3285874,184,1,221970,3271
12/3/2021,Puerto Rico,3285874,162,1,222132,3272
12/4/2021,Puerto Rico,3285874,156,0,222288,3272
12/5/2021,Puerto Rico,3285874,146,1,222434,3273
12/6/2021,Puerto Rico,3285874,72,0,222506,3273
12/7/2021,Puerto Rico,3285874,13,1,222519,3274
12/8/2021,Puerto Rico,3285874,157,0,222676,3274
12/9/2021,Puerto Rico,3285874,165,0,222841,3274
12/10/2021,Puerto Rico,3285874,158,0,222999,3274
12/11/2021,Puerto Rico,3285874,0,0,222999,3274
12/12/2021,Puerto Rico,3285874,134,2,223133,3276
12/13/2021,Puerto Rico,3285874,0,0,223133,3276
12/14/2021,Puerto Rico,3285874,183,0,223316,3276
12/15/2021,Puerto Rico,3285874,134,1,223450,3277
12/16/2021,Puerto Rico,3285874,471,1,223921,3278
12/17/2021,Puerto Rico,3285874,1059,1,224980,3279
12/18/2021,Puerto Rico,3285874,1755,5,226735,3284
12/19/2021,Puerto Rico,3285874,2747,1,229482,3285
12/20/2021,Puerto Rico,3285874,2434,1,231916,3286
12/21/2021,Puerto Rico,3285874,849,1,232765,3287
12/22/2021,Puerto Rico,3285874,3166,0,235931,3287
12/23/2021,Puerto Rico,3285874,5712,1,241643,3288
12/24/2021,Puerto Rico,3285874,0,0,241643,3288
12/25/2021,Puerto Rico,3285874,17254,3,258897,3291
12/26/2021,Puerto Rico,3285874,6620,0,265517,3291
12/27/2021,Puerto Rico,3285874,1362,0,266879,3291
12/28/2021,Puerto Rico,3285874,1716,1,268595,3292
12/29/2021,Puerto Rico,3285874,8203,3,276798,3295
12/30/2021,Puerto Rico,3285874,14331,3,291129,3298
12/31/2021,Puerto Rico,3285874,14776,7,305905,3305
1/1/2022,Puerto Rico,3285874,0,3,305905,3308
1/2/2022,Puerto Rico,3285874,26098,2,332003,3310
1/3/2022,Puerto Rico,3285874,4711,4,336714,3314
1/4/2022,Puerto Rico,3285874,1886,4,338600,3318
1/5/2022,Puerto Rico,3285874,7763,6,346363,3324
1/6/2022,Puerto Rico,3285874,14560,14,360923,3338
1/7/2022,Puerto Rico,3285874,12799,19,373722,3357
1/8/2022,Puerto Rico,3285874,6617,4,380339,3361
1/9/2022,Puerto Rico,3285874,8539,12,388878,3373
1/10/2022,Puerto Rico,3285874,6880,0,395758,3373
1/11/2022,Puerto Rico,3285874,1946,20,397704,3393
1/12/2022,Puerto Rico,3285874,9582,28,407286,3421
1/13/2022,Puerto Rico,3285874,11452,25,418738,3446
1/14/2022,Puerto Rico,3285874,13209,27,431947,3473
1/15/2022,Puerto Rico,3285874,8775,20,440722,3493
1/16/2022,Puerto Rico,3285874,5469,18,446191,3511
1/17/2022,Puerto Rico,3285874,5842,9,452033,3520
1/18/2022,Puerto Rico,3285874,498,22,452531,3542
1/19/2022,Puerto Rico,3285874,4305,21,456836,3563
1/20/2022,Puerto Rico,3285874,4354,30,461190,3593
1/21/2022,Puerto Rico,3285874,4926,38,466116,3631
1/22/2022,Puerto Rico,3285874,5865,42,471981,3673
1/23/2022,Puerto Rico,3285874,3714,23,475695,3696
1/24/2022,Puerto Rico,3285874,2229,8,477924,3704
1/25/2022,Puerto Rico,3285874,297,27,478221,3731
1/26/2022,Puerto Rico,3285874,3932,23,482153,3754
1/27/2022,Puerto Rico,3285874,1727,19,483880,3773
1/28/2022,Puerto Rico,3285874,3404,36,487284,3809
1/29/2022,Puerto Rico,3285874,1339,28,488623,3837
1/30/2022,Puerto Rico,3285874,1615,17,490238,3854
1/31/2022,Puerto Rico,3285874,878,1,491116,3855
2/1/2022,Puerto Rico,3285874,140,12,491256,3867
2/2/2022,Puerto Rico,3285874,1563,20,492819,3887
2/3/2022,Puerto Rico,3285874,1806,21,494625,3908
2/4/2022,Puerto Rico,3285874,1533,17,496158,3925
2/5/2022,Puerto Rico,3285874,745,14,496903,3939
2/6/2022,Puerto Rico,3285874,1733,5,498636,3944
2/7/2022,Puerto Rico,3285874,262,1,498898,3945
2/8/2022,Puerto Rico,3285874,55,15,498953,3960
7/1/2021,Rhode Island,1056298,5,0,152618,2730
7/2/2021,Rhode Island,1056298,25,0,152643,2730
7/3/2021,Rhode Island,1056298,0,0,152643,2730
7/4/2021,Rhode Island,1056298,0,0,152643,2730
7/5/2021,Rhode Island,1056298,0,0,152643,2730
7/6/2021,Rhode Island,1056298,55,0,152698,2730
7/7/2021,Rhode Island,1056298,40,0,152738,2730
7/8/2021,Rhode Island,1056298,10,0,152748,2730
7/9/2021,Rhode Island,1056298,-19,0,152729,2730
7/10/2021,Rhode Island,1056298,0,0,152729,2730
7/11/2021,Rhode Island,1056298,0,0,152729,2730
7/12/2021,Rhode Island,1056298,90,1,152819,2731
7/13/2021,Rhode Island,1056298,23,0,152842,2731
7/14/2021,Rhode Island,1056298,31,1,152873,2732
7/15/2021,Rhode Island,1056298,54,4,152927,2736
7/16/2021,Rhode Island,1056298,44,0,152971,2736
7/17/2021,Rhode Island,1056298,0,0,152971,2736
7/18/2021,Rhode Island,1056298,0,0,152971,2736
7/19/2021,Rhode Island,1056298,132,1,153103,2737
7/20/2021,Rhode Island,1056298,65,1,153168,2738
7/21/2021,Rhode Island,1056298,101,0,153269,2738
7/22/2021,Rhode Island,1056298,86,1,153355,2739
7/23/2021,Rhode Island,1056298,92,0,153447,2739
7/24/2021,Rhode Island,1056298,0,0,153447,2739
7/25/2021,Rhode Island,1056298,0,0,153447,2739
7/26/2021,Rhode Island,1056298,250,0,153697,2739
7/27/2021,Rhode Island,1056298,105,0,153802,2739
7/28/2021,Rhode Island,1056298,152,0,153954,2739
7/29/2021,Rhode Island,1056298,199,0,154153,2739
7/30/2021,Rhode Island,1056298,186,1,154339,2740
7/31/2021,Rhode Island,1056298,0,0,154339,2740
8/1/2021,Rhode Island,1056298,0,0,154339,2740
8/2/2021,Rhode Island,1056298,451,0,154790,2740
8/3/2021,Rhode Island,1056298,195,0,154985,2740
8/4/2021,Rhode Island,1056298,302,3,155287,2743
8/5/2021,Rhode Island,1056298,240,0,155527,2743
8/6/2021,Rhode Island,1056298,298,0,155825,2743
8/7/2021,Rhode Island,1056298,0,0,155825,2743
8/8/2021,Rhode Island,1056298,0,0,155825,2743
8/9/2021,Rhode Island,1056298,0,0,155825,2743
8/10/2021,Rhode Island,1056298,714,1,156539,2744
8/11/2021,Rhode Island,1056298,285,0,156824,2744
8/12/2021,Rhode Island,1056298,364,0,157188,2744
8/13/2021,Rhode Island,1056298,401,0,157589,2744
8/14/2021,Rhode Island,1056298,0,0,157589,2744
8/15/2021,Rhode Island,1056298,0,0,157589,2744
8/16/2021,Rhode Island,1056298,694,3,158283,2747
8/17/2021,Rhode Island,1056298,331,0,158614,2747
8/18/2021,Rhode Island,1056298,405,1,159019,2748
8/19/2021,Rhode Island,1056298,336,4,159355,2752
8/20/2021,Rhode Island,1056298,355,1,159710,2753
8/21/2021,Rhode Island,1056298,0,0,159710,2753
8/22/2021,Rhode Island,1056298,0,0,159710,2753
8/23/2021,Rhode Island,1056298,619,4,160329,2757
8/24/2021,Rhode Island,1056298,236,2,160565,2759
8/25/2021,Rhode Island,1056298,383,1,160948,2760
8/26/2021,Rhode Island,1056298,355,2,161303,2762
8/27/2021,Rhode Island,1056298,398,2,161701,2764
8/28/2021,Rhode Island,1056298,0,0,161701,2764
8/29/2021,Rhode Island,1056298,0,0,161701,2764
8/30/2021,Rhode Island,1056298,624,5,162325,2769
8/31/2021,Rhode Island,1056298,292,1,162617,2770
9/1/2021,Rhode Island,1056298,352,2,162969,2772
9/2/2021,Rhode Island,1056298,419,0,163388,2772
9/3/2021,Rhode Island,1056298,354,1,163742,2773
9/4/2021,Rhode Island,1056298,0,0,163742,2773
9/5/2021,Rhode Island,1056298,0,0,163742,2773
9/6/2021,Rhode Island,1056298,0,0,163742,2773
9/7/2021,Rhode Island,1056298,906,5,164648,2778
9/8/2021,Rhode Island,1056298,435,4,165083,2782
9/9/2021,Rhode Island,1056298,371,5,165454,2787
9/10/2021,Rhode Island,1056298,395,6,165849,2793
9/11/2021,Rhode Island,1056298,0,0,165849,2793
9/12/2021,Rhode Island,1056298,0,0,165849,2793
9/13/2021,Rhode Island,1056298,962,9,166811,2802
9/14/2021,Rhode Island,1056298,434,6,167245,2808
9/15/2021,Rhode Island,1056298,408,1,167653,2809
9/16/2021,Rhode Island,1056298,322,1,167975,2810
9/17/2021,Rhode Island,1056298,474,2,168449,2812
9/18/2021,Rhode Island,1056298,0,0,168449,2812
9/19/2021,Rhode Island,1056298,0,0,168449,2812
9/20/2021,Rhode Island,1056298,901,3,169350,2815
9/21/2021,Rhode Island,1056298,336,1,169686,2816
9/22/2021,Rhode Island,1056298,323,2,170009,2818
9/23/2021,Rhode Island,1056298,284,2,170293,2820
9/24/2021,Rhode Island,1056298,407,3,170700,2823
9/25/2021,Rhode Island,1056298,0,0,170700,2823
9/26/2021,Rhode Island,1056298,0,0,170700,2823
9/27/2021,Rhode Island,1056298,751,9,171451,2832
9/28/2021,Rhode Island,1056298,300,2,171751,2834
9/29/2021,Rhode Island,1056298,313,2,172064,2836
9/30/2021,Rhode Island,1056298,297,2,172361,2838
10/1/2021,Rhode Island,1056298,358,0,172719,2838
10/2/2021,Rhode Island,1056298,0,0,172719,2838
10/3/2021,Rhode Island,1056298,0,0,172719,2838
10/4/2021,Rhode Island,1056298,638,5,173357,2843
10/5/2021,Rhode Island,1056298,246,2,173603,2845
10/6/2021,Rhode Island,1056298,334,3,173937,2848
10/7/2021,Rhode Island,1056298,234,4,174171,2852
10/8/2021,Rhode Island,1056298,399,2,174570,2854
10/9/2021,Rhode Island,1056298,0,0,174570,2854
10/10/2021,Rhode Island,1056298,0,0,174570,2854
10/11/2021,Rhode Island,1056298,0,0,174570,2854
10/12/2021,Rhode Island,1056298,917,2,175487,2856
10/13/2021,Rhode Island,1056298,290,1,175777,2857
10/14/2021,Rhode Island,1056298,313,3,176090,2860
10/15/2021,Rhode Island,1056298,315,0,176405,2860
10/16/2021,Rhode Island,1056298,0,0,176405,2860
10/17/2021,Rhode Island,1056298,0,0,176405,2860
10/18/2021,Rhode Island,1056298,647,1,177052,2861
10/19/2021,Rhode Island,1056298,228,6,177280,2867
10/20/2021,Rhode Island,1056298,228,2,177508,2869
10/21/2021,Rhode Island,1056298,296,2,177804,2871
10/22/2021,Rhode Island,1056298,194,1,177998,2872
10/23/2021,Rhode Island,1056298,0,0,177998,2872
10/24/2021,Rhode Island,1056298,0,0,177998,2872
10/25/2021,Rhode Island,1056298,463,2,178461,2874
10/26/2021,Rhode Island,1056298,185,2,178646,2876
10/27/2021,Rhode Island,1056298,261,1,178907,2877
10/28/2021,Rhode Island,1056298,264,1,179171,2878
10/29/2021,Rhode Island,1056298,234,0,179405,2878
10/30/2021,Rhode Island,1056298,0,0,179405,2878
10/31/2021,Rhode Island,1056298,0,0,179405,2878
11/1/2021,Rhode Island,1056298,558,1,179963,2879
11/2/2021,Rhode Island,1056298,224,2,180187,2881
11/3/2021,Rhode Island,1056298,301,0,180488,2881
11/4/2021,Rhode Island,1056298,321,0,180809,2881
11/5/2021,Rhode Island,1056298,270,0,181079,2881
11/6/2021,Rhode Island,1056298,0,0,181079,2881
11/7/2021,Rhode Island,1056298,0,0,181079,2881
11/8/2021,Rhode Island,1056298,756,1,181835,2882
11/9/2021,Rhode Island,1056298,340,2,182175,2884
11/10/2021,Rhode Island,1056298,311,3,182486,2887
11/11/2021,Rhode Island,1056298,0,0,182486,2887
11/12/2021,Rhode Island,1056298,771,3,183257,2890
11/13/2021,Rhode Island,1056298,0,0,183257,2890
11/14/2021,Rhode Island,1056298,0,0,183257,2890
11/15/2021,Rhode Island,1056298,963,6,184220,2896
11/16/2021,Rhode Island,1056298,557,5,184777,2901
11/17/2021,Rhode Island,1056298,477,1,185254,2902
11/18/2021,Rhode Island,1056298,545,1,185799,2903
11/19/2021,Rhode Island,1056298,588,3,186387,2906
11/20/2021,Rhode Island,1056298,0,0,186387,2906
11/21/2021,Rhode Island,1056298,0,0,186387,2906
11/22/2021,Rhode Island,1056298,1144,7,187531,2913
11/23/2021,Rhode Island,1056298,604,0,188135,2913
11/24/2021,Rhode Island,1056298,426,2,188561,2915
11/25/2021,Rhode Island,1056298,0,0,188561,2915
11/26/2021,Rhode Island,1056298,0,0,188561,2915
11/27/2021,Rhode Island,1056298,0,0,188561,2915
11/28/2021,Rhode Island,1056298,0,0,188561,2915
11/29/2021,Rhode Island,1056298,2414,12,190975,2927
11/30/2021,Rhode Island,1056298,788,5,191763,2932
12/1/2021,Rhode Island,1056298,978,3,192741,2935
12/2/2021,Rhode Island,1056298,973,4,193714,2939
12/3/2021,Rhode Island,1056298,1144,2,194858,2941
12/4/2021,Rhode Island,1056298,0,0,194858,2941
12/5/2021,Rhode Island,1056298,0,0,194858,2941
12/6/2021,Rhode Island,1056298,2091,7,196949,2948
12/7/2021,Rhode Island,1056298,1087,1,198036,2949
12/8/2021,Rhode Island,1056298,693,0,198729,2949
12/9/2021,Rhode Island,1056298,1468,2,200197,2951
12/10/2021,Rhode Island,1056298,1078,6,201275,2957
12/11/2021,Rhode Island,1056298,0,0,201275,2957
12/12/2021,Rhode Island,1056298,0,0,201275,2957
12/13/2021,Rhode Island,1056298,2433,12,203708,2969
12/14/2021,Rhode Island,1056298,1246,6,204954,2975
12/15/2021,Rhode Island,1056298,1403,5,206357,2980
12/16/2021,Rhode Island,1056298,1199,5,207556,2985
12/17/2021,Rhode Island,1056298,1197,7,208753,2992
12/18/2021,Rhode Island,1056298,0,0,208753,2992
12/19/2021,Rhode Island,1056298,0,0,208753,2992
12/20/2021,Rhode Island,1056298,3962,6,212715,2998
12/21/2021,Rhode Island,1056298,1015,8,213730,3006
12/22/2021,Rhode Island,1056298,1811,9,215541,3015
12/23/2021,Rhode Island,1056298,1687,3,217228,3018
12/24/2021,Rhode Island,1056298,0,0,217228,3018
12/25/2021,Rhode Island,1056298,0,0,217228,3018
12/26/2021,Rhode Island,1056298,0,0,217228,3018
12/27/2021,Rhode Island,1056298,0,0,217228,3018
12/28/2021,Rhode Island,1056298,6757,28,223985,3046
12/29/2021,Rhode Island,1056298,3193,16,227178,3062
12/30/2021,Rhode Island,1056298,3918,4,231096,3066
12/31/2021,Rhode Island,1056298,0,0,231096,3066
1/1/2022,Rhode Island,1056298,0,0,231096,3066
1/2/2022,Rhode Island,1056298,0,0,231096,3066
1/3/2022,Rhode Island,1056298,0,0,231096,3066
1/4/2022,Rhode Island,1056298,16228,30,247324,3096
1/5/2022,Rhode Island,1056298,5868,11,253192,3107
1/6/2022,Rhode Island,1056298,6918,5,260110,3112
1/7/2022,Rhode Island,1056298,5956,9,266066,3121
1/8/2022,Rhode Island,1056298,0,0,266066,3121
1/9/2022,Rhode Island,1056298,0,0,266066,3121
1/10/2022,Rhode Island,1056298,13765,15,279831,3136
1/11/2022,Rhode Island,1056298,5076,8,284907,3144
1/12/2022,Rhode Island,1056298,5727,7,290634,3151
1/13/2022,Rhode Island,1056298,5670,12,296304,3163
1/14/2022,Rhode Island,1056298,5805,12,302109,3175
1/15/2022,Rhode Island,1056298,0,0,302109,3175
1/16/2022,Rhode Island,1056298,0,0,302109,3175
1/17/2022,Rhode Island,1056298,11591,13,313700,3188
1/18/2022,Rhode Island,1056298,3644,12,317344,3200
1/19/2022,Rhode Island,1056298,3273,15,320617,3215
1/20/2022,Rhode Island,1056298,3617,9,324234,3224
1/21/2022,Rhode Island,1056298,2875,16,327109,3240
1/22/2022,Rhode Island,1056298,0,0,327109,3240
1/23/2022,Rhode Island,1056298,0,0,327109,3240
1/24/2022,Rhode Island,1056298,5852,13,332961,3253
1/25/2022,Rhode Island,1056298,1620,10,334581,3263
1/26/2022,Rhode Island,1056298,3078,12,337659,3275
1/27/2022,Rhode Island,1056298,1912,13,339571,3288
1/28/2022,Rhode Island,1056298,1836,14,341407,3302
1/29/2022,Rhode Island,1056298,0,0,341407,3302
1/30/2022,Rhode Island,1056298,0,0,341407,3302
1/31/2022,Rhode Island,1056298,2372,14,343779,3316
2/1/2022,Rhode Island,1056298,1062,13,344841,3329
2/2/2022,Rhode Island,1056298,995,5,345836,3334
2/3/2022,Rhode Island,1056298,1205,7,347041,3341
2/4/2022,Rhode Island,1056298,860,13,347901,3354
2/5/2022,Rhode Island,1056298,0,0,347901,3354
2/6/2022,Rhode Island,1056298,0,0,347901,3354
2/7/2022,Rhode Island,1056298,1598,9,349499,3363
2/8/2022,Rhode Island,1056298,581,2,350080,3365
7/1/2021,South Carolina,4896146,181,7,597021,9826
7/2/2021,South Carolina,4896146,240,4,597261,9830
7/3/2021,South Carolina,4896146,0,0,597261,9830
7/4/2021,South Carolina,4896146,0,0,597261,9830
7/5/2021,South Carolina,4896146,700,11,597961,9841
7/6/2021,South Carolina,4896146,132,0,598093,9841
7/7/2021,South Carolina,4896146,136,2,598229,9843
7/8/2021,South Carolina,4896146,282,1,598511,9844
7/9/2021,South Carolina,4896146,407,2,598918,9846
7/10/2021,South Carolina,4896146,0,0,598918,9846
7/11/2021,South Carolina,4896146,0,0,598918,9846
7/12/2021,South Carolina,4896146,1109,10,600027,9856
7/13/2021,South Carolina,4896146,256,0,600283,9856
7/14/2021,South Carolina,4896146,324,4,600607,9860
7/15/2021,South Carolina,4896146,625,5,601232,9865
7/16/2021,South Carolina,4896146,571,-3,601803,9862
7/17/2021,South Carolina,4896146,0,0,601803,9862
7/18/2021,South Carolina,4896146,0,0,601803,9862
7/19/2021,South Carolina,4896146,1838,-5,603641,9857
7/20/2021,South Carolina,4896146,332,3,603973,9860
7/21/2021,South Carolina,4896146,677,10,604650,9870
7/22/2021,South Carolina,4896146,940,6,605590,9876
7/23/2021,South Carolina,4896146,1243,2,606833,9878
7/24/2021,South Carolina,4896146,0,0,606833,9878
7/25/2021,South Carolina,4896146,0,0,606833,9878
7/26/2021,South Carolina,4896146,3644,4,610477,9882
7/27/2021,South Carolina,4896146,1117,1,611594,9883
7/28/2021,South Carolina,4896146,1439,11,613033,9894
7/29/2021,South Carolina,4896146,1879,10,614912,9904
7/30/2021,South Carolina,4896146,2236,0,617148,9904
7/31/2021,South Carolina,4896146,0,0,617148,9904
8/1/2021,South Carolina,4896146,0,0,617148,9904
8/2/2021,South Carolina,4896146,6799,11,623947,9915
8/3/2021,South Carolina,4896146,2091,2,626038,9917
8/4/2021,South Carolina,4896146,2164,13,628202,9930
8/5/2021,South Carolina,4896146,2835,9,631037,9939
8/6/2021,South Carolina,4896146,3273,11,634310,9950
8/7/2021,South Carolina,4896146,0,0,634310,9950
8/8/2021,South Carolina,4896146,0,0,634310,9950
8/9/2021,South Carolina,4896146,9311,31,643621,9981
8/10/2021,South Carolina,4896146,2238,11,645859,9992
8/11/2021,South Carolina,4896146,2649,15,648508,10007
8/12/2021,South Carolina,4896146,3279,12,651787,10019
8/13/2021,South Carolina,4896146,4526,20,656313,10039
8/14/2021,South Carolina,4896146,0,0,656313,10039
8/15/2021,South Carolina,4896146,0,0,656313,10039
8/16/2021,South Carolina,4896146,11039,69,667352,10108
8/17/2021,South Carolina,4896146,2286,7,669638,10115
8/18/2021,South Carolina,4896146,3534,25,673172,10140
8/19/2021,South Carolina,4896146,3259,42,676431,10182
8/20/2021,South Carolina,4896146,5228,31,681659,10213
8/21/2021,South Carolina,4896146,0,0,681659,10213
8/22/2021,South Carolina,4896146,0,0,681659,10213
8/23/2021,South Carolina,4896146,13830,101,695489,10314
8/24/2021,South Carolina,4896146,3708,10,699197,10324
8/25/2021,South Carolina,4896146,3697,33,702894,10357
8/26/2021,South Carolina,4896146,4541,56,707435,10413
8/27/2021,South Carolina,4896146,6830,39,714265,10452
8/28/2021,South Carolina,4896146,0,0,714265,10452
8/29/2021,South Carolina,4896146,0,0,714265,10452
8/30/2021,South Carolina,4896146,16420,110,730685,10562
8/31/2021,South Carolina,4896146,4602,36,735287,10598
9/1/2021,South Carolina,4896146,5347,86,740634,10684
9/2/2021,South Carolina,4896146,5523,59,746157,10743
9/3/2021,South Carolina,4896146,6221,38,752378,10781
9/4/2021,South Carolina,4896146,0,0,752378,10781
9/5/2021,South Carolina,4896146,0,0,752378,10781
9/6/2021,South Carolina,4896146,17024,164,769402,10945
9/7/2021,South Carolina,4896146,3783,27,773185,10972
9/8/2021,South Carolina,4896146,3157,24,776342,10996
9/9/2021,South Carolina,4896146,3556,54,779898,11050
9/10/2021,South Carolina,4896146,4154,99,784052,11149
9/11/2021,South Carolina,4896146,0,0,784052,11149
9/12/2021,South Carolina,4896146,0,0,784052,11149
9/13/2021,South Carolina,4896146,18276,157,802328,11306
9/14/2021,South Carolina,4896146,4269,43,806597,11349
9/15/2021,South Carolina,4896146,3182,134,809779,11483
9/16/2021,South Carolina,4896146,4475,49,814254,11532
9/17/2021,South Carolina,4896146,4950,82,819204,11614
9/18/2021,South Carolina,4896146,0,0,819204,11614
9/19/2021,South Carolina,4896146,0,0,819204,11614
9/20/2021,South Carolina,4896146,11056,107,830260,11721
9/21/2021,South Carolina,4896146,2206,107,832466,11828
9/22/2021,South Carolina,4896146,2414,85,834880,11913
9/23/2021,South Carolina,4896146,3199,44,838079,11957
9/24/2021,South Carolina,4896146,3521,123,841600,12080
9/25/2021,South Carolina,4896146,0,0,841600,12080
9/26/2021,South Carolina,4896146,0,0,841600,12080
9/27/2021,South Carolina,4896146,8588,133,850188,12213
9/28/2021,South Carolina,4896146,1818,46,852006,12259
9/29/2021,South Carolina,4896146,2868,113,854874,12372
9/30/2021,South Carolina,4896146,2512,100,857386,12472
10/1/2021,South Carolina,4896146,2983,98,860369,12570
10/2/2021,South Carolina,4896146,0,0,860369,12570
10/3/2021,South Carolina,4896146,0,0,860369,12570
10/4/2021,South Carolina,4896146,6946,132,867315,12702
10/5/2021,South Carolina,4896146,1259,27,868574,12729
10/6/2021,South Carolina,4896146,1264,55,869838,12784
10/7/2021,South Carolina,4896146,2173,72,872011,12856
10/8/2021,South Carolina,4896146,2002,73,874013,12929
10/9/2021,South Carolina,4896146,0,0,874013,12929
10/10/2021,South Carolina,4896146,0,0,874013,12929
10/11/2021,South Carolina,4896146,4999,105,879012,13034
10/12/2021,South Carolina,4896146,973,22,879985,13056
10/13/2021,South Carolina,4896146,999,37,880984,13093
10/14/2021,South Carolina,4896146,1471,21,882455,13114
10/15/2021,South Carolina,4896146,1527,118,883982,13232
10/16/2021,South Carolina,4896146,0,0,883982,13232
10/17/2021,South Carolina,4896146,0,0,883982,13232
10/18/2021,South Carolina,4896146,3553,87,887535,13319
10/19/2021,South Carolina,4896146,654,2,888189,13321
10/20/2021,South Carolina,4896146,907,47,889096,13368
10/21/2021,South Carolina,4896146,907,44,890003,13412
10/22/2021,South Carolina,4896146,1069,60,891072,13472
10/23/2021,South Carolina,4896146,0,0,891072,13472
10/24/2021,South Carolina,4896146,0,0,891072,13472
10/25/2021,South Carolina,4896146,2554,87,893626,13559
10/26/2021,South Carolina,4896146,595,6,894221,13565
10/27/2021,South Carolina,4896146,703,39,894924,13604
10/28/2021,South Carolina,4896146,814,66,895738,13670
10/29/2021,South Carolina,4896146,1414,46,897152,13716
10/30/2021,South Carolina,4896146,0,0,897152,13716
10/31/2021,South Carolina,4896146,0,0,897152,13716
11/1/2021,South Carolina,4896146,2329,37,899481,13753
11/2/2021,South Carolina,4896146,431,13,899912,13766
11/3/2021,South Carolina,4896146,552,37,900464,13803
11/4/2021,South Carolina,4896146,850,29,901314,13832
11/5/2021,South Carolina,4896146,1015,9,902329,13841
11/6/2021,South Carolina,4896146,0,0,902329,13841
11/7/2021,South Carolina,4896146,0,0,902329,13841
11/8/2021,South Carolina,4896146,1964,55,904293,13896
11/9/2021,South Carolina,4896146,396,2,904689,13898
11/10/2021,South Carolina,4896146,493,25,905182,13923
11/11/2021,South Carolina,4896146,0,0,905182,13923
11/12/2021,South Carolina,4896146,1763,60,906945,13983
11/13/2021,South Carolina,4896146,0,0,906945,13983
11/14/2021,South Carolina,4896146,0,0,906945,13983
11/15/2021,South Carolina,4896146,1894,50,908839,14033
11/16/2021,South Carolina,4896146,443,9,909282,14042
11/17/2021,South Carolina,4896146,623,22,909905,14064
11/18/2021,South Carolina,4896146,785,14,910690,14078
11/19/2021,South Carolina,4896146,934,18,911624,14096
11/20/2021,South Carolina,4896146,0,0,911624,14096
11/21/2021,South Carolina,4896146,0,0,911624,14096
11/22/2021,South Carolina,4896146,2326,32,913950,14128
11/23/2021,South Carolina,4896146,434,7,914384,14135
11/24/2021,South Carolina,4896146,562,18,914946,14153
11/25/2021,South Carolina,4896146,0,0,914946,14153
11/26/2021,South Carolina,4896146,725,33,915671,14186
11/27/2021,South Carolina,4896146,0,0,915671,14186
11/28/2021,South Carolina,4896146,0,0,915671,14186
11/29/2021,South Carolina,4896146,2162,23,917833,14209
11/30/2021,South Carolina,4896146,488,1,918321,14210
12/1/2021,South Carolina,4896146,863,23,919184,14233
12/2/2021,South Carolina,4896146,1127,36,920311,14269
12/3/2021,South Carolina,4896146,1411,3,921722,14272
12/4/2021,South Carolina,4896146,0,0,921722,14272
12/5/2021,South Carolina,4896146,0,0,921722,14272
12/6/2021,South Carolina,4896146,3235,42,924957,14314
12/7/2021,South Carolina,4896146,672,4,925629,14318
12/8/2021,South Carolina,4896146,825,16,926454,14334
12/9/2021,South Carolina,4896146,1195,13,927649,14347
12/10/2021,South Carolina,4896146,1428,28,929077,14375
12/11/2021,South Carolina,4896146,0,0,929077,14375
12/12/2021,South Carolina,4896146,0,0,929077,14375
12/13/2021,South Carolina,4896146,3129,30,932206,14405
12/14/2021,South Carolina,4896146,732,14,932938,14419
12/15/2021,South Carolina,4896146,816,12,933754,14431
12/16/2021,South Carolina,4896146,1126,14,934880,14445
12/17/2021,South Carolina,4896146,1327,16,936207,14461
12/18/2021,South Carolina,4896146,0,0,936207,14461
12/19/2021,South Carolina,4896146,0,0,936207,14461
12/20/2021,South Carolina,4896146,3928,37,940135,14498
12/21/2021,South Carolina,4896146,894,14,941029,14512
12/22/2021,South Carolina,4896146,1330,16,942359,14528
12/23/2021,South Carolina,4896146,2215,22,944574,14550
12/24/2021,South Carolina,4896146,0,0,944574,14550
12/25/2021,South Carolina,4896146,0,0,944574,14550
12/26/2021,South Carolina,4896146,0,0,944574,14550
12/27/2021,South Carolina,4896146,0,0,944574,14550
12/28/2021,South Carolina,4896146,0,0,944574,14550
12/29/2021,South Carolina,4896146,15621,60,960195,14610
12/30/2021,South Carolina,4896146,6064,7,966259,14617
12/31/2021,South Carolina,4896146,9061,19,975320,14636
1/1/2022,South Carolina,4896146,0,0,975320,14636
1/2/2022,South Carolina,4896146,0,0,975320,14636
1/3/2022,South Carolina,4896146,0,0,975320,14636
1/4/2022,South Carolina,4896146,35951,38,1011271,14674
1/5/2022,South Carolina,4896146,7164,41,1018435,14715
1/6/2022,South Carolina,4896146,16821,30,1035256,14745
1/7/2022,South Carolina,4896146,12996,1,1048252,14746
1/8/2022,South Carolina,4896146,0,0,1048252,14746
1/9/2022,South Carolina,4896146,0,0,1048252,14746
1/10/2022,South Carolina,4896146,45974,47,1094226,14793
1/11/2022,South Carolina,4896146,8377,10,1102603,14803
1/12/2022,South Carolina,4896146,12178,45,1114781,14848
1/13/2022,South Carolina,4896146,18044,32,1132825,14880
1/14/2022,South Carolina,4896146,20300,34,1153125,14914
1/15/2022,South Carolina,4896146,0,0,1153125,14914
1/16/2022,South Carolina,4896146,0,0,1153125,14914
1/17/2022,South Carolina,4896146,0,0,1153125,14914
1/18/2022,South Carolina,4896146,72445,101,1225570,15015
1/19/2022,South Carolina,4896146,11162,14,1236732,15029
1/20/2022,South Carolina,4896146,12900,24,1249632,15053
1/21/2022,South Carolina,4896146,16078,55,1265710,15108
1/22/2022,South Carolina,4896146,0,0,1265710,15108
1/23/2022,South Carolina,4896146,0,0,1265710,15108
1/24/2022,South Carolina,4896146,0,0,1265710,15108
1/25/2022,South Carolina,4896146,0,0,1265710,15108
1/26/2022,South Carolina,4896146,62740,47,1328450,15155
1/27/2022,South Carolina,4896146,9934,26,1338384,15181
1/28/2022,South Carolina,4896146,16732,85,1355116,15266
1/29/2022,South Carolina,4896146,0,0,1355116,15266
1/30/2022,South Carolina,4896146,0,0,1355116,15266
1/31/2022,South Carolina,4896146,29903,214,1385019,15480
2/1/2022,South Carolina,4896146,4247,28,1389266,15508
2/2/2022,South Carolina,4896146,5385,101,1394651,15609
2/3/2022,South Carolina,4896146,5625,135,1400276,15744
2/4/2022,South Carolina,4896146,6657,47,1406933,15791
2/5/2022,South Carolina,4896146,0,0,1406933,15791
2/6/2022,South Carolina,4896146,0,0,1406933,15791
2/7/2022,South Carolina,4896146,14606,138,1421539,15929
2/8/2022,South Carolina,4896146,2380,57,1423919,15986
7/1/2021,South Dakota,858469,25,3,124561,2038
7/2/2021,South Dakota,858469,21,0,124582,2038
7/3/2021,South Dakota,858469,0,0,124582,2038
7/4/2021,South Dakota,858469,0,0,124582,2038
7/5/2021,South Dakota,858469,0,0,124582,2038
7/6/2021,South Dakota,858469,0,0,124582,2038
7/7/2021,South Dakota,858469,59,1,124641,2039
7/8/2021,South Dakota,858469,0,0,124641,2039
7/9/2021,South Dakota,858469,0,0,124641,2039
7/10/2021,South Dakota,858469,0,0,124641,2039
7/11/2021,South Dakota,858469,0,0,124641,2039
7/12/2021,South Dakota,858469,0,0,124641,2039
7/13/2021,South Dakota,858469,0,0,124641,2039
7/14/2021,South Dakota,858469,109,1,124750,2040
7/15/2021,South Dakota,858469,0,0,124750,2040
7/16/2021,South Dakota,858469,0,0,124750,2040
7/17/2021,South Dakota,858469,0,0,124750,2040
7/18/2021,South Dakota,858469,0,0,124750,2040
7/19/2021,South Dakota,858469,0,0,124750,2040
7/20/2021,South Dakota,858469,0,0,124750,2040
7/21/2021,South Dakota,858469,198,1,124948,2041
7/22/2021,South Dakota,858469,0,0,124948,2041
7/23/2021,South Dakota,858469,0,0,124948,2041
7/24/2021,South Dakota,858469,0,0,124948,2041
7/25/2021,South Dakota,858469,0,0,124948,2041
7/26/2021,South Dakota,858469,0,0,124948,2041
7/27/2021,South Dakota,858469,0,0,124948,2041
7/28/2021,South Dakota,858469,268,2,125216,2043
7/29/2021,South Dakota,858469,0,0,125216,2043
7/30/2021,South Dakota,858469,0,0,125216,2043
7/31/2021,South Dakota,858469,0,0,125216,2043
8/1/2021,South Dakota,858469,0,0,125216,2043
8/2/2021,South Dakota,858469,0,0,125216,2043
8/3/2021,South Dakota,858469,0,0,125216,2043
8/4/2021,South Dakota,858469,376,7,125592,2050
8/5/2021,South Dakota,858469,0,0,125592,2050
8/6/2021,South Dakota,858469,0,0,125592,2050
8/7/2021,South Dakota,858469,0,0,125592,2050
8/8/2021,South Dakota,858469,0,0,125592,2050
8/9/2021,South Dakota,858469,0,0,125592,2050
8/10/2021,South Dakota,858469,0,0,125592,2050
8/11/2021,South Dakota,858469,862,1,126454,2051
8/12/2021,South Dakota,858469,153,0,126607,2051
8/13/2021,South Dakota,858469,139,1,126746,2052
8/14/2021,South Dakota,858469,0,0,126746,2052
8/15/2021,South Dakota,858469,0,0,126746,2052
8/16/2021,South Dakota,858469,179,1,126925,2053
8/17/2021,South Dakota,858469,395,2,127320,2055
8/18/2021,South Dakota,858469,376,1,127696,2056
8/19/2021,South Dakota,858469,295,1,127991,2057
8/20/2021,South Dakota,858469,304,0,128295,2057
8/21/2021,South Dakota,858469,0,0,128295,2057
8/22/2021,South Dakota,858469,0,0,128295,2057
8/23/2021,South Dakota,858469,331,0,128626,2057
8/24/2021,South Dakota,858469,785,0,129411,2057
8/25/2021,South Dakota,858469,455,2,129866,2059
8/26/2021,South Dakota,858469,471,1,130337,2060
8/27/2021,South Dakota,858469,439,2,130776,2062
8/28/2021,South Dakota,858469,0,0,130776,2062
8/29/2021,South Dakota,858469,0,0,130776,2062
8/30/2021,South Dakota,858469,463,5,131239,2067
8/31/2021,South Dakota,858469,1020,2,132259,2069
9/1/2021,South Dakota,858469,578,0,132837,2069
9/2/2021,South Dakota,858469,535,2,133372,2071
9/3/2021,South Dakota,858469,483,1,133855,2072
9/4/2021,South Dakota,858469,0,0,133855,2072
9/5/2021,South Dakota,858469,0,0,133855,2072
9/6/2021,South Dakota,858469,0,0,133855,2072
9/7/2021,South Dakota,858469,453,2,134308,2074
9/8/2021,South Dakota,858469,1230,3,135538,2077
9/9/2021,South Dakota,858469,619,2,136157,2079
9/10/2021,South Dakota,858469,615,5,136772,2084
9/11/2021,South Dakota,858469,0,0,136772,2084
9/12/2021,South Dakota,858469,0,0,136772,2084
9/13/2021,South Dakota,858469,528,4,137300,2088
9/14/2021,South Dakota,858469,992,4,138292,2092
9/15/2021,South Dakota,858469,568,1,138860,2093
9/16/2021,South Dakota,858469,552,3,139412,2096
9/17/2021,South Dakota,858469,544,4,139956,2100
9/18/2021,South Dakota,858469,0,0,139956,2100
9/19/2021,South Dakota,858469,0,0,139956,2100
9/20/2021,South Dakota,858469,446,5,140402,2105
9/21/2021,South Dakota,858469,739,3,141141,2108
9/22/2021,South Dakota,858469,604,1,141745,2109
9/23/2021,South Dakota,858469,585,6,142330,2115
9/24/2021,South Dakota,858469,470,10,142800,2125
9/25/2021,South Dakota,858469,0,0,142800,2125
9/26/2021,South Dakota,858469,0,0,142800,2125
9/27/2021,South Dakota,858469,383,4,143183,2129
9/28/2021,South Dakota,858469,812,4,143995,2133
9/29/2021,South Dakota,858469,551,0,144546,2133
9/30/2021,South Dakota,858469,472,9,145018,2142
10/1/2021,South Dakota,858469,456,3,145474,2145
10/2/2021,South Dakota,858469,0,0,145474,2145
10/3/2021,South Dakota,858469,0,0,145474,2145
10/4/2021,South Dakota,858469,365,15,145839,2160
10/5/2021,South Dakota,858469,755,1,146594,2161
10/6/2021,South Dakota,858469,401,6,146995,2167
10/7/2021,South Dakota,858469,474,3,147469,2170
10/8/2021,South Dakota,858469,351,1,147820,2171
10/9/2021,South Dakota,858469,0,0,147820,2171
10/10/2021,South Dakota,858469,0,0,147820,2171
10/11/2021,South Dakota,858469,0,0,147820,2171
10/12/2021,South Dakota,858469,429,6,148249,2177
10/13/2021,South Dakota,858469,1088,0,149337,2177
10/14/2021,South Dakota,858469,341,5,149678,2182
10/15/2021,South Dakota,858469,318,7,149996,2189
10/16/2021,South Dakota,858469,0,0,149996,2189
10/17/2021,South Dakota,858469,0,0,149996,2189
10/18/2021,South Dakota,858469,354,13,150350,2202
10/19/2021,South Dakota,858469,738,1,151088,2203
10/20/2021,South Dakota,858469,466,2,151554,2205
10/21/2021,South Dakota,858469,417,9,151971,2214
10/22/2021,South Dakota,858469,337,4,152308,2218
10/23/2021,South Dakota,858469,0,0,152308,2218
10/24/2021,South Dakota,858469,0,0,152308,2218
10/25/2021,South Dakota,858469,295,2,152603,2220
10/26/2021,South Dakota,858469,718,8,153321,2228
10/27/2021,South Dakota,858469,453,3,153774,2231
10/28/2021,South Dakota,858469,312,3,154086,2234
10/29/2021,South Dakota,858469,396,1,154482,2235
10/30/2021,South Dakota,858469,0,0,154482,2235
10/31/2021,South Dakota,858469,0,0,154482,2235
11/1/2021,South Dakota,858469,403,6,154885,2241
11/2/2021,South Dakota,858469,718,8,155603,2249
11/3/2021,South Dakota,858469,520,4,156123,2253
11/4/2021,South Dakota,858469,441,7,156564,2260
11/5/2021,South Dakota,858469,431,7,156995,2267
11/6/2021,South Dakota,858469,0,0,156995,2267
11/7/2021,South Dakota,858469,0,0,156995,2267
11/8/2021,South Dakota,858469,401,0,157396,2267
11/9/2021,South Dakota,858469,871,3,158267,2270
11/10/2021,South Dakota,858469,555,7,158822,2277
11/11/2021,South Dakota,858469,0,0,158822,2277
11/12/2021,South Dakota,858469,521,4,159343,2281
11/13/2021,South Dakota,858469,0,0,159343,2281
11/14/2021,South Dakota,858469,0,0,159343,2281
11/15/2021,South Dakota,858469,745,8,160088,2289
11/16/2021,South Dakota,858469,904,5,160992,2294
11/17/2021,South Dakota,858469,482,3,161474,2297
11/18/2021,South Dakota,858469,486,6,161960,2303
11/19/2021,South Dakota,858469,415,2,162375,2305
11/20/2021,South Dakota,858469,0,0,162375,2305
11/21/2021,South Dakota,858469,0,0,162375,2305
11/22/2021,South Dakota,858469,415,4,162790,2309
11/23/2021,South Dakota,858469,931,9,163721,2318
11/24/2021,South Dakota,858469,571,2,164292,2320
11/25/2021,South Dakota,858469,0,0,164292,2320
11/26/2021,South Dakota,858469,0,0,164292,2320
11/27/2021,South Dakota,858469,0,0,164292,2320
11/28/2021,South Dakota,858469,0,0,164292,2320
11/29/2021,South Dakota,858469,575,8,164867,2328
11/30/2021,South Dakota,858469,1341,6,166208,2334
12/1/2021,South Dakota,858469,936,15,167144,2349
12/2/2021,South Dakota,858469,615,6,167759,2355
12/3/2021,South Dakota,858469,512,2,168271,2357
12/4/2021,South Dakota,858469,0,0,168271,2357
12/5/2021,South Dakota,858469,0,0,168271,2357
12/6/2021,South Dakota,858469,492,14,168763,2371
12/7/2021,South Dakota,858469,1026,4,169789,2375
12/8/2021,South Dakota,858469,627,9,170416,2384
12/9/2021,South Dakota,858469,384,8,170800,2392
12/10/2021,South Dakota,858469,448,6,171248,2398
12/11/2021,South Dakota,858469,0,0,171248,2398
12/12/2021,South Dakota,858469,0,0,171248,2398
12/13/2021,South Dakota,858469,335,9,171583,2407
12/14/2021,South Dakota,858469,717,4,172300,2411
12/15/2021,South Dakota,858469,444,8,172744,2419
12/16/2021,South Dakota,858469,513,11,173257,2430
12/17/2021,South Dakota,858469,398,3,173655,2433
12/18/2021,South Dakota,858469,0,0,173655,2433
12/19/2021,South Dakota,858469,0,0,173655,2433
12/20/2021,South Dakota,858469,366,5,174021,2438
12/21/2021,South Dakota,858469,762,11,174783,2449
12/22/2021,South Dakota,858469,466,1,175249,2450
12/23/2021,South Dakota,858469,428,6,175677,2456
12/24/2021,South Dakota,858469,0,0,175677,2456
12/25/2021,South Dakota,858469,0,0,175677,2456
12/26/2021,South Dakota,858469,0,0,175677,2456
12/27/2021,South Dakota,858469,509,13,176186,2469
12/28/2021,South Dakota,858469,1265,-1,177451,2468
12/29/2021,South Dakota,858469,944,6,178395,2474
12/30/2021,South Dakota,858469,809,12,179204,2486
12/31/2021,South Dakota,858469,0,0,179204,2486
1/1/2022,South Dakota,858469,0,0,179204,2486
1/2/2022,South Dakota,858469,0,0,179204,2486
1/3/2022,South Dakota,858469,779,8,179983,2494
1/4/2022,South Dakota,858469,3047,4,183030,2498
1/5/2022,South Dakota,858469,2254,9,185284,2507
1/6/2022,South Dakota,858469,2183,13,187467,2520
1/7/2022,South Dakota,858469,1944,2,189411,2522
1/8/2022,South Dakota,858469,0,0,189411,2522
1/9/2022,South Dakota,858469,0,0,189411,2522
1/10/2022,South Dakota,858469,1683,6,191094,2528
1/11/2022,South Dakota,858469,4110,0,195204,2528
1/12/2022,South Dakota,858469,2708,6,197912,2534
1/13/2022,South Dakota,858469,2584,10,200496,2544
1/14/2022,South Dakota,858469,2641,15,203137,2559
1/15/2022,South Dakota,858469,0,0,203137,2559
1/16/2022,South Dakota,858469,0,0,203137,2559
1/17/2022,South Dakota,858469,0,0,203137,2559
1/18/2022,South Dakota,858469,2265,1,205402,2560
1/19/2022,South Dakota,858469,6483,13,211885,2573
1/20/2022,South Dakota,858469,2588,9,214473,2582
1/21/2022,South Dakota,858469,2183,19,216656,2601
1/22/2022,South Dakota,858469,0,0,216656,2601
1/23/2022,South Dakota,858469,0,0,216656,2601
1/24/2022,South Dakota,858469,1887,5,218543,2606
1/25/2022,South Dakota,858469,2829,3,221372,2609
1/26/2022,South Dakota,858469,1508,14,222880,2623
1/27/2022,South Dakota,858469,1358,5,224238,2628
1/28/2022,South Dakota,858469,1145,9,225383,2637
1/29/2022,South Dakota,858469,0,0,225383,2637
1/30/2022,South Dakota,858469,0,0,225383,2637
1/31/2022,South Dakota,858469,1030,13,226413,2650
2/1/2022,South Dakota,858469,1756,10,228169,2660
2/2/2022,South Dakota,858469,769,5,228938,2665
2/3/2022,South Dakota,858469,733,12,229671,2677
2/4/2022,South Dakota,858469,569,10,230240,2687
2/5/2022,South Dakota,858469,0,0,230240,2687
2/6/2022,South Dakota,858469,0,0,230240,2687
2/7/2022,South Dakota,858469,594,4,230834,2691
2/8/2022,South Dakota,858469,545,6,231379,2697
7/1/2021,Tennessee,6600299,219,6,854430,12472
7/2/2021,Tennessee,6600299,226,11,854656,12483
7/3/2021,Tennessee,6600299,5,0,854661,12483
7/4/2021,Tennessee,6600299,0,0,854661,12483
7/5/2021,Tennessee,6600299,0,0,854661,12483
7/6/2021,Tennessee,6600299,716,6,855377,12489
7/7/2021,Tennessee,6600299,430,6,855807,12495
7/8/2021,Tennessee,6600299,397,9,856204,12504
7/9/2021,Tennessee,6600299,639,4,856843,12508
7/10/2021,Tennessee,6600299,31,0,856874,12508
7/11/2021,Tennessee,6600299,0,0,856874,12508
7/12/2021,Tennessee,6600299,1059,11,857933,12519
7/13/2021,Tennessee,6600299,569,7,858502,12526
7/14/2021,Tennessee,6600299,614,9,859116,12535
7/15/2021,Tennessee,6600299,539,3,859655,12538
7/16/2021,Tennessee,6600299,1046,0,860701,12538
7/17/2021,Tennessee,6600299,27,6,860728,12544
7/18/2021,Tennessee,6600299,0,0,860728,12544
7/19/2021,Tennessee,6600299,1613,4,862341,12548
7/20/2021,Tennessee,6600299,887,7,863228,12555
7/21/2021,Tennessee,6600299,1415,4,864643,12559
7/22/2021,Tennessee,6600299,1226,14,865869,12573
7/23/2021,Tennessee,6600299,1544,7,867413,12580
7/24/2021,Tennessee,6600299,36,0,867449,12580
7/25/2021,Tennessee,6600299,0,0,867449,12580
7/26/2021,Tennessee,6600299,3574,16,871023,12596
7/27/2021,Tennessee,6600299,1802,20,872825,12616
7/28/2021,Tennessee,6600299,2289,12,875114,12628
7/29/2021,Tennessee,6600299,2398,8,877512,12636
7/30/2021,Tennessee,6600299,2289,2,879801,12638
7/31/2021,Tennessee,6600299,57,0,879858,12638
8/1/2021,Tennessee,6600299,0,0,879858,12638
8/2/2021,Tennessee,6600299,6578,26,886436,12664
8/3/2021,Tennessee,6600299,2351,16,888787,12680
8/4/2021,Tennessee,6600299,3820,9,892607,12689
8/5/2021,Tennessee,6600299,2970,14,895577,12703
8/6/2021,Tennessee,6600299,3875,28,899452,12731
8/7/2021,Tennessee,6600299,94,0,899546,12731
8/8/2021,Tennessee,6600299,0,0,899546,12731
8/9/2021,Tennessee,6600299,9193,16,908739,12747
8/10/2021,Tennessee,6600299,3425,40,912164,12787
8/11/2021,Tennessee,6600299,4156,7,916320,12794
8/12/2021,Tennessee,6600299,4740,18,921060,12812
8/13/2021,Tennessee,6600299,5037,28,926097,12840
8/14/2021,Tennessee,6600299,0,0,926097,12840
8/15/2021,Tennessee,6600299,0,0,926097,12840
8/16/2021,Tennessee,6600299,12909,44,939006,12884
8/17/2021,Tennessee,6600299,3482,32,942488,12916
8/18/2021,Tennessee,6600299,5023,27,947511,12943
8/19/2021,Tennessee,6600299,5793,52,953304,12995
8/20/2021,Tennessee,6600299,7638,46,960942,13041
8/21/2021,Tennessee,6600299,76,0,961018,13041
8/22/2021,Tennessee,6600299,111,0,961129,13041
8/23/2021,Tennessee,6600299,19378,61,980507,13102
8/24/2021,Tennessee,6600299,4619,30,985126,13132
8/25/2021,Tennessee,6600299,864,0,985990,13132
8/26/2021,Tennessee,6600299,9924,69,995914,13201
8/27/2021,Tennessee,6600299,7653,40,1003567,13241
8/28/2021,Tennessee,6600299,71,0,1003638,13241
8/29/2021,Tennessee,6600299,86,0,1003724,13241
8/30/2021,Tennessee,6600299,19671,81,1023395,13322
8/31/2021,Tennessee,6600299,9039,56,1032434,13378
9/1/2021,Tennessee,6600299,9382,32,1041816,13410
9/2/2021,Tennessee,6600299,3031,36,1044847,13446
9/3/2021,Tennessee,6600299,6403,76,1051250,13522
9/4/2021,Tennessee,6600299,113,0,1051363,13522
9/5/2021,Tennessee,6600299,80,0,1051443,13522
9/6/2021,Tennessee,6600299,156,0,1051599,13522
9/7/2021,Tennessee,6600299,33510,90,1085109,13612
9/8/2021,Tennessee,6600299,5155,81,1090264,13693
9/9/2021,Tennessee,6600299,3895,74,1094159,13767
9/10/2021,Tennessee,6600299,4959,11,1099118,13778
9/11/2021,Tennessee,6600299,0,0,1099118,13778
9/12/2021,Tennessee,6600299,0,0,1099118,13778
9/13/2021,Tennessee,6600299,29005,116,1128123,13894
9/14/2021,Tennessee,6600299,5077,126,1133200,14020
9/15/2021,Tennessee,6600299,7115,87,1140315,14107
9/16/2021,Tennessee,6600299,4533,66,1144848,14173
9/17/2021,Tennessee,6600299,6338,52,1151186,14225
9/18/2021,Tennessee,6600299,0,0,1151186,14225
9/19/2021,Tennessee,6600299,0,0,1151186,14225
9/20/2021,Tennessee,6600299,12084,109,1163270,14334
9/21/2021,Tennessee,6600299,0,0,1163270,14334
9/22/2021,Tennessee,6600299,9326,226,1172596,14560
9/23/2021,Tennessee,6600299,3804,63,1176400,14623
9/24/2021,Tennessee,6600299,5291,84,1181691,14707
9/25/2021,Tennessee,6600299,0,0,1181691,14707
9/26/2021,Tennessee,6600299,0,0,1181691,14707
9/27/2021,Tennessee,6600299,7738,127,1189429,14834
9/28/2021,Tennessee,6600299,3307,100,1192736,14934
9/29/2021,Tennessee,6600299,3571,43,1196307,14977
9/30/2021,Tennessee,6600299,3957,49,1200264,15026
10/1/2021,Tennessee,6600299,3267,56,1203531,15082
10/2/2021,Tennessee,6600299,0,0,1203531,15082
10/3/2021,Tennessee,6600299,0,0,1203531,15082
10/4/2021,Tennessee,6600299,6089,118,1209620,15200
10/5/2021,Tennessee,6600299,3109,77,1212729,15277
10/6/2021,Tennessee,6600299,3091,40,1215820,15317
10/7/2021,Tennessee,6600299,2370,61,1218190,15378
10/8/2021,Tennessee,6600299,2422,50,1220612,15428
10/9/2021,Tennessee,6600299,0,0,1220612,15428
10/10/2021,Tennessee,6600299,0,0,1220612,15428
10/11/2021,Tennessee,6600299,4437,24,1225049,15452
10/12/2021,Tennessee,6600299,2589,102,1227638,15554
10/13/2021,Tennessee,6600299,2295,47,1229933,15601
10/14/2021,Tennessee,6600299,1980,35,1231913,15636
10/15/2021,Tennessee,6600299,2001,60,1233914,15696
10/16/2021,Tennessee,6600299,0,0,1233914,15696
10/17/2021,Tennessee,6600299,0,0,1233914,15696
10/18/2021,Tennessee,6600299,3126,58,1237040,15754
10/19/2021,Tennessee,6600299,1554,86,1238594,15840
10/20/2021,Tennessee,6600299,1872,79,1240466,15919
10/21/2021,Tennessee,6600299,1601,52,1242067,15971
10/22/2021,Tennessee,6600299,1366,54,1243433,16025
10/23/2021,Tennessee,6600299,0,0,1243433,16025
10/24/2021,Tennessee,6600299,0,0,1243433,16025
10/25/2021,Tennessee,6600299,0,0,1243433,16025
10/26/2021,Tennessee,6600299,3759,84,1247192,16109
10/27/2021,Tennessee,6600299,1201,51,1248393,16160
10/28/2021,Tennessee,6600299,1615,27,1250008,16187
10/29/2021,Tennessee,6600299,1103,29,1251111,16216
10/30/2021,Tennessee,6600299,0,0,1251111,16216
10/31/2021,Tennessee,6600299,0,0,1251111,16216
11/1/2021,Tennessee,6600299,0,0,1251111,16216
11/2/2021,Tennessee,6600299,3292,57,1254403,16273
11/3/2021,Tennessee,6600299,1097,42,1255500,16315
11/4/2021,Tennessee,6600299,1210,30,1256710,16345
11/5/2021,Tennessee,6600299,932,27,1257642,16372
11/6/2021,Tennessee,6600299,0,0,1257642,16372
11/7/2021,Tennessee,6600299,0,0,1257642,16372
11/8/2021,Tennessee,6600299,0,0,1257642,16372
11/9/2021,Tennessee,6600299,3398,91,1261040,16463
11/10/2021,Tennessee,6600299,2004,29,1263044,16492
11/11/2021,Tennessee,6600299,0,0,1263044,16492
11/12/2021,Tennessee,6600299,2535,37,1265579,16529
11/13/2021,Tennessee,6600299,0,0,1265579,16529
11/14/2021,Tennessee,6600299,0,0,1265579,16529
11/15/2021,Tennessee,6600299,2612,15,1268191,16544
11/16/2021,Tennessee,6600299,1334,57,1269525,16601
11/17/2021,Tennessee,6600299,1628,49,1271153,16650
11/18/2021,Tennessee,6600299,1735,6,1272888,16656
11/19/2021,Tennessee,6600299,1592,33,1274480,16689
11/20/2021,Tennessee,6600299,0,0,1274480,16689
11/21/2021,Tennessee,6600299,0,0,1274480,16689
11/22/2021,Tennessee,6600299,2875,31,1277355,16720
11/23/2021,Tennessee,6600299,1486,55,1278841,16775
11/24/2021,Tennessee,6600299,1634,51,1280475,16826
11/25/2021,Tennessee,6600299,0,0,1280475,16826
11/26/2021,Tennessee,6600299,0,0,1280475,16826
11/27/2021,Tennessee,6600299,0,0,1280475,16826
11/28/2021,Tennessee,6600299,0,0,1280475,16826
11/29/2021,Tennessee,6600299,4148,34,1284623,16860
11/30/2021,Tennessee,6600299,2147,43,1286770,16903
12/1/2021,Tennessee,6600299,2108,151,1288878,17054
12/2/2021,Tennessee,6600299,2405,98,1291283,17152
12/3/2021,Tennessee,6600299,2143,102,1293426,17254
12/4/2021,Tennessee,6600299,0,0,1293426,17254
12/5/2021,Tennessee,6600299,0,0,1293426,17254
12/6/2021,Tennessee,6600299,4119,87,1297545,17341
12/7/2021,Tennessee,6600299,1996,154,1299541,17495
12/8/2021,Tennessee,6600299,2132,24,1301673,17519
12/9/2021,Tennessee,6600299,0,0,1301673,17519
12/10/2021,Tennessee,6600299,4518,55,1306191,17574
12/11/2021,Tennessee,6600299,0,0,1306191,17574
12/12/2021,Tennessee,6600299,0,0,1306191,17574
12/13/2021,Tennessee,6600299,3709,38,1309900,17612
12/14/2021,Tennessee,6600299,1788,50,1311688,17662
12/15/2021,Tennessee,6600299,2106,81,1313794,17743
12/16/2021,Tennessee,6600299,2205,39,1315999,17782
12/17/2021,Tennessee,6600299,2412,46,1318411,17828
12/18/2021,Tennessee,6600299,0,0,1318411,17828
12/19/2021,Tennessee,6600299,0,0,1318411,17828
12/20/2021,Tennessee,6600299,5551,66,1323962,17894
12/21/2021,Tennessee,6600299,2828,91,1326790,17985
12/22/2021,Tennessee,6600299,3518,68,1330308,18053
12/23/2021,Tennessee,6600299,5780,2128,1336088,20181
12/24/2021,Tennessee,6600299,0,0,1336088,20181
12/25/2021,Tennessee,6600299,0,0,1336088,20181
12/26/2021,Tennessee,6600299,0,0,1336088,20181
12/27/2021,Tennessee,6600299,14544,219,1350632,20400
12/28/2021,Tennessee,6600299,6151,125,1356783,20525
12/29/2021,Tennessee,6600299,9597,37,1366380,20562
12/30/2021,Tennessee,6600299,13537,78,1379917,20640
12/31/2021,Tennessee,6600299,0,0,1379917,20640
1/1/2022,Tennessee,6600299,0,0,1379917,20640
1/2/2022,Tennessee,6600299,0,0,1379917,20640
1/3/2022,Tennessee,6600299,39300,51,1419217,20691
1/4/2022,Tennessee,6600299,8756,50,1427973,20741
1/5/2022,Tennessee,6600299,0,0,1427973,20741
1/6/2022,Tennessee,6600299,15401,46,1443374,20787
1/7/2022,Tennessee,6600299,17684,37,1461058,20824
1/8/2022,Tennessee,6600299,19593,29,1480651,20853
1/9/2022,Tennessee,6600299,0,0,1480651,20853
1/10/2022,Tennessee,6600299,0,0,1480651,20853
1/11/2022,Tennessee,6600299,34188,67,1514839,20920
1/12/2022,Tennessee,6600299,13462,58,1528301,20978
1/13/2022,Tennessee,6600299,12882,46,1541183,21024
1/14/2022,Tennessee,6600299,16397,67,1557580,21091
1/15/2022,Tennessee,6600299,21308,177,1578888,21268
1/16/2022,Tennessee,6600299,0,0,1578888,21268
1/17/2022,Tennessee,6600299,0,0,1578888,21268
1/18/2022,Tennessee,6600299,46763,236,1625651,21504
1/19/2022,Tennessee,6600299,8427,2,1634078,21506
1/20/2022,Tennessee,6600299,16509,97,1650587,21603
1/21/2022,Tennessee,6600299,22106,69,1672693,21672
1/22/2022,Tennessee,6600299,21664,140,1694357,21812
1/23/2022,Tennessee,6600299,0,0,1694357,21812
1/24/2022,Tennessee,6600299,0,0,1694357,21812
1/25/2022,Tennessee,6600299,44713,135,1739070,21947
1/26/2022,Tennessee,6600299,15985,87,1755055,22034
1/27/2022,Tennessee,6600299,16072,57,1771127,22091
1/28/2022,Tennessee,6600299,14108,67,1785235,22158
1/29/2022,Tennessee,6600299,17692,73,1802927,22231
1/30/2022,Tennessee,6600299,0,0,1802927,22231
1/31/2022,Tennessee,6600299,0,0,1802927,22231
2/1/2022,Tennessee,6600299,27938,168,1830865,22399
2/2/2022,Tennessee,6600299,4413,145,1835278,22544
2/3/2022,Tennessee,6600299,12264,74,1847542,22618
2/4/2022,Tennessee,6600299,11275,70,1858817,22688
2/5/2022,Tennessee,6600299,21742,74,1880559,22762
2/6/2022,Tennessee,6600299,0,0,1880559,22762
2/7/2022,Tennessee,6600299,0,0,1880559,22762
2/8/2022,Tennessee,6600299,14326,41,1894885,22803
7/1/2021,Texas,27469114,1310,36,2995274,52554
7/2/2021,Texas,27469114,1878,43,2997152,52597
7/3/2021,Texas,27469114,1229,24,2998381,52621
7/4/2021,Texas,27469114,219,13,2998600,52634
7/5/2021,Texas,27469114,537,0,2999137,52634
7/6/2021,Texas,27469114,1171,22,3000308,52656
7/7/2021,Texas,27469114,4060,25,3004368,52681
7/8/2021,Texas,27469114,2357,34,3006725,52715
7/9/2021,Texas,27469114,2400,36,3009125,52751
7/10/2021,Texas,27469114,1596,17,3010721,52768
7/11/2021,Texas,27469114,430,4,3011151,52772
7/12/2021,Texas,27469114,1814,24,3012965,52796
7/13/2021,Texas,27469114,5332,28,3018297,52824
7/14/2021,Texas,27469114,4768,31,3023065,52855
7/15/2021,Texas,27469114,3009,37,3026074,52892
7/16/2021,Texas,27469114,4682,27,3030756,52919
7/17/2021,Texas,27469114,2633,28,3033389,52947
7/18/2021,Texas,27469114,1746,9,3035135,52956
7/19/2021,Texas,27469114,2553,10,3037688,52966
7/20/2021,Texas,27469114,4785,26,3042473,52992
7/21/2021,Texas,27469114,7810,43,3050283,53035
7/22/2021,Texas,27469114,7558,35,3057841,53070
7/23/2021,Texas,27469114,6812,48,3064653,53118
7/24/2021,Texas,27469114,5046,23,3069699,53141
7/25/2021,Texas,27469114,1398,15,3071097,53156
7/26/2021,Texas,27469114,5300,15,3076397,53171
7/27/2021,Texas,27469114,11881,39,3088278,53210
7/28/2021,Texas,27469114,8769,65,3097047,53275
7/29/2021,Texas,27469114,15475,34,3112522,53309
7/30/2021,Texas,27469114,14195,58,3126717,53367
7/31/2021,Texas,27469114,5631,35,3132348,53402
8/1/2021,Texas,27469114,3347,18,3135695,53420
8/2/2021,Texas,27469114,8245,30,3143940,53450
8/3/2021,Texas,27469114,20135,64,3164075,53514
8/4/2021,Texas,27469114,11649,65,3175724,53579
8/5/2021,Texas,27469114,17534,77,3193258,53656
8/6/2021,Texas,27469114,24559,74,3217817,53730
8/7/2021,Texas,27469114,11265,58,3229082,53788
8/8/2021,Texas,27469114,2372,28,3231454,53816
8/9/2021,Texas,27469114,11712,37,3243166,53853
8/10/2021,Texas,27469114,20179,100,3263345,53953
8/11/2021,Texas,27469114,21854,108,3285199,54061
8/12/2021,Texas,27469114,13193,139,3298392,54200
8/13/2021,Texas,27469114,17816,145,3316208,54345
8/14/2021,Texas,27469114,10909,96,3327117,54441
8/15/2021,Texas,27469114,5942,47,3333059,54488
8/16/2021,Texas,27469114,13830,49,3346889,54537
8/17/2021,Texas,27469114,25497,106,3372386,54643
8/18/2021,Texas,27469114,19905,176,3392291,54819
8/19/2021,Texas,27469114,18576,212,3410867,55031
8/20/2021,Texas,27469114,22650,198,3433517,55229
8/21/2021,Texas,27469114,18221,161,3451738,55390
8/22/2021,Texas,27469114,3880,60,3455618,55450
8/23/2021,Texas,27469114,11352,59,3466970,55509
8/24/2021,Texas,27469114,21065,210,3488035,55719
8/25/2021,Texas,27469114,23412,248,3511447,55967
8/26/2021,Texas,27469114,15643,261,3527090,56228
8/27/2021,Texas,27469114,21281,291,3548371,56519
8/28/2021,Texas,27469114,10568,222,3558939,56741
8/29/2021,Texas,27469114,3869,109,3562808,56850
8/30/2021,Texas,27469114,19479,125,3582287,56975
8/31/2021,Texas,27469114,22151,230,3604438,57205
9/1/2021,Texas,27469114,26427,328,3630865,57533
9/2/2021,Texas,27469114,19469,336,3650334,57869
9/3/2021,Texas,27469114,26795,288,3677129,58157
9/4/2021,Texas,27469114,16206,265,3693335,58422
9/5/2021,Texas,27469114,2910,150,3696245,58572
9/6/2021,Texas,27469114,4711,47,3700956,58619
9/7/2021,Texas,27469114,9763,169,3710719,58788
9/8/2021,Texas,27469114,42057,302,3752776,59090
9/9/2021,Texas,27469114,32054,402,3784830,59492
9/10/2021,Texas,27469114,18075,413,3802905,59905
9/11/2021,Texas,27469114,10414,316,3813319,60221
9/12/2021,Texas,27469114,2499,136,3815818,60357
9/13/2021,Texas,27469114,17493,118,3833311,60475
9/14/2021,Texas,27469114,24281,315,3857592,60790
9/15/2021,Texas,27469114,22741,417,3880333,61207
9/16/2021,Texas,27469114,16938,366,3897271,61573
9/17/2021,Texas,27469114,18404,358,3915675,61931
9/18/2021,Texas,27469114,9553,295,3925228,62226
9/19/2021,Texas,27469114,1527,97,3926755,62323
9/20/2021,Texas,27469114,12001,109,3938756,62432
9/21/2021,Texas,27469114,15953,346,3954709,62778
9/22/2021,Texas,27469114,17293,384,3972002,63162
9/23/2021,Texas,27469114,10644,446,3982646,63608
9/24/2021,Texas,27469114,16746,408,3999392,64016
9/25/2021,Texas,27469114,5846,258,4005238,64274
9/26/2021,Texas,27469114,5975,145,4011213,64419
9/27/2021,Texas,27469114,10454,119,4021667,64538
9/28/2021,Texas,27469114,14198,268,4035865,64806
9/29/2021,Texas,27469114,14257,385,4050122,65191
9/30/2021,Texas,27469114,9834,341,4059956,65532
10/1/2021,Texas,27469114,9519,326,4069475,65858
10/2/2021,Texas,27469114,6351,248,4075826,66106
10/3/2021,Texas,27469114,1131,128,4076957,66234
10/4/2021,Texas,27469114,7818,133,4084775,66367
10/5/2021,Texas,27469114,10642,271,4095417,66638
10/6/2021,Texas,27469114,12724,377,4108141,67015
10/7/2021,Texas,27469114,7954,252,4116095,67267
10/8/2021,Texas,27469114,7851,392,4123946,67659
10/9/2021,Texas,27469114,4999,230,4128945,67889
10/10/2021,Texas,27469114,1009,105,4129954,67994
10/11/2021,Texas,27469114,5448,63,4135402,68057
10/12/2021,Texas,27469114,9748,230,4145150,68287
10/13/2021,Texas,27469114,9697,300,4154847,68587
10/14/2021,Texas,27469114,5594,224,4160441,68811
10/15/2021,Texas,27469114,6830,260,4167271,69071
10/16/2021,Texas,27469114,3313,202,4170584,69273
10/17/2021,Texas,27469114,862,100,4171446,69373
10/18/2021,Texas,27469114,4987,69,4176433,69442
10/19/2021,Texas,27469114,6256,207,4182689,69649
10/20/2021,Texas,27469114,5850,255,4188539,69904
10/21/2021,Texas,27469114,5695,224,4194234,70128
10/22/2021,Texas,27469114,4266,227,4198500,70355
10/23/2021,Texas,27469114,2908,176,4201408,70531
10/24/2021,Texas,27469114,1201,62,4202609,70593
10/25/2021,Texas,27469114,4391,72,4207000,70665
10/26/2021,Texas,27469114,5519,150,4212519,70815
10/27/2021,Texas,27469114,4217,237,4216736,71052
10/28/2021,Texas,27469114,6101,162,4222837,71214
10/29/2021,Texas,27469114,4211,190,4227048,71404
10/30/2021,Texas,27469114,2971,61,4230019,71465
10/31/2021,Texas,27469114,398,52,4230417,71517
11/1/2021,Texas,27469114,3337,70,4233754,71587
11/2/2021,Texas,27469114,5172,121,4238926,71708
11/3/2021,Texas,27469114,4266,154,4243192,71862
11/4/2021,Texas,27469114,3613,125,4246805,71987
11/5/2021,Texas,27469114,3089,138,4249894,72125
11/6/2021,Texas,27469114,2220,110,4252114,72235
11/7/2021,Texas,27469114,789,43,4252903,72278
11/8/2021,Texas,27469114,2405,59,4255308,72337
11/9/2021,Texas,27469114,5037,102,4260345,72439
11/10/2021,Texas,27469114,3036,23,4263381,72462
11/11/2021,Texas,27469114,5882,282,4269263,72744
11/12/2021,Texas,27469114,3264,270,4272527,73014
11/13/2021,Texas,27469114,2809,68,4275336,73082
11/14/2021,Texas,27469114,486,28,4275822,73110
11/15/2021,Texas,27469114,3403,50,4279225,73160
11/16/2021,Texas,27469114,5082,75,4284307,73235
11/17/2021,Texas,27469114,4088,122,4288395,73357
11/18/2021,Texas,27469114,4283,140,4292678,73497
11/19/2021,Texas,27469114,3970,94,4296648,73591
11/20/2021,Texas,27469114,1466,73,4298114,73664
11/21/2021,Texas,27469114,782,25,4298896,73689
11/22/2021,Texas,27469114,4108,47,4303004,73736
11/23/2021,Texas,27469114,3958,96,4306962,73832
11/24/2021,Texas,27469114,5702,89,4312664,73921
11/25/2021,Texas,27469114,329,1,4312993,73922
11/26/2021,Texas,27469114,40,1,4313033,73923
11/27/2021,Texas,27469114,37,0,4313070,73923
11/28/2021,Texas,27469114,-6,0,4313064,73923
11/29/2021,Texas,27469114,8455,146,4321519,74069
11/30/2021,Texas,27469114,6107,76,4327626,74145
12/1/2021,Texas,27469114,4385,99,4332011,74244
12/2/2021,Texas,27469114,4316,102,4336327,74346
12/3/2021,Texas,27469114,4178,76,4340505,74422
12/4/2021,Texas,27469114,1920,63,4342425,74485
12/5/2021,Texas,27469114,964,27,4343389,74512
12/6/2021,Texas,27469114,3985,20,4347374,74532
12/7/2021,Texas,27469114,4979,57,4352353,74589
12/8/2021,Texas,27469114,4202,96,4356555,74685
12/9/2021,Texas,27469114,3591,82,4360146,74767
12/10/2021,Texas,27469114,17611,103,4377757,74870
12/11/2021,Texas,27469114,3783,25,4381540,74895
12/12/2021,Texas,27469114,1822,28,4383362,74923
12/13/2021,Texas,27469114,4668,25,4388030,74948
12/14/2021,Texas,27469114,5526,77,4393556,75025
12/15/2021,Texas,27469114,5543,87,4399099,75112
12/16/2021,Texas,27469114,5859,100,4404958,75212
12/17/2021,Texas,27469114,6289,98,4411247,75310
12/18/2021,Texas,27469114,6775,61,4418022,75371
12/19/2021,Texas,27469114,6536,21,4424558,75392
12/20/2021,Texas,27469114,10569,22,4435127,75414
12/21/2021,Texas,27469114,11203,58,4446330,75472
12/22/2021,Texas,27469114,11196,81,4457526,75553
12/23/2021,Texas,27469114,12248,82,4469774,75635
12/24/2021,Texas,27469114,39,0,4469813,75635
12/25/2021,Texas,27469114,0,0,4469813,75635
12/26/2021,Texas,27469114,0,0,4469813,75635
12/27/2021,Texas,27469114,53547,161,4523360,75796
12/28/2021,Texas,27469114,15411,81,4538771,75877
12/29/2021,Texas,27469114,15536,78,4554307,75955
12/30/2021,Texas,27469114,20069,106,4574376,76061
12/31/2021,Texas,27469114,505,1,4574881,76062
1/1/2022,Texas,27469114,3882,0,4578763,76062
1/2/2022,Texas,27469114,2843,0,4581606,76062
1/3/2022,Texas,27469114,164902,218,4746508,76280
1/4/2022,Texas,27469114,53990,67,4800498,76347
1/5/2022,Texas,27469114,47796,99,4848294,76446
1/6/2022,Texas,27469114,45676,123,4893970,76569
1/7/2022,Texas,27469114,53772,107,4947742,76676
1/8/2022,Texas,27469114,49172,94,4996914,76770
1/9/2022,Texas,27469114,40304,41,5037218,76811
1/10/2022,Texas,27469114,47856,28,5085074,76839
1/11/2022,Texas,27469114,56588,110,5141662,76949
1/12/2022,Texas,27469114,73895,145,5215557,77094
1/13/2022,Texas,27469114,72204,118,5287761,77212
1/14/2022,Texas,27469114,121020,135,5408781,77347
1/15/2022,Texas,27469114,63244,120,5472025,77467
1/16/2022,Texas,27469114,50151,49,5522176,77516
1/17/2022,Texas,27469114,68268,3,5590444,77519
1/18/2022,Texas,27469114,53953,140,5644397,77659
1/19/2022,Texas,27469114,56047,150,5700444,77809
1/20/2022,Texas,27469114,46415,177,5746859,77986
1/21/2022,Texas,27469114,66246,185,5813105,78171
1/22/2022,Texas,27469114,63017,155,5876122,78326
1/23/2022,Texas,27469114,58118,62,5934240,78388
1/24/2022,Texas,27469114,38924,62,5973164,78450
1/25/2022,Texas,27469114,45056,149,6018220,78599
1/26/2022,Texas,27469114,30734,288,6048954,78887
1/27/2022,Texas,27469114,34796,224,6083750,79111
1/28/2022,Texas,27469114,38682,213,6122432,79324
1/29/2022,Texas,27469114,44150,195,6166582,79519
1/30/2022,Texas,27469114,26235,102,6192817,79621
1/31/2022,Texas,27469114,26529,73,6219346,79694
2/1/2022,Texas,27469114,35521,240,6254867,79934
2/2/2022,Texas,27469114,26051,287,6280918,80221
2/3/2022,Texas,27469114,27945,297,6308863,80518
2/4/2022,Texas,27469114,22174,167,6331037,80685
2/5/2022,Texas,27469114,20191,187,6351228,80872
2/6/2022,Texas,27469114,18058,37,6369286,80909
2/7/2022,Texas,27469114,16127,71,6385413,80980
2/8/2022,Texas,27469114,15116,295,6400529,81275
7/1/2021,Utah,2763885,540,4,415750,2375
7/2/2021,Utah,2763885,431,3,416181,2378
7/3/2021,Utah,2763885,0,0,416181,2378
7/4/2021,Utah,2763885,0,0,416181,2378
7/5/2021,Utah,2763885,0,0,416181,2378
7/6/2021,Utah,2763885,1149,7,417330,2385
7/7/2021,Utah,2763885,394,2,417724,2387
7/8/2021,Utah,2763885,668,2,418392,2389
7/9/2021,Utah,2763885,655,4,419047,2393
7/10/2021,Utah,2763885,0,0,419047,2393
7/11/2021,Utah,2763885,0,0,419047,2393
7/12/2021,Utah,2763885,1238,6,420285,2399
7/13/2021,Utah,2763885,471,3,420756,2402
7/14/2021,Utah,2763885,637,5,421393,2407
7/15/2021,Utah,2763885,653,3,422046,2410
7/16/2021,Utah,2763885,668,3,422714,2413
7/17/2021,Utah,2763885,-24,0,422690,2413
7/18/2021,Utah,2763885,0,0,422690,2413
7/19/2021,Utah,2763885,1552,3,424242,2416
7/20/2021,Utah,2763885,559,4,424801,2420
7/21/2021,Utah,2763885,873,4,425674,2424
7/22/2021,Utah,2763885,815,1,426489,2425
7/23/2021,Utah,2763885,0,0,426489,2425
7/24/2021,Utah,2763885,0,0,426489,2425
7/25/2021,Utah,2763885,0,0,426489,2425
7/26/2021,Utah,2763885,2269,9,428758,2434
7/27/2021,Utah,2763885,614,7,429372,2441
7/28/2021,Utah,2763885,843,6,430215,2447
7/29/2021,Utah,2763885,1113,3,431328,2450
7/30/2021,Utah,2763885,1211,1,432539,2451
7/31/2021,Utah,2763885,0,0,432539,2451
8/1/2021,Utah,2763885,0,0,432539,2451
8/2/2021,Utah,2763885,2244,15,434783,2466
8/3/2021,Utah,2763885,728,5,435511,2471
8/4/2021,Utah,2763885,1051,8,436562,2479
8/5/2021,Utah,2763885,1096,7,437658,2486
8/6/2021,Utah,2763885,893,8,438551,2494
8/7/2021,Utah,2763885,0,0,438551,2494
8/8/2021,Utah,2763885,0,0,438551,2494
8/9/2021,Utah,2763885,2019,9,440570,2503
8/10/2021,Utah,2763885,634,8,441204,2511
8/11/2021,Utah,2763885,1115,7,442319,2518
8/12/2021,Utah,2763885,1243,3,443562,2521
8/13/2021,Utah,2763885,901,4,444463,2525
8/14/2021,Utah,2763885,-4,0,444459,2525
8/15/2021,Utah,2763885,0,0,444459,2525
8/16/2021,Utah,2763885,2423,12,446882,2537
8/17/2021,Utah,2763885,963,0,447845,2537
8/18/2021,Utah,2763885,1489,12,449334,2549
8/19/2021,Utah,2763885,1282,14,450616,2563
8/20/2021,Utah,2763885,1116,9,451732,2572
8/21/2021,Utah,2763885,0,0,451732,2572
8/22/2021,Utah,2763885,0,0,451732,2572
8/23/2021,Utah,2763885,2718,12,454450,2584
8/24/2021,Utah,2763885,1141,9,455591,2593
8/25/2021,Utah,2763885,1585,12,457176,2605
8/26/2021,Utah,2763885,1491,10,458667,2615
8/27/2021,Utah,2763885,1286,8,459953,2623
8/28/2021,Utah,2763885,0,0,459953,2623
8/29/2021,Utah,2763885,0,0,459953,2623
8/30/2021,Utah,2763885,3331,5,463284,2628
8/31/2021,Utah,2763885,1218,6,464502,2634
9/1/2021,Utah,2763885,1686,6,466188,2640
9/2/2021,Utah,2763885,1688,12,467876,2652
9/3/2021,Utah,2763885,1634,6,469510,2658
9/4/2021,Utah,2763885,0,0,469510,2658
9/5/2021,Utah,2763885,0,0,469510,2658
9/6/2021,Utah,2763885,0,0,469510,2658
9/7/2021,Utah,2763885,4659,27,474169,2685
9/8/2021,Utah,2763885,1540,8,475709,2693
9/9/2021,Utah,2763885,2166,10,477875,2703
9/10/2021,Utah,2763885,2189,21,480064,2724
9/11/2021,Utah,2763885,0,0,480064,2724
9/12/2021,Utah,2763885,0,0,480064,2724
9/13/2021,Utah,2763885,4214,16,484278,2740
9/14/2021,Utah,2763885,1276,13,485554,2753
9/15/2021,Utah,2763885,1885,11,487439,2764
9/16/2021,Utah,2763885,1885,15,489324,2779
9/17/2021,Utah,2763885,1749,8,491073,2787
9/18/2021,Utah,2763885,0,0,491073,2787
9/19/2021,Utah,2763885,0,0,491073,2787
9/20/2021,Utah,2763885,3393,17,494466,2804
9/21/2021,Utah,2763885,1330,25,495796,2829
9/22/2021,Utah,2763885,1725,12,497521,2841
9/23/2021,Utah,2763885,1599,19,499120,2860
9/24/2021,Utah,2763885,1672,9,500792,2869
9/25/2021,Utah,2763885,0,0,500792,2869
9/26/2021,Utah,2763885,0,0,500792,2869
9/27/2021,Utah,2763885,3176,23,503968,2892
9/28/2021,Utah,2763885,1132,13,505100,2905
9/29/2021,Utah,2763885,1787,15,506887,2920
9/30/2021,Utah,2763885,1706,12,508593,2932
10/1/2021,Utah,2763885,1715,11,510308,2943
10/2/2021,Utah,2763885,0,0,510308,2943
10/3/2021,Utah,2763885,0,0,510308,2943
10/4/2021,Utah,2763885,3300,8,513608,2951
10/5/2021,Utah,2763885,1265,11,514873,2962
10/6/2021,Utah,2763885,1975,12,516848,2974
10/7/2021,Utah,2763885,1806,9,518654,2983
10/8/2021,Utah,2763885,1637,11,520291,2994
10/9/2021,Utah,2763885,0,0,520291,2994
10/10/2021,Utah,2763885,0,0,520291,2994
10/11/2021,Utah,2763885,0,0,520291,2994
10/12/2021,Utah,2763885,4372,31,524663,3025
10/13/2021,Utah,2763885,1844,17,526507,3042
10/14/2021,Utah,2763885,1253,8,527760,3050
10/15/2021,Utah,2763885,1493,17,529253,3067
10/16/2021,Utah,2763885,0,0,529253,3067
10/17/2021,Utah,2763885,0,0,529253,3067
10/18/2021,Utah,2763885,3036,23,532289,3090
10/19/2021,Utah,2763885,1343,5,533632,3095
10/20/2021,Utah,2763885,1410,11,535042,3106
10/21/2021,Utah,2763885,2341,12,537383,3118
10/22/2021,Utah,2763885,1619,10,539002,3128
10/23/2021,Utah,2763885,0,0,539002,3128
10/24/2021,Utah,2763885,0,0,539002,3128
10/25/2021,Utah,2763885,3637,21,542639,3149
10/26/2021,Utah,2763885,1614,10,544253,3159
10/27/2021,Utah,2763885,2070,22,546323,3181
10/28/2021,Utah,2763885,1862,9,548185,3190
10/29/2021,Utah,2763885,1813,18,549998,3208
10/30/2021,Utah,2763885,0,0,549998,3208
10/31/2021,Utah,2763885,0,0,549998,3208
11/1/2021,Utah,2763885,3177,29,553175,3237
11/2/2021,Utah,2763885,1250,11,554425,3248
11/3/2021,Utah,2763885,2153,14,556578,3262
11/4/2021,Utah,2763885,2267,14,558845,3276
11/5/2021,Utah,2763885,1872,10,560717,3286
11/6/2021,Utah,2763885,0,0,560717,3286
11/7/2021,Utah,2763885,0,0,560717,3286
11/8/2021,Utah,2763885,3972,14,564689,3300
11/9/2021,Utah,2763885,1560,13,566249,3313
11/10/2021,Utah,2763885,1533,12,567782,3325
11/11/2021,Utah,2763885,0,0,567782,3325
11/12/2021,Utah,2763885,3846,22,571628,3347
11/13/2021,Utah,2763885,0,0,571628,3347
11/14/2021,Utah,2763885,0,0,571628,3347
11/15/2021,Utah,2763885,4502,26,576130,3373
11/16/2021,Utah,2763885,1238,13,577368,3386
11/17/2021,Utah,2763885,2129,12,579497,3398
11/18/2021,Utah,2763885,1791,13,581288,3411
11/19/2021,Utah,2763885,1766,17,583054,3428
11/20/2021,Utah,2763885,0,0,583054,3428
11/21/2021,Utah,2763885,0,0,583054,3428
11/22/2021,Utah,2763885,3829,14,586883,3442
11/23/2021,Utah,2763885,1153,15,588036,3457
11/24/2021,Utah,2763885,1806,13,589842,3470
11/25/2021,Utah,2763885,0,0,589842,3470
11/26/2021,Utah,2763885,2416,17,592258,3487
11/27/2021,Utah,2763885,0,0,592258,3487
11/28/2021,Utah,2763885,0,0,592258,3487
11/29/2021,Utah,2763885,2480,21,594738,3508
11/30/2021,Utah,2763885,1195,20,595933,3528
12/1/2021,Utah,2763885,2297,17,598230,3545
12/2/2021,Utah,2763885,1981,0,600211,3545
12/3/2021,Utah,2763885,1875,19,602086,3564
12/4/2021,Utah,2763885,0,0,602086,3564
12/5/2021,Utah,2763885,0,0,602086,3564
12/6/2021,Utah,2763885,3458,31,605544,3595
12/7/2021,Utah,2763885,1122,11,606666,3606
12/8/2021,Utah,2763885,1423,16,608089,3622
12/9/2021,Utah,2763885,1397,10,609486,3632
12/10/2021,Utah,2763885,1332,8,610818,3640
12/11/2021,Utah,2763885,0,0,610818,3640
12/12/2021,Utah,2763885,0,0,610818,3640
12/13/2021,Utah,2763885,2670,21,613488,3661
12/14/2021,Utah,2763885,924,12,614412,3673
12/15/2021,Utah,2763885,1307,15,615719,3688
12/16/2021,Utah,2763885,1105,9,616824,3697
12/17/2021,Utah,2763885,1016,7,617840,3704
12/18/2021,Utah,2763885,0,0,617840,3704
12/19/2021,Utah,2763885,0,0,617840,3704
12/20/2021,Utah,2763885,2502,13,620342,3717
12/21/2021,Utah,2763885,815,21,621157,3738
12/22/2021,Utah,2763885,1407,11,622564,3749
12/23/2021,Utah,2763885,1289,5,623853,3754
12/24/2021,Utah,2763885,0,0,623853,3754
12/25/2021,Utah,2763885,0,0,623853,3754
12/26/2021,Utah,2763885,0,0,623853,3754
12/27/2021,Utah,2763885,4608,16,628461,3770
12/28/2021,Utah,2763885,1816,4,630277,3774
12/29/2021,Utah,2763885,3304,7,633581,3781
12/30/2021,Utah,2763885,3563,6,637144,3787
12/31/2021,Utah,2763885,0,0,637144,3787
1/1/2022,Utah,2763885,0,0,637144,3787
1/2/2022,Utah,2763885,0,0,637144,3787
1/3/2022,Utah,2763885,14754,17,651898,3804
1/4/2022,Utah,2763885,4655,7,656553,3811
1/5/2022,Utah,2763885,7248,44,663801,3855
1/6/2022,Utah,2763885,8913,13,672714,3868
1/7/2022,Utah,2763885,9468,19,682182,3887
1/8/2022,Utah,2763885,0,0,682182,3887
1/9/2022,Utah,2763885,0,0,682182,3887
1/10/2022,Utah,2763885,24147,20,706329,3907
1/11/2022,Utah,2763885,9825,15,716154,3922
1/12/2022,Utah,2763885,10220,14,726374,3936
1/13/2022,Utah,2763885,12990,7,739364,3943
1/14/2022,Utah,2763885,11128,8,750492,3951
1/15/2022,Utah,2763885,0,0,750492,3951
1/16/2022,Utah,2763885,0,0,750492,3951
1/17/2022,Utah,2763885,0,0,750492,3951
1/18/2022,Utah,2763885,39883,28,790375,3979
1/19/2022,Utah,2763885,12564,18,802939,3997
1/20/2022,Utah,2763885,11608,22,814547,4019
1/21/2022,Utah,2763885,11602,11,826149,4030
1/22/2022,Utah,2763885,0,0,826149,4030
1/23/2022,Utah,2763885,0,0,826149,4030
1/24/2022,Utah,2763885,21972,33,848121,4063
1/25/2022,Utah,2763885,6602,10,854723,4073
1/26/2022,Utah,2763885,7493,18,862216,4091
1/27/2022,Utah,2763885,7033,6,869249,4097
1/28/2022,Utah,2763885,6165,10,875414,4107
1/29/2022,Utah,2763885,0,0,875414,4107
1/30/2022,Utah,2763885,0,0,875414,4107
1/31/2022,Utah,2763885,10272,11,885686,4118
2/1/2022,Utah,2763885,2846,20,888532,4138
2/2/2022,Utah,2763885,3609,12,892141,4150
2/3/2022,Utah,2763885,3483,10,895624,4160
2/4/2022,Utah,2763885,2808,13,898432,4173
2/5/2022,Utah,2763885,0,0,898432,4173
2/6/2022,Utah,2763885,0,0,898432,4173
2/7/2022,Utah,2763885,5508,18,903940,4191
2/8/2022,Utah,2763885,1342,32,905282,4223
7/1/2021,Virginia,8382993,224,4,680564,11419
7/2/2021,Virginia,8382993,180,4,680744,11423
7/3/2021,Virginia,8382993,160,0,680904,11423
7/4/2021,Virginia,8382993,168,4,681072,11427
7/5/2021,Virginia,8382993,122,4,681194,11431
7/6/2021,Virginia,8382993,132,3,681326,11434
7/7/2021,Virginia,8382993,273,2,681599,11436
7/8/2021,Virginia,8382993,291,5,681890,11441
7/9/2021,Virginia,8382993,257,7,682147,11448
7/10/2021,Virginia,8382993,286,2,682433,11450
7/11/2021,Virginia,8382993,240,0,682673,11450
7/12/2021,Virginia,8382993,183,0,682856,11450
7/13/2021,Virginia,8382993,346,9,683202,11459
7/14/2021,Virginia,8382993,412,8,683614,11467
7/15/2021,Virginia,8382993,440,4,684054,11471
7/16/2021,Virginia,8382993,445,6,684499,11477
7/17/2021,Virginia,8382993,0,0,684499,11477
7/18/2021,Virginia,8382993,0,0,684499,11477
7/19/2021,Virginia,8382993,986,6,685485,11483
7/20/2021,Virginia,8382993,721,4,686206,11487
7/21/2021,Virginia,8382993,678,4,686884,11491
7/22/2021,Virginia,8382993,666,2,687550,11493
7/23/2021,Virginia,8382993,750,7,688300,11500
7/24/2021,Virginia,8382993,0,0,688300,11500
7/25/2021,Virginia,8382993,0,0,688300,11500
7/26/2021,Virginia,8382993,1883,6,690183,11506
7/27/2021,Virginia,8382993,835,9,691018,11515
7/28/2021,Virginia,8382993,1087,7,692105,11522
7/29/2021,Virginia,8382993,1101,3,693206,11525
7/30/2021,Virginia,8382993,1178,7,694384,11532
7/31/2021,Virginia,8382993,0,0,694384,11532
8/1/2021,Virginia,8382993,0,0,694384,11532
8/2/2021,Virginia,8382993,3555,2,697939,11534
8/3/2021,Virginia,8382993,1403,2,699342,11536
8/4/2021,Virginia,8382993,1717,5,701059,11541
8/5/2021,Virginia,8382993,1760,5,702819,11546
8/6/2021,Virginia,8382993,1845,12,704664,11558
8/7/2021,Virginia,8382993,0,0,704664,11558
8/8/2021,Virginia,8382993,0,0,704664,11558
8/9/2021,Virginia,8382993,4655,13,709319,11571
8/10/2021,Virginia,8382993,1759,7,711078,11578
8/11/2021,Virginia,8382993,2117,3,713195,11581
8/12/2021,Virginia,8382993,2361,2,715556,11583
8/13/2021,Virginia,8382993,2270,16,717826,11599
8/14/2021,Virginia,8382993,0,0,717826,11599
8/15/2021,Virginia,8382993,0,0,717826,11599
8/16/2021,Virginia,8382993,5901,19,723727,11618
8/17/2021,Virginia,8382993,2244,7,725971,11625
8/18/2021,Virginia,8382993,2552,7,728523,11632
8/19/2021,Virginia,8382993,2764,6,731287,11638
8/20/2021,Virginia,8382993,2792,9,734079,11647
8/21/2021,Virginia,8382993,0,0,734079,11647
8/22/2021,Virginia,8382993,0,0,734079,11647
8/23/2021,Virginia,8382993,7081,28,741160,11675
8/24/2021,Virginia,8382993,3027,18,744187,11693
8/25/2021,Virginia,8382993,3454,22,747641,11715
8/26/2021,Virginia,8382993,3492,15,751133,11730
8/27/2021,Virginia,8382993,3519,39,754652,11769
8/28/2021,Virginia,8382993,0,0,754652,11769
8/29/2021,Virginia,8382993,0,0,754652,11769
8/30/2021,Virginia,8382993,8296,41,762948,11810
8/31/2021,Virginia,8382993,3487,32,766435,11842
9/1/2021,Virginia,8382993,3407,19,769842,11861
9/2/2021,Virginia,8382993,4255,18,774097,11879
9/3/2021,Virginia,8382993,4070,20,778167,11899
9/4/2021,Virginia,8382993,0,0,778167,11899
9/5/2021,Virginia,8382993,0,0,778167,11899
9/6/2021,Virginia,8382993,8743,30,786910,11929
9/7/2021,Virginia,8382993,2007,18,788917,11947
9/8/2021,Virginia,8382993,4479,30,793396,11977
9/9/2021,Virginia,8382993,3952,33,797348,12010
9/10/2021,Virginia,8382993,4479,26,801827,12036
9/11/2021,Virginia,8382993,0,0,801827,12036
9/12/2021,Virginia,8382993,0,0,801827,12036
9/13/2021,Virginia,8382993,9252,53,811079,12089
9/14/2021,Virginia,8382993,3659,29,814738,12118
9/15/2021,Virginia,8382993,4066,52,818804,12170
9/16/2021,Virginia,8382993,4181,37,822985,12207
9/17/2021,Virginia,8382993,4212,35,827197,12242
9/18/2021,Virginia,8382993,0,0,827197,12242
9/19/2021,Virginia,8382993,0,0,827197,12242
9/20/2021,Virginia,8382993,8943,70,836140,12312
9/21/2021,Virginia,8382993,3335,52,839475,12364
9/22/2021,Virginia,8382993,3737,45,843212,12409
9/23/2021,Virginia,8382993,3767,54,846979,12463
9/24/2021,Virginia,8382993,2886,48,849865,12511
9/25/2021,Virginia,8382993,0,0,849865,12511
9/26/2021,Virginia,8382993,0,0,849865,12511
9/27/2021,Virginia,8382993,7987,81,857852,12592
9/28/2021,Virginia,8382993,2641,55,860493,12647
9/29/2021,Virginia,8382993,3151,49,863644,12696
9/30/2021,Virginia,8382993,3132,54,866776,12750
10/1/2021,Virginia,8382993,2552,56,869328,12806
10/2/2021,Virginia,8382993,0,0,869328,12806
10/3/2021,Virginia,8382993,0,0,869328,12806
10/4/2021,Virginia,8382993,7762,102,877090,12908
10/5/2021,Virginia,8382993,1428,47,878518,12955
10/6/2021,Virginia,8382993,3919,44,882437,12999
10/7/2021,Virginia,8382993,2886,32,885323,13031
10/8/2021,Virginia,8382993,2836,44,888159,13075
10/9/2021,Virginia,8382993,0,0,888159,13075
10/10/2021,Virginia,8382993,0,0,888159,13075
10/11/2021,Virginia,8382993,5448,100,893607,13175
10/12/2021,Virginia,8382993,2012,44,895619,13219
10/13/2021,Virginia,8382993,2359,66,897978,13285
10/14/2021,Virginia,8382993,2603,60,900581,13345
10/15/2021,Virginia,8382993,2357,46,902938,13391
10/16/2021,Virginia,8382993,0,0,902938,13391
10/17/2021,Virginia,8382993,0,0,902938,13391
10/18/2021,Virginia,8382993,4944,95,907882,13486
10/19/2021,Virginia,8382993,1617,52,909499,13538
10/20/2021,Virginia,8382993,1822,47,911321,13585
10/21/2021,Virginia,8382993,1779,39,913100,13624
10/22/2021,Virginia,8382993,1655,44,914755,13668
10/23/2021,Virginia,8382993,0,0,914755,13668
10/24/2021,Virginia,8382993,0,0,914755,13668
10/25/2021,Virginia,8382993,3945,77,918700,13745
10/26/2021,Virginia,8382993,1299,48,919999,13793
10/27/2021,Virginia,8382993,1631,34,921630,13827
10/28/2021,Virginia,8382993,1495,43,923125,13870
10/29/2021,Virginia,8382993,1646,37,924771,13907
10/30/2021,Virginia,8382993,0,0,924771,13907
10/31/2021,Virginia,8382993,0,0,924771,13907
11/1/2021,Virginia,8382993,3228,77,927999,13984
11/2/2021,Virginia,8382993,1245,36,929244,14020
11/3/2021,Virginia,8382993,1435,32,930679,14052
11/4/2021,Virginia,8382993,1494,37,932173,14089
11/5/2021,Virginia,8382993,1369,36,933542,14125
11/6/2021,Virginia,8382993,0,0,933542,14125
11/7/2021,Virginia,8382993,0,0,933542,14125
11/8/2021,Virginia,8382993,3386,65,936928,14190
11/9/2021,Virginia,8382993,1448,35,938376,14225
11/10/2021,Virginia,8382993,1407,36,939783,14261
11/11/2021,Virginia,8382993,1588,33,941371,14294
11/12/2021,Virginia,8382993,1466,27,942837,14321
11/13/2021,Virginia,8382993,0,0,942837,14321
11/14/2021,Virginia,8382993,0,0,942837,14321
11/15/2021,Virginia,8382993,3224,71,946061,14392
11/16/2021,Virginia,8382993,1210,30,947271,14422
11/17/2021,Virginia,8382993,2532,21,949803,14443
11/18/2021,Virginia,8382993,1895,26,951698,14469
11/19/2021,Virginia,8382993,1762,23,953460,14492
11/20/2021,Virginia,8382993,0,0,953460,14492
11/21/2021,Virginia,8382993,0,0,953460,14492
11/22/2021,Virginia,8382993,4110,56,957570,14548
11/23/2021,Virginia,8382993,1586,25,959156,14573
11/24/2021,Virginia,8382993,1535,24,960691,14597
11/25/2021,Virginia,8382993,1781,19,962472,14616
11/26/2021,Virginia,8382993,1267,19,963739,14635
11/27/2021,Virginia,8382993,0,0,963739,14635
11/28/2021,Virginia,8382993,0,0,963739,14635
11/29/2021,Virginia,8382993,3470,49,967209,14684
11/30/2021,Virginia,8382993,1907,26,969116,14710
12/1/2021,Virginia,8382993,2413,20,971529,14730
12/2/2021,Virginia,8382993,2472,11,974001,14741
12/3/2021,Virginia,8382993,2598,12,976599,14753
12/4/2021,Virginia,8382993,0,0,976599,14753
12/5/2021,Virginia,8382993,0,0,976599,14753
12/6/2021,Virginia,8382993,6456,18,983055,14771
12/7/2021,Virginia,8382993,2242,27,985297,14798
12/8/2021,Virginia,8382993,2850,40,988147,14838
12/9/2021,Virginia,8382993,3074,30,991221,14868
12/10/2021,Virginia,8382993,2848,27,994069,14895
12/11/2021,Virginia,8382993,0,0,994069,14895
12/12/2021,Virginia,8382993,0,0,994069,14895
12/13/2021,Virginia,8382993,6625,62,1000694,14957
12/14/2021,Virginia,8382993,2416,35,1003110,14992
12/15/2021,Virginia,8382993,3135,33,1006245,15025
12/16/2021,Virginia,8382993,3688,30,1009933,15055
12/17/2021,Virginia,8382993,3457,28,1013390,15083
12/18/2021,Virginia,8382993,0,0,1013390,15083
12/19/2021,Virginia,8382993,0,0,1013390,15083
12/20/2021,Virginia,8382993,10308,53,1023698,15136
12/21/2021,Virginia,8382993,4437,38,1028135,15174
12/22/2021,Virginia,8382993,5972,50,1034107,15224
12/23/2021,Virginia,8382993,6473,33,1040580,15257
12/24/2021,Virginia,8382993,8756,37,1049336,15294
12/25/2021,Virginia,8382993,0,0,1049336,15294
12/26/2021,Virginia,8382993,0,0,1049336,15294
12/27/2021,Virginia,8382993,18513,25,1067849,15319
12/28/2021,Virginia,8382993,7439,185,1075288,15504
12/29/2021,Virginia,8382993,12112,37,1087400,15541
12/30/2021,Virginia,8382993,13500,24,1100900,15565
12/31/2021,Virginia,8382993,17618,22,1118518,15587
1/1/2022,Virginia,8382993,0,0,1118518,15587
1/2/2022,Virginia,8382993,0,0,1118518,15587
1/3/2022,Virginia,8382993,42185,28,1160703,15615
1/4/2022,Virginia,8382993,15456,7,1176159,15622
1/5/2022,Virginia,8382993,10728,9,1186887,15631
1/6/2022,Virginia,8382993,15840,11,1202727,15642
1/7/2022,Virginia,8382993,18309,9,1221036,15651
1/8/2022,Virginia,8382993,0,0,1221036,15651
1/9/2022,Virginia,8382993,0,0,1221036,15651
1/10/2022,Virginia,8382993,57703,20,1278739,15671
1/11/2022,Virginia,8382993,16681,44,1295420,15715
1/12/2022,Virginia,8382993,19836,35,1315256,15750
1/13/2022,Virginia,8382993,18942,35,1334198,15785
1/14/2022,Virginia,8382993,17219,18,1351417,15803
1/15/2022,Virginia,8382993,0,0,1351417,15803
1/16/2022,Virginia,8382993,0,0,1351417,15803
1/17/2022,Virginia,8382993,45738,11,1397155,15814
1/18/2022,Virginia,8382993,10248,8,1407403,15822
1/19/2022,Virginia,8382993,12480,13,1419883,15835
1/20/2022,Virginia,8382993,14803,18,1434686,15853
1/21/2022,Virginia,8382993,17027,0,1451713,15853
1/22/2022,Virginia,8382993,0,0,1451713,15853
1/23/2022,Virginia,8382993,0,0,1451713,15853
1/24/2022,Virginia,8382993,29581,95,1481294,15948
1/25/2022,Virginia,8382993,10699,54,1491993,16002
1/26/2022,Virginia,8382993,11126,50,1503119,16052
1/27/2022,Virginia,8382993,11743,36,1514862,16088
1/28/2022,Virginia,8382993,10741,39,1525603,16127
1/29/2022,Virginia,8382993,0,0,1525603,16127
1/30/2022,Virginia,8382993,0,0,1525603,16127
1/31/2022,Virginia,8382993,20047,90,1545650,16217
2/1/2022,Virginia,8382993,6055,35,1551705,16252
2/2/2022,Virginia,8382993,6678,160,1558383,16412
2/3/2022,Virginia,8382993,7139,136,1565522,16548
2/4/2022,Virginia,8382993,6500,155,1572022,16703
2/5/2022,Virginia,8382993,0,0,1572022,16703
2/6/2022,Virginia,8382993,0,0,1572022,16703
2/7/2022,Virginia,8382993,12226,404,1584248,17107
2/8/2022,Virginia,8382993,4689,120,1588937,17227
7/1/2021,Virgin Islands,104901,37,0,3895,30
7/2/2021,Virgin Islands,104901,0,0,3895,30
7/3/2021,Virgin Islands,104901,0,0,3895,30
7/4/2021,Virgin Islands,104901,0,0,3895,30
7/5/2021,Virgin Islands,104901,0,0,3895,30
7/6/2021,Virgin Islands,104901,47,0,3942,30
7/7/2021,Virgin Islands,104901,28,2,3970,32
7/8/2021,Virgin Islands,104901,0,0,3970,32
7/9/2021,Virgin Islands,104901,35,0,4005,32
7/10/2021,Virgin Islands,104901,0,0,4005,32
7/11/2021,Virgin Islands,104901,0,0,4005,32
7/12/2021,Virgin Islands,104901,28,0,4033,32
7/13/2021,Virgin Islands,104901,10,0,4043,32
7/14/2021,Virgin Islands,104901,61,0,4104,32
7/15/2021,Virgin Islands,104901,15,0,4119,32
7/16/2021,Virgin Islands,104901,0,0,4119,32
7/17/2021,Virgin Islands,104901,0,0,4119,32
7/18/2021,Virgin Islands,104901,0,0,4119,32
7/19/2021,Virgin Islands,104901,67,0,4186,32
7/20/2021,Virgin Islands,104901,29,0,4215,32
7/21/2021,Virgin Islands,104901,0,0,4215,32
7/22/2021,Virgin Islands,104901,86,3,4301,35
7/23/2021,Virgin Islands,104901,0,0,4301,35
7/24/2021,Virgin Islands,104901,0,0,4301,35
7/25/2021,Virgin Islands,104901,0,0,4301,35
7/26/2021,Virgin Islands,104901,74,0,4375,35
7/27/2021,Virgin Islands,104901,0,0,4375,35
7/28/2021,Virgin Islands,104901,0,0,4375,35
7/29/2021,Virgin Islands,104901,122,1,4497,36
7/30/2021,Virgin Islands,104901,17,0,4514,36
7/31/2021,Virgin Islands,104901,0,0,4514,36
8/1/2021,Virgin Islands,104901,0,0,4514,36
8/2/2021,Virgin Islands,104901,115,1,4629,37
8/3/2021,Virgin Islands,104901,34,2,4663,39
8/4/2021,Virgin Islands,104901,28,0,4691,39
8/5/2021,Virgin Islands,104901,163,1,4854,40
8/6/2021,Virgin Islands,104901,53,0,4907,40
8/7/2021,Virgin Islands,104901,0,0,4907,40
8/8/2021,Virgin Islands,104901,0,0,4907,40
8/9/2021,Virgin Islands,104901,53,0,4960,40
8/10/2021,Virgin Islands,104901,106,1,5066,41
8/11/2021,Virgin Islands,104901,0,0,5066,41
8/12/2021,Virgin Islands,104901,103,0,5169,41
8/13/2021,Virgin Islands,104901,73,0,5242,41
8/14/2021,Virgin Islands,104901,0,0,5242,41
8/15/2021,Virgin Islands,104901,0,0,5242,41
8/16/2021,Virgin Islands,104901,53,0,5295,41
8/17/2021,Virgin Islands,104901,0,0,5295,41
8/18/2021,Virgin Islands,104901,118,0,5413,41
8/19/2021,Virgin Islands,104901,19,3,5432,44
8/20/2021,Virgin Islands,104901,0,0,5432,44
8/21/2021,Virgin Islands,104901,0,0,5432,44
8/22/2021,Virgin Islands,104901,162,1,5594,45
8/23/2021,Virgin Islands,104901,11,0,5605,45
8/24/2021,Virgin Islands,104901,79,11,5684,56
8/25/2021,Virgin Islands,104901,0,-5,5684,51
8/26/2021,Virgin Islands,104901,0,0,5684,51
8/27/2021,Virgin Islands,104901,76,2,5760,53
8/28/2021,Virgin Islands,104901,0,0,5760,53
8/29/2021,Virgin Islands,104901,0,0,5760,53
8/30/2021,Virgin Islands,104901,0,0,5760,53
8/31/2021,Virgin Islands,104901,104,1,5864,54
9/1/2021,Virgin Islands,104901,70,2,5934,56
9/2/2021,Virgin Islands,104901,27,1,5961,57
9/3/2021,Virgin Islands,104901,0,0,5961,57
9/4/2021,Virgin Islands,104901,0,0,5961,57
9/5/2021,Virgin Islands,104901,0,0,5961,57
9/6/2021,Virgin Islands,104901,0,0,5961,57
9/7/2021,Virgin Islands,104901,110,5,6071,62
9/8/2021,Virgin Islands,104901,31,1,6102,63
9/9/2021,Virgin Islands,104901,0,0,6102,63
9/10/2021,Virgin Islands,104901,80,0,6182,63
9/11/2021,Virgin Islands,104901,0,0,6182,63
9/12/2021,Virgin Islands,104901,0,0,6182,63
9/13/2021,Virgin Islands,104901,107,3,6289,66
9/14/2021,Virgin Islands,104901,9,0,6298,66
9/15/2021,Virgin Islands,104901,0,0,6298,66
9/16/2021,Virgin Islands,104901,76,1,6374,67
9/17/2021,Virgin Islands,104901,65,0,6439,67
9/18/2021,Virgin Islands,104901,0,0,6439,67
9/19/2021,Virgin Islands,104901,0,0,6439,67
9/20/2021,Virgin Islands,104901,19,0,6458,67
9/21/2021,Virgin Islands,104901,31,0,6489,67
9/22/2021,Virgin Islands,104901,68,2,6557,69
9/23/2021,Virgin Islands,104901,0,0,6557,69
9/24/2021,Virgin Islands,104901,0,0,6557,69
9/25/2021,Virgin Islands,104901,0,0,6557,69
9/26/2021,Virgin Islands,104901,0,0,6557,69
9/27/2021,Virgin Islands,104901,122,1,6679,70
9/28/2021,Virgin Islands,104901,0,0,6679,70
9/29/2021,Virgin Islands,104901,42,1,6721,71
9/30/2021,Virgin Islands,104901,0,0,6721,71
10/1/2021,Virgin Islands,104901,65,0,6786,71
10/2/2021,Virgin Islands,104901,0,0,6786,71
10/3/2021,Virgin Islands,104901,0,0,6786,71
10/4/2021,Virgin Islands,104901,55,1,6841,72
10/5/2021,Virgin Islands,104901,0,0,6841,72
10/6/2021,Virgin Islands,104901,32,0,6873,72
10/7/2021,Virgin Islands,104901,43,0,6916,72
10/8/2021,Virgin Islands,104901,9,1,6925,73
10/9/2021,Virgin Islands,104901,0,0,6925,73
10/10/2021,Virgin Islands,104901,0,0,6925,73
10/11/2021,Virgin Islands,104901,25,0,6950,73
10/12/2021,Virgin Islands,104901,0,0,6950,73
10/13/2021,Virgin Islands,104901,28,2,6978,75
10/14/2021,Virgin Islands,104901,0,0,6978,75
10/15/2021,Virgin Islands,104901,0,0,6978,75
10/16/2021,Virgin Islands,104901,0,0,6978,75
10/17/2021,Virgin Islands,104901,0,0,6978,75
10/18/2021,Virgin Islands,104901,101,3,7079,78
10/19/2021,Virgin Islands,104901,6,0,7085,78
10/20/2021,Virgin Islands,104901,14,0,7099,78
10/21/2021,Virgin Islands,104901,0,0,7099,78
10/22/2021,Virgin Islands,104901,27,0,7126,78
10/23/2021,Virgin Islands,104901,0,0,7126,78
10/24/2021,Virgin Islands,104901,0,0,7126,78
10/25/2021,Virgin Islands,104901,19,2,7145,80
10/26/2021,Virgin Islands,104901,0,0,7145,80
10/27/2021,Virgin Islands,104901,0,0,7145,80
10/28/2021,Virgin Islands,104901,27,1,7172,81
10/29/2021,Virgin Islands,104901,32,0,7204,81
10/30/2021,Virgin Islands,104901,0,0,7204,81
10/31/2021,Virgin Islands,104901,0,0,7204,81
11/1/2021,Virgin Islands,104901,2,0,7206,81
11/2/2021,Virgin Islands,104901,27,0,7233,81
11/3/2021,Virgin Islands,104901,18,1,7251,82
11/4/2021,Virgin Islands,104901,9,1,7260,83
11/5/2021,Virgin Islands,104901,15,0,7275,83
11/6/2021,Virgin Islands,104901,0,0,7275,83
11/7/2021,Virgin Islands,104901,0,0,7275,83
11/8/2021,Virgin Islands,104901,28,0,7303,83
11/9/2021,Virgin Islands,104901,0,0,7303,83
11/10/2021,Virgin Islands,104901,26,1,7329,84
11/11/2021,Virgin Islands,104901,0,0,7329,84
11/12/2021,Virgin Islands,104901,0,0,7329,84
11/13/2021,Virgin Islands,104901,0,0,7329,84
11/14/2021,Virgin Islands,104901,0,0,7329,84
11/15/2021,Virgin Islands,104901,41,0,7370,84
11/16/2021,Virgin Islands,104901,0,0,7370,84
11/17/2021,Virgin Islands,104901,10,0,7380,84
11/18/2021,Virgin Islands,104901,47,0,7427,84
11/19/2021,Virgin Islands,104901,12,1,7439,85
11/20/2021,Virgin Islands,104901,0,0,7439,85
11/21/2021,Virgin Islands,104901,0,0,7439,85
11/22/2021,Virgin Islands,104901,27,0,7466,85
11/23/2021,Virgin Islands,104901,14,0,7480,85
11/24/2021,Virgin Islands,104901,10,0,7490,85
11/25/2021,Virgin Islands,104901,0,0,7490,85
11/26/2021,Virgin Islands,104901,0,0,7490,85
11/27/2021,Virgin Islands,104901,0,0,7490,85
11/28/2021,Virgin Islands,104901,0,0,7490,85
11/29/2021,Virgin Islands,104901,18,0,7508,85
11/30/2021,Virgin Islands,104901,3,1,7511,86
12/1/2021,Virgin Islands,104901,3,1,7514,87
12/2/2021,Virgin Islands,104901,11,0,7525,87
12/3/2021,Virgin Islands,104901,5,0,7530,87
12/4/2021,Virgin Islands,104901,0,0,7530,87
12/5/2021,Virgin Islands,104901,0,0,7530,87
12/6/2021,Virgin Islands,104901,19,0,7549,87
12/7/2021,Virgin Islands,104901,20,0,7569,87
12/8/2021,Virgin Islands,104901,13,0,7582,87
12/9/2021,Virgin Islands,104901,6,0,7588,87
12/10/2021,Virgin Islands,104901,0,0,7588,87
12/11/2021,Virgin Islands,104901,0,0,7588,87
12/12/2021,Virgin Islands,104901,0,0,7588,87
12/13/2021,Virgin Islands,104901,24,1,7612,88
12/14/2021,Virgin Islands,104901,0,0,7612,88
12/15/2021,Virgin Islands,104901,0,0,7612,88
12/16/2021,Virgin Islands,104901,0,0,7612,88
12/17/2021,Virgin Islands,104901,28,0,7640,88
12/18/2021,Virgin Islands,104901,0,0,7640,88
12/19/2021,Virgin Islands,104901,0,0,7640,88
12/20/2021,Virgin Islands,104901,41,0,7681,88
12/21/2021,Virgin Islands,104901,0,0,7681,88
12/22/2021,Virgin Islands,104901,82,0,7763,88
12/23/2021,Virgin Islands,104901,0,0,7763,88
12/24/2021,Virgin Islands,104901,0,0,7763,88
12/25/2021,Virgin Islands,104901,0,0,7763,88
12/26/2021,Virgin Islands,104901,0,0,7763,88
12/27/2021,Virgin Islands,104901,450,0,8213,88
12/28/2021,Virgin Islands,104901,264,0,8477,88
12/29/2021,Virgin Islands,104901,0,0,8477,88
12/30/2021,Virgin Islands,104901,578,1,9055,89
12/31/2021,Virgin Islands,104901,0,0,9055,89
1/1/2022,Virgin Islands,104901,0,0,9055,89
1/2/2022,Virgin Islands,104901,0,0,9055,89
1/3/2022,Virgin Islands,104901,1235,0,10290,89
1/4/2022,Virgin Islands,104901,424,0,10714,89
1/5/2022,Virgin Islands,104901,0,0,10714,89
1/6/2022,Virgin Islands,104901,446,0,11160,89
1/7/2022,Virgin Islands,104901,0,0,11160,89
1/8/2022,Virgin Islands,104901,0,0,11160,89
1/9/2022,Virgin Islands,104901,978,0,12138,89
1/10/2022,Virgin Islands,104901,467,0,12605,89
1/11/2022,Virgin Islands,104901,348,1,12953,90
1/12/2022,Virgin Islands,104901,0,0,12953,90
1/13/2022,Virgin Islands,104901,448,1,13401,91
1/14/2022,Virgin Islands,104901,120,0,13521,91
1/15/2022,Virgin Islands,104901,0,0,13521,91
1/16/2022,Virgin Islands,104901,0,0,13521,91
1/17/2022,Virgin Islands,104901,239,0,13760,91
1/18/2022,Virgin Islands,104901,141,3,13901,94
1/19/2022,Virgin Islands,104901,0,0,13901,94
1/20/2022,Virgin Islands,104901,127,0,14028,94
1/21/2022,Virgin Islands,104901,0,0,14028,94
1/22/2022,Virgin Islands,104901,0,0,14028,94
1/23/2022,Virgin Islands,104901,0,0,14028,94
1/24/2022,Virgin Islands,104901,450,3,14478,97
1/25/2022,Virgin Islands,104901,43,0,14521,97
1/26/2022,Virgin Islands,104901,168,1,14689,98
1/27/2022,Virgin Islands,104901,67,0,14756,98
1/28/2022,Virgin Islands,104901,46,1,14802,99
1/29/2022,Virgin Islands,104901,0,0,14802,99
1/30/2022,Virgin Islands,104901,0,0,14802,99
1/31/2022,Virgin Islands,104901,68,2,14870,101
2/1/2022,Virgin Islands,104901,33,0,14903,101
2/2/2022,Virgin Islands,104901,0,0,14903,101
2/3/2022,Virgin Islands,104901,60,1,14963,102
2/4/2022,Virgin Islands,104901,25,0,14988,102
2/5/2022,Virgin Islands,104901,0,0,14988,102
2/6/2022,Virgin Islands,104901,0,0,14988,102
2/7/2022,Virgin Islands,104901,0,0,14988,102
2/8/2022,Virgin Islands,104901,57,1,15045,103
7/1/2021,Vermont,626042,2,1,24412,257
7/2/2021,Vermont,626042,7,1,24419,258
7/3/2021,Vermont,626042,0,0,24419,258
7/4/2021,Vermont,626042,0,0,24419,258
7/5/2021,Vermont,626042,0,0,24419,258
7/6/2021,Vermont,626042,14,0,24433,258
7/7/2021,Vermont,626042,7,0,24440,258
7/8/2021,Vermont,626042,5,0,24445,258
7/9/2021,Vermont,626042,12,0,24457,258
7/10/2021,Vermont,626042,0,0,24457,258
7/11/2021,Vermont,626042,0,0,24457,258
7/12/2021,Vermont,626042,32,0,24489,258
7/13/2021,Vermont,626042,8,0,24497,258
7/14/2021,Vermont,626042,19,0,24516,258
7/15/2021,Vermont,626042,13,0,24529,258
7/16/2021,Vermont,626042,21,0,24550,258
7/17/2021,Vermont,626042,0,0,24550,258
7/18/2021,Vermont,626042,0,0,24550,258
7/19/2021,Vermont,626042,29,1,24579,259
7/20/2021,Vermont,626042,11,0,24590,259
7/21/2021,Vermont,626042,19,0,24609,259
7/22/2021,Vermont,626042,38,0,24647,259
7/23/2021,Vermont,626042,29,0,24676,259
7/24/2021,Vermont,626042,0,0,24676,259
7/25/2021,Vermont,626042,0,0,24676,259
7/26/2021,Vermont,626042,72,0,24748,259
7/27/2021,Vermont,626042,12,0,24760,259
7/28/2021,Vermont,626042,44,0,24804,259
7/29/2021,Vermont,626042,26,0,24830,259
7/30/2021,Vermont,626042,59,1,24889,260
7/31/2021,Vermont,626042,0,0,24889,260
8/1/2021,Vermont,626042,0,0,24889,260
8/2/2021,Vermont,626042,149,0,25038,260
8/3/2021,Vermont,626042,39,0,25077,260
8/4/2021,Vermont,626042,52,0,25129,260
8/5/2021,Vermont,626042,90,0,25219,260
8/6/2021,Vermont,626042,101,0,25320,260
8/7/2021,Vermont,626042,0,0,25320,260
8/8/2021,Vermont,626042,0,0,25320,260
8/9/2021,Vermont,626042,251,2,25571,262
8/10/2021,Vermont,626042,92,1,25663,263
8/11/2021,Vermont,626042,94,0,25757,263
8/12/2021,Vermont,626042,126,1,25883,264
8/13/2021,Vermont,626042,157,0,26040,264
8/14/2021,Vermont,626042,0,0,26040,264
8/15/2021,Vermont,626042,0,0,26040,264
8/16/2021,Vermont,626042,0,0,26040,264
8/17/2021,Vermont,626042,357,0,26397,264
8/18/2021,Vermont,626042,97,3,26494,267
8/19/2021,Vermont,626042,169,1,26663,268
8/20/2021,Vermont,626042,115,2,26778,270
8/21/2021,Vermont,626042,0,0,26778,270
8/22/2021,Vermont,626042,272,0,27050,270
8/23/2021,Vermont,626042,82,0,27132,270
8/24/2021,Vermont,626042,105,0,27237,270
8/25/2021,Vermont,626042,118,1,27355,271
8/26/2021,Vermont,626042,149,2,27504,273
8/27/2021,Vermont,626042,144,2,27648,275
8/28/2021,Vermont,626042,187,0,27835,275
8/29/2021,Vermont,626042,137,0,27972,275
8/30/2021,Vermont,626042,72,0,28044,275
8/31/2021,Vermont,626042,156,1,28200,276
9/1/2021,Vermont,626042,199,1,28399,277
9/2/2021,Vermont,626042,143,2,28542,279
9/3/2021,Vermont,626042,161,1,28703,280
9/4/2021,Vermont,626042,181,1,28884,281
9/5/2021,Vermont,626042,110,1,28994,282
9/6/2021,Vermont,626042,131,0,29125,282
9/7/2021,Vermont,626042,200,0,29325,282
9/8/2021,Vermont,626042,111,0,29436,282
9/9/2021,Vermont,626042,152,1,29588,283
9/10/2021,Vermont,626042,147,1,29735,284
9/11/2021,Vermont,626042,199,3,29934,287
9/12/2021,Vermont,626042,180,0,30114,287
9/13/2021,Vermont,626042,150,1,30264,288
9/14/2021,Vermont,626042,112,3,30376,291
9/15/2021,Vermont,626042,208,1,30584,292
9/16/2021,Vermont,626042,338,2,30922,294
9/17/2021,Vermont,626042,234,2,31156,296
9/18/2021,Vermont,626042,205,2,31361,298
9/19/2021,Vermont,626042,273,0,31634,298
9/20/2021,Vermont,626042,130,0,31764,298
9/21/2021,Vermont,626042,147,3,31911,301
9/22/2021,Vermont,626042,168,0,32079,301
9/23/2021,Vermont,626042,289,0,32368,301
9/24/2021,Vermont,626042,242,3,32610,304
9/25/2021,Vermont,626042,180,2,32790,306
9/26/2021,Vermont,626042,241,4,33031,310
9/27/2021,Vermont,626042,200,0,33231,310
9/28/2021,Vermont,626042,98,3,33329,313
9/29/2021,Vermont,626042,109,4,33438,317
9/30/2021,Vermont,626042,224,0,33662,317
10/1/2021,Vermont,626042,190,1,33852,318
10/2/2021,Vermont,626042,229,3,34081,321
10/3/2021,Vermont,626042,140,0,34221,321
10/4/2021,Vermont,626042,190,2,34411,323
10/5/2021,Vermont,626042,94,0,34505,323
10/6/2021,Vermont,626042,127,4,34632,327
10/7/2021,Vermont,626042,291,1,34923,328
10/8/2021,Vermont,626042,281,4,35204,332
10/9/2021,Vermont,626042,255,3,35459,335
10/10/2021,Vermont,626042,213,0,35672,335
10/11/2021,Vermont,626042,220,0,35892,335
10/12/2021,Vermont,626042,133,4,36025,339
10/13/2021,Vermont,626042,327,1,36352,340
10/14/2021,Vermont,626042,151,2,36503,342
10/15/2021,Vermont,626042,227,1,36730,343
10/16/2021,Vermont,626042,339,2,37069,345
10/17/2021,Vermont,626042,249,0,37318,345
10/18/2021,Vermont,626042,201,1,37519,346
10/19/2021,Vermont,626042,132,1,37651,347
10/20/2021,Vermont,626042,117,2,37768,349
10/21/2021,Vermont,626042,322,2,38090,351
10/22/2021,Vermont,626042,230,0,38320,351
10/23/2021,Vermont,626042,253,0,38573,351
10/24/2021,Vermont,626042,270,0,38843,351
10/25/2021,Vermont,626042,139,0,38982,351
10/26/2021,Vermont,626042,90,5,39072,356
10/27/2021,Vermont,626042,161,2,39233,358
10/28/2021,Vermont,626042,326,2,39559,360
10/29/2021,Vermont,626042,229,4,39788,364
10/30/2021,Vermont,626042,135,0,39923,364
10/31/2021,Vermont,626042,268,0,40191,364
11/1/2021,Vermont,626042,149,4,40340,368
11/2/2021,Vermont,626042,173,1,40513,369
11/3/2021,Vermont,626042,214,5,40727,374
11/4/2021,Vermont,626042,527,6,41254,380
11/5/2021,Vermont,626042,390,3,41644,383
11/6/2021,Vermont,626042,264,1,41908,384
11/7/2021,Vermont,626042,405,0,42313,384
11/8/2021,Vermont,626042,234,0,42547,384
11/9/2021,Vermont,626042,169,3,42716,387
11/10/2021,Vermont,626042,194,1,42910,388
11/11/2021,Vermont,626042,611,3,43521,391
11/12/2021,Vermont,626042,509,2,44030,393
11/13/2021,Vermont,626042,460,0,44490,393
11/14/2021,Vermont,626042,311,0,44801,393
11/15/2021,Vermont,626042,223,1,45024,394
11/16/2021,Vermont,626042,189,1,45213,395
11/17/2021,Vermont,626042,243,3,45456,398
11/18/2021,Vermont,626042,529,3,45985,401
11/19/2021,Vermont,626042,464,0,46449,401
11/20/2021,Vermont,626042,447,3,46896,404
11/21/2021,Vermont,626042,480,0,47376,404
11/22/2021,Vermont,626042,233,1,47609,405
11/23/2021,Vermont,626042,196,1,47805,406
11/24/2021,Vermont,626042,315,0,48120,406
11/25/2021,Vermont,626042,0,0,48120,406
11/26/2021,Vermont,626042,0,0,48120,406
11/27/2021,Vermont,626042,0,0,48120,406
11/28/2021,Vermont,626042,0,0,48120,406
11/29/2021,Vermont,626042,1681,4,49801,410
11/30/2021,Vermont,626042,213,0,50014,410
12/1/2021,Vermont,626042,496,3,50510,413
12/2/2021,Vermont,626042,624,1,51134,414
12/3/2021,Vermont,626042,495,2,51629,416
12/4/2021,Vermont,626042,566,0,52195,416
12/5/2021,Vermont,626042,694,1,52889,417
12/6/2021,Vermont,626042,242,0,53131,417
12/7/2021,Vermont,626042,300,2,53431,419
12/8/2021,Vermont,626042,404,6,53835,425
12/9/2021,Vermont,626042,486,1,54321,426
12/10/2021,Vermont,626042,736,3,55057,429
12/11/2021,Vermont,626042,260,0,55317,429
12/12/2021,Vermont,626042,532,3,55849,432
12/13/2021,Vermont,626042,235,0,56084,432
12/14/2021,Vermont,626042,233,4,56317,436
12/15/2021,Vermont,626042,344,4,56661,440
12/16/2021,Vermont,626042,672,8,57333,448
12/17/2021,Vermont,626042,476,3,57809,451
12/18/2021,Vermont,626042,438,1,58247,452
12/19/2021,Vermont,626042,448,0,58695,452
12/20/2021,Vermont,626042,240,3,58935,455
12/21/2021,Vermont,626042,240,0,59175,455
12/22/2021,Vermont,626042,651,3,59826,458
12/23/2021,Vermont,626042,439,2,60265,460
12/24/2021,Vermont,626042,0,0,60265,460
12/25/2021,Vermont,626042,0,0,60265,460
12/26/2021,Vermont,626042,0,0,60265,460
12/27/2021,Vermont,626042,1470,1,61735,461
12/28/2021,Vermont,626042,408,4,62143,465
12/29/2021,Vermont,626042,933,3,63076,468
12/30/2021,Vermont,626042,1371,3,64447,471
12/31/2021,Vermont,626042,0,0,64447,471
1/1/2022,Vermont,626042,0,0,64447,471
1/2/2022,Vermont,626042,0,0,64447,471
1/3/2022,Vermont,626042,2779,9,67226,480
1/4/2022,Vermont,626042,1731,0,68957,480
1/5/2022,Vermont,626042,805,2,69762,482
1/6/2022,Vermont,626042,2180,0,71942,482
1/7/2022,Vermont,626042,1860,0,73802,482
1/8/2022,Vermont,626042,2619,1,76421,483
1/9/2022,Vermont,626042,252,0,76673,483
1/10/2022,Vermont,626042,0,0,76673,483
1/11/2022,Vermont,626042,0,0,76673,483
1/12/2022,Vermont,626042,5314,7,81987,490
1/13/2022,Vermont,626042,2007,0,83994,490
1/14/2022,Vermont,626042,2317,3,86311,493
1/15/2022,Vermont,626042,1793,4,88104,497
1/16/2022,Vermont,626042,2564,0,90668,497
1/17/2022,Vermont,626042,0,0,90668,497
1/18/2022,Vermont,626042,1530,2,92198,499
1/19/2022,Vermont,626042,1294,8,93492,507
1/20/2022,Vermont,626042,0,0,93492,507
1/21/2022,Vermont,626042,2923,7,96415,514
1/22/2022,Vermont,626042,1579,0,97994,514
1/23/2022,Vermont,626042,1115,0,99109,514
1/24/2022,Vermont,626042,542,7,99651,521
1/25/2022,Vermont,626042,441,2,100092,523
1/26/2022,Vermont,626042,529,4,100621,527
1/27/2022,Vermont,626042,1532,2,102153,529
1/28/2022,Vermont,626042,913,3,103066,532
1/29/2022,Vermont,626042,483,1,103549,533
1/30/2022,Vermont,626042,611,0,104160,533
1/31/2022,Vermont,626042,312,3,104472,536
2/1/2022,Vermont,626042,365,6,104837,542
2/2/2022,Vermont,626042,732,3,105569,545
2/3/2022,Vermont,626042,605,3,106174,548
2/4/2022,Vermont,626042,516,5,106690,553
2/5/2022,Vermont,626042,0,0,106690,553
2/6/2022,Vermont,626042,0,0,106690,553
2/7/2022,Vermont,626042,788,0,107478,553
2/8/2022,Vermont,626042,201,5,107679,558
7/1/2021,Washington,7170351,457,8,454087,5992
7/2/2021,Washington,7170351,397,2,454484,5994
7/3/2021,Washington,7170351,0,0,454484,5994
7/4/2021,Washington,7170351,0,0,454484,5994
7/5/2021,Washington,7170351,0,0,454484,5994
7/6/2021,Washington,7170351,1146,17,455630,6011
7/7/2021,Washington,7170351,486,16,456116,6027
7/8/2021,Washington,7170351,527,13,456643,6040
7/9/2021,Washington,7170351,449,10,457092,6050
7/10/2021,Washington,7170351,0,0,457092,6050
7/11/2021,Washington,7170351,0,0,457092,6050
7/12/2021,Washington,7170351,1632,1,458724,6051
7/13/2021,Washington,7170351,558,19,459282,6070
7/14/2021,Washington,7170351,733,6,460015,6076
7/15/2021,Washington,7170351,715,10,460730,6086
7/16/2021,Washington,7170351,671,7,461401,6093
7/17/2021,Washington,7170351,11,0,461412,6093
7/18/2021,Washington,7170351,0,0,461412,6093
7/19/2021,Washington,7170351,1820,3,463232,6096
7/20/2021,Washington,7170351,782,10,464014,6106
7/21/2021,Washington,7170351,949,6,464963,6112
7/22/2021,Washington,7170351,1474,2,466437,6114
7/23/2021,Washington,7170351,1052,10,467489,6124
7/24/2021,Washington,7170351,0,0,467489,6124
7/25/2021,Washington,7170351,0,0,467489,6124
7/26/2021,Washington,7170351,3064,10,470553,6134
7/27/2021,Washington,7170351,976,7,471529,6141
7/28/2021,Washington,7170351,1338,2,472867,6143
7/29/2021,Washington,7170351,809,17,473676,6160
7/30/2021,Washington,7170351,844,5,474520,6165
7/31/2021,Washington,7170351,0,0,474520,6165
8/1/2021,Washington,7170351,0,0,474520,6165
8/2/2021,Washington,7170351,2832,4,477352,6169
8/3/2021,Washington,7170351,4989,8,482341,6177
8/4/2021,Washington,7170351,2497,8,484838,6185
8/5/2021,Washington,7170351,2916,15,487754,6200
8/6/2021,Washington,7170351,2206,9,489960,6209
8/7/2021,Washington,7170351,0,0,489960,6209
8/8/2021,Washington,7170351,0,0,489960,6209
8/9/2021,Washington,7170351,6407,7,496367,6216
8/10/2021,Washington,7170351,1404,17,497771,6233
8/11/2021,Washington,7170351,4170,17,501941,6250
8/12/2021,Washington,7170351,3625,12,505566,6262
8/13/2021,Washington,7170351,3065,25,508631,6287
8/14/2021,Washington,7170351,0,0,508631,6287
8/15/2021,Washington,7170351,0,0,508631,6287
8/16/2021,Washington,7170351,7595,8,516226,6295
8/17/2021,Washington,7170351,2378,22,518604,6317
8/18/2021,Washington,7170351,3786,29,522390,6346
8/19/2021,Washington,7170351,3915,32,526305,6378
8/20/2021,Washington,7170351,3789,23,530094,6401
8/21/2021,Washington,7170351,109,0,530203,6401
8/22/2021,Washington,7170351,0,0,530203,6401
8/23/2021,Washington,7170351,8003,26,538206,6427
8/24/2021,Washington,7170351,3466,48,541672,6475
8/25/2021,Washington,7170351,2951,31,544623,6506
8/26/2021,Washington,7170351,3985,31,548608,6537
8/27/2021,Washington,7170351,4469,30,553077,6567
8/28/2021,Washington,7170351,0,0,553077,6567
8/29/2021,Washington,7170351,0,0,553077,6567
8/30/2021,Washington,7170351,8346,24,561423,6591
8/31/2021,Washington,7170351,3364,47,564787,6638
9/1/2021,Washington,7170351,4094,33,568881,6671
9/2/2021,Washington,7170351,4855,33,573736,6704
9/3/2021,Washington,7170351,3833,45,577569,6749
9/4/2021,Washington,7170351,0,0,577569,6749
9/5/2021,Washington,7170351,151,0,577720,6749
9/6/2021,Washington,7170351,182,0,577902,6749
9/7/2021,Washington,7170351,10901,48,588803,6797
9/8/2021,Washington,7170351,3665,59,592468,6856
9/9/2021,Washington,7170351,4037,64,596505,6920
9/10/2021,Washington,7170351,3466,57,599971,6977
9/11/2021,Washington,7170351,0,0,599971,6977
9/12/2021,Washington,7170351,213,5,600184,6982
9/13/2021,Washington,7170351,9108,60,609292,7042
9/14/2021,Washington,7170351,3071,53,612363,7095
9/15/2021,Washington,7170351,3756,48,616119,7143
9/16/2021,Washington,7170351,3486,56,619605,7199
9/17/2021,Washington,7170351,3649,57,623254,7256
9/18/2021,Washington,7170351,0,0,623254,7256
9/19/2021,Washington,7170351,0,0,623254,7256
9/20/2021,Washington,7170351,7349,63,630603,7319
9/21/2021,Washington,7170351,2931,53,633534,7372
9/22/2021,Washington,7170351,2102,51,635636,7423
9/23/2021,Washington,7170351,4458,64,640094,7487
9/24/2021,Washington,7170351,3089,50,643183,7537
9/25/2021,Washington,7170351,0,0,643183,7537
9/26/2021,Washington,7170351,102,0,643285,7537
9/27/2021,Washington,7170351,8226,41,651511,7578
9/28/2021,Washington,7170351,3021,63,654532,7641
9/29/2021,Washington,7170351,2752,63,657284,7704
9/30/2021,Washington,7170351,3183,76,660467,7780
10/1/2021,Washington,7170351,3093,44,663560,7824
10/2/2021,Washington,7170351,0,0,663560,7824
10/3/2021,Washington,7170351,100,0,663660,7824
10/4/2021,Washington,7170351,6711,37,670371,7861
10/5/2021,Washington,7170351,2517,48,672888,7909
10/6/2021,Washington,7170351,2623,61,675511,7970
10/7/2021,Washington,7170351,2870,47,678381,8017
10/8/2021,Washington,7170351,2363,51,680744,8068
10/9/2021,Washington,7170351,0,0,680744,8068
10/10/2021,Washington,7170351,64,0,680808,8068
10/11/2021,Washington,7170351,5622,52,686430,8120
10/12/2021,Washington,7170351,2464,0,688894,8120
10/13/2021,Washington,7170351,2969,94,691863,8214
10/14/2021,Washington,7170351,2980,49,694843,8263
10/15/2021,Washington,7170351,2519,32,697362,8295
10/16/2021,Washington,7170351,0,0,697362,8295
10/17/2021,Washington,7170351,62,0,697424,8295
10/18/2021,Washington,7170351,2027,7,699451,8302
10/19/2021,Washington,7170351,5421,79,704872,8381
10/20/2021,Washington,7170351,2596,50,707468,8431
10/21/2021,Washington,7170351,3151,44,710619,8475
10/22/2021,Washington,7170351,2392,26,713011,8501
10/23/2021,Washington,7170351,0,0,713011,8501
10/24/2021,Washington,7170351,62,0,713073,8501
10/25/2021,Washington,7170351,5315,30,718388,8531
10/26/2021,Washington,7170351,1988,41,720376,8572
10/27/2021,Washington,7170351,1924,45,722300,8617
10/28/2021,Washington,7170351,3216,29,725516,8646
10/29/2021,Washington,7170351,2245,40,727761,8686
10/30/2021,Washington,7170351,0,0,727761,8686
10/31/2021,Washington,7170351,59,0,727820,8686
11/1/2021,Washington,7170351,4990,31,732810,8717
11/2/2021,Washington,7170351,1763,36,734573,8753
11/3/2021,Washington,7170351,1789,31,736362,8784
11/4/2021,Washington,7170351,2240,38,738602,8822
11/5/2021,Washington,7170351,1559,22,740161,8844
11/6/2021,Washington,7170351,0,0,740161,8844
11/7/2021,Washington,7170351,58,0,740219,8844
11/8/2021,Washington,7170351,5105,33,745324,8877
11/9/2021,Washington,7170351,1536,31,746860,8908
11/10/2021,Washington,7170351,2090,2,748950,8910
11/11/2021,Washington,7170351,0,0,748950,8910
11/12/2021,Washington,7170351,3796,69,752746,8979
11/13/2021,Washington,7170351,0,0,752746,8979
11/14/2021,Washington,7170351,85,0,752831,8979
11/15/2021,Washington,7170351,4072,55,756903,9034
11/16/2021,Washington,7170351,2155,35,759058,9069
11/17/2021,Washington,7170351,2246,39,761304,9108
11/18/2021,Washington,7170351,1898,30,763202,9138
11/19/2021,Washington,7170351,1579,19,764781,9157
11/20/2021,Washington,7170351,10,0,764791,9157
11/21/2021,Washington,7170351,25,0,764816,9157
11/22/2021,Washington,7170351,3814,25,768630,9182
11/23/2021,Washington,7170351,1178,43,769808,9225
11/24/2021,Washington,7170351,1078,31,770886,9256
11/25/2021,Washington,7170351,0,0,770886,9256
11/26/2021,Washington,7170351,0,0,770886,9256
11/27/2021,Washington,7170351,0,0,770886,9256
11/28/2021,Washington,7170351,0,0,770886,9256
11/29/2021,Washington,7170351,4727,57,775613,9313
11/30/2021,Washington,7170351,1388,36,777001,9349
12/1/2021,Washington,7170351,1345,42,778346,9391
12/2/2021,Washington,7170351,3432,44,781778,9435
12/3/2021,Washington,7170351,1848,31,783626,9466
12/4/2021,Washington,7170351,0,0,783626,9466
12/5/2021,Washington,7170351,34,0,783660,9466
12/6/2021,Washington,7170351,3170,30,786830,9496
12/7/2021,Washington,7170351,2023,21,788853,9517
12/8/2021,Washington,7170351,1053,31,789906,9548
12/9/2021,Washington,7170351,1946,36,791852,9584
12/10/2021,Washington,7170351,1250,18,793102,9602
12/11/2021,Washington,7170351,0,0,793102,9602
12/12/2021,Washington,7170351,24,0,793126,9602
12/13/2021,Washington,7170351,3404,23,796530,9625
12/14/2021,Washington,7170351,1019,27,797549,9652
12/15/2021,Washington,7170351,1562,29,799111,9681
12/16/2021,Washington,7170351,2011,21,801122,9702
12/17/2021,Washington,7170351,1976,23,803098,9725
12/18/2021,Washington,7170351,0,0,803098,9725
12/19/2021,Washington,7170351,0,0,803098,9725
12/20/2021,Washington,7170351,5285,16,808383,9741
12/21/2021,Washington,7170351,1964,26,810347,9767
12/22/2021,Washington,7170351,1991,32,812338,9799
12/23/2021,Washington,7170351,5340,29,817678,9828
12/24/2021,Washington,7170351,0,0,817678,9828
12/25/2021,Washington,7170351,0,0,817678,9828
12/26/2021,Washington,7170351,0,0,817678,9828
12/27/2021,Washington,7170351,18785,19,836463,9847
12/28/2021,Washington,7170351,4465,25,840928,9872
12/29/2021,Washington,7170351,5039,17,845967,9889
12/30/2021,Washington,7170351,6857,15,852824,9904
12/31/2021,Washington,7170351,0,0,852824,9904
1/1/2022,Washington,7170351,0,0,852824,9904
1/2/2022,Washington,7170351,0,0,852824,9904
1/3/2022,Washington,7170351,30851,4,883675,9908
1/4/2022,Washington,7170351,7964,48,891639,9956
1/5/2022,Washington,7170351,11248,6,902887,9962
1/6/2022,Washington,7170351,16198,65,919085,10027
1/7/2022,Washington,7170351,16306,40,935391,10067
1/8/2022,Washington,7170351,0,0,935391,10067
1/9/2022,Washington,7170351,0,0,935391,10067
1/10/2022,Washington,7170351,46435,20,981826,10087
1/11/2022,Washington,7170351,14258,13,996084,10100
1/12/2022,Washington,7170351,17291,75,1013375,10175
1/13/2022,Washington,7170351,17154,51,1030529,10226
1/14/2022,Washington,7170351,15842,60,1046371,10286
1/15/2022,Washington,7170351,0,0,1046371,10286
1/16/2022,Washington,7170351,0,0,1046371,10286
1/17/2022,Washington,7170351,0,0,1046371,10286
1/18/2022,Washington,7170351,63640,24,1110011,10310
1/19/2022,Washington,7170351,13854,26,1123865,10336
1/20/2022,Washington,7170351,17319,89,1141184,10425
1/21/2022,Washington,7170351,16552,49,1157736,10474
1/22/2022,Washington,7170351,-95,0,1157641,10474
1/23/2022,Washington,7170351,-90,0,1157551,10474
1/24/2022,Washington,7170351,48023,55,1205574,10529
1/25/2022,Washington,7170351,6822,14,1212396,10543
1/26/2022,Washington,7170351,47819,117,1260215,10660
1/27/2022,Washington,7170351,6032,-1,1266247,10659
1/28/2022,Washington,7170351,29313,97,1295560,10756
1/29/2022,Washington,7170351,0,0,1295560,10756
1/30/2022,Washington,7170351,0,0,1295560,10756
1/31/2022,Washington,7170351,41223,82,1336783,10838
2/1/2022,Washington,7170351,341,0,1337124,10838
2/2/2022,Washington,7170351,15465,86,1352589,10924
2/3/2022,Washington,7170351,3533,37,1356122,10961
2/4/2022,Washington,7170351,9053,107,1365175,11068
2/5/2022,Washington,7170351,0,0,1365175,11068
2/6/2022,Washington,7170351,8,0,1365183,11068
2/7/2022,Washington,7170351,15514,107,1380697,11175
2/8/2022,Washington,7170351,890,12,1381587,11187
7/1/2021,Wisconsin,5771337,119,6,677952,8134
7/2/2021,Wisconsin,5771337,115,1,678067,8135
7/3/2021,Wisconsin,5771337,0,0,678067,8135
7/4/2021,Wisconsin,5771337,0,0,678067,8135
7/5/2021,Wisconsin,5771337,148,9,678215,8144
7/6/2021,Wisconsin,5771337,45,0,678260,8144
7/7/2021,Wisconsin,5771337,176,10,678436,8154
7/8/2021,Wisconsin,5771337,235,4,678671,8158
7/9/2021,Wisconsin,5771337,144,24,678815,8182
7/10/2021,Wisconsin,5771337,0,0,678815,8182
7/11/2021,Wisconsin,5771337,0,0,678815,8182
7/12/2021,Wisconsin,5771337,341,3,679156,8185
7/13/2021,Wisconsin,5771337,236,4,679392,8189
7/14/2021,Wisconsin,5771337,209,7,679601,8196
7/15/2021,Wisconsin,5771337,215,2,679816,8198
7/16/2021,Wisconsin,5771337,218,11,680034,8209
7/17/2021,Wisconsin,5771337,0,0,680034,8209
7/18/2021,Wisconsin,5771337,0,0,680034,8209
7/19/2021,Wisconsin,5771337,422,3,680456,8212
7/20/2021,Wisconsin,5771337,499,11,680955,8223
7/21/2021,Wisconsin,5771337,413,6,681368,8229
7/22/2021,Wisconsin,5771337,406,5,681774,8234
7/23/2021,Wisconsin,5771337,502,6,682276,8240
7/24/2021,Wisconsin,5771337,0,0,682276,8240
7/25/2021,Wisconsin,5771337,0,0,682276,8240
7/26/2021,Wisconsin,5771337,959,13,683235,8253
7/27/2021,Wisconsin,5771337,1096,8,684331,8261
7/28/2021,Wisconsin,5771337,883,21,685214,8282
7/29/2021,Wisconsin,5771337,1011,5,686225,8287
7/30/2021,Wisconsin,5771337,1157,3,687382,8290
7/31/2021,Wisconsin,5771337,0,0,687382,8290
8/1/2021,Wisconsin,5771337,0,0,687382,8290
8/2/2021,Wisconsin,5771337,2075,5,689457,8295
8/3/2021,Wisconsin,5771337,1611,4,691068,8299
8/4/2021,Wisconsin,5771337,1333,3,692401,8302
8/5/2021,Wisconsin,5771337,1744,3,694145,8305
8/6/2021,Wisconsin,5771337,1291,-5,695436,8300
8/7/2021,Wisconsin,5771337,0,0,695436,8300
8/8/2021,Wisconsin,5771337,0,0,695436,8300
8/9/2021,Wisconsin,5771337,2518,6,697954,8306
8/10/2021,Wisconsin,5771337,1810,5,699764,8311
8/11/2021,Wisconsin,5771337,1524,3,701288,8314
8/12/2021,Wisconsin,5771337,1661,3,702949,8317
8/13/2021,Wisconsin,5771337,2082,5,705031,8322
8/14/2021,Wisconsin,5771337,0,0,705031,8322
8/15/2021,Wisconsin,5771337,0,0,705031,8322
8/16/2021,Wisconsin,5771337,2448,2,707479,8324
8/17/2021,Wisconsin,5771337,2025,12,709504,8336
8/18/2021,Wisconsin,5771337,1667,17,711171,8353
8/19/2021,Wisconsin,5771337,1796,3,712967,8356
8/20/2021,Wisconsin,5771337,1825,12,714792,8368
8/21/2021,Wisconsin,5771337,0,0,714792,8368
8/22/2021,Wisconsin,5771337,0,0,714792,8368
8/23/2021,Wisconsin,5771337,3282,5,718074,8373
8/24/2021,Wisconsin,5771337,2600,33,720674,8406
8/25/2021,Wisconsin,5771337,1930,10,722604,8416
8/26/2021,Wisconsin,5771337,2327,13,724931,8429
8/27/2021,Wisconsin,5771337,2584,9,727515,8438
8/28/2021,Wisconsin,5771337,0,0,727515,8438
8/29/2021,Wisconsin,5771337,0,0,727515,8438
8/30/2021,Wisconsin,5771337,4014,7,731529,8445
8/31/2021,Wisconsin,5771337,2628,17,734157,8462
9/1/2021,Wisconsin,5771337,2275,34,736432,8496
9/2/2021,Wisconsin,5771337,2718,13,739150,8509
9/3/2021,Wisconsin,5771337,2262,12,741412,8521
9/4/2021,Wisconsin,5771337,0,0,741412,8521
9/5/2021,Wisconsin,5771337,0,0,741412,8521
9/6/2021,Wisconsin,5771337,4425,15,745837,8536
9/7/2021,Wisconsin,5771337,944,3,746781,8539
9/8/2021,Wisconsin,5771337,2460,18,749241,8557
9/9/2021,Wisconsin,5771337,2167,32,751408,8589
9/10/2021,Wisconsin,5771337,2756,24,754164,8613
9/11/2021,Wisconsin,5771337,0,0,754164,8613
9/12/2021,Wisconsin,5771337,0,0,754164,8613
9/13/2021,Wisconsin,5771337,3891,19,758055,8632
9/14/2021,Wisconsin,5771337,2430,14,760485,8646
9/15/2021,Wisconsin,5771337,4071,20,764556,8666
9/16/2021,Wisconsin,5771337,3979,16,768535,8682
9/17/2021,Wisconsin,5771337,3554,21,772089,8703
9/18/2021,Wisconsin,5771337,0,0,772089,8703
9/19/2021,Wisconsin,5771337,0,0,772089,8703
9/20/2021,Wisconsin,5771337,7832,10,779921,8713
9/21/2021,Wisconsin,5771337,4127,18,784048,8731
9/22/2021,Wisconsin,5771337,3146,23,787194,8754
9/23/2021,Wisconsin,5771337,3593,21,790787,8775
9/24/2021,Wisconsin,5771337,3194,19,793981,8794
9/25/2021,Wisconsin,5771337,0,0,793981,8794
9/26/2021,Wisconsin,5771337,0,0,793981,8794
9/27/2021,Wisconsin,5771337,6640,19,800621,8813
9/28/2021,Wisconsin,5771337,3679,36,804300,8849
9/29/2021,Wisconsin,5771337,3324,19,807624,8868
9/30/2021,Wisconsin,5771337,2758,20,810382,8888
10/1/2021,Wisconsin,5771337,3982,13,814364,8901
10/2/2021,Wisconsin,5771337,0,0,814364,8901
10/3/2021,Wisconsin,5771337,0,0,814364,8901
10/4/2021,Wisconsin,5771337,6512,33,820876,8934
10/5/2021,Wisconsin,5771337,4823,26,825699,8960
10/6/2021,Wisconsin,5771337,2704,10,828403,8970
10/7/2021,Wisconsin,5771337,3309,19,831712,8989
10/8/2021,Wisconsin,5771337,3481,17,835193,9006
10/9/2021,Wisconsin,5771337,0,0,835193,9006
10/10/2021,Wisconsin,5771337,0,0,835193,9006
10/11/2021,Wisconsin,5771337,5711,48,840904,9054
10/12/2021,Wisconsin,5771337,3416,47,844320,9101
10/13/2021,Wisconsin,5771337,2860,23,847180,9124
10/14/2021,Wisconsin,5771337,2960,17,850140,9141
10/15/2021,Wisconsin,5771337,0,0,850140,9141
10/16/2021,Wisconsin,5771337,0,0,850140,9141
10/17/2021,Wisconsin,5771337,5213,21,855353,9162
10/18/2021,Wisconsin,5771337,2830,2,858183,9164
10/19/2021,Wisconsin,5771337,2030,17,860213,9181
10/20/2021,Wisconsin,5771337,2432,26,862645,9207
10/21/2021,Wisconsin,5771337,2674,19,865319,9226
10/22/2021,Wisconsin,5771337,2378,33,867697,9259
10/23/2021,Wisconsin,5771337,0,0,867697,9259
10/24/2021,Wisconsin,5771337,0,0,867697,9259
10/25/2021,Wisconsin,5771337,4467,40,872164,9299
10/26/2021,Wisconsin,5771337,2998,45,875162,9344
10/27/2021,Wisconsin,5771337,2253,26,877415,9370
10/28/2021,Wisconsin,5771337,2590,20,880005,9390
10/29/2021,Wisconsin,5771337,2613,26,882618,9416
10/30/2021,Wisconsin,5771337,0,0,882618,9416
10/31/2021,Wisconsin,5771337,0,0,882618,9416
11/1/2021,Wisconsin,5771337,4743,14,887361,9430
11/2/2021,Wisconsin,5771337,3399,37,890760,9467
11/3/2021,Wisconsin,5771337,2364,28,893124,9495
11/4/2021,Wisconsin,5771337,3465,28,896589,9523
11/5/2021,Wisconsin,5771337,3215,19,899804,9542
11/6/2021,Wisconsin,5771337,0,0,899804,9542
11/7/2021,Wisconsin,5771337,0,0,899804,9542
11/8/2021,Wisconsin,5771337,5529,34,905333,9576
11/9/2021,Wisconsin,5771337,4048,26,909381,9602
11/10/2021,Wisconsin,5771337,4005,39,913386,9641
11/11/2021,Wisconsin,5771337,4305,16,917691,9657
11/12/2021,Wisconsin,5771337,3698,22,921389,9679
11/13/2021,Wisconsin,5771337,0,0,921389,9679
11/14/2021,Wisconsin,5771337,0,0,921389,9679
11/15/2021,Wisconsin,5771337,7001,28,928390,9707
11/16/2021,Wisconsin,5771337,4765,35,933155,9742
11/17/2021,Wisconsin,5771337,4214,35,937369,9777
11/18/2021,Wisconsin,5771337,4407,23,941776,9800
11/19/2021,Wisconsin,5771337,4078,16,945854,9816
11/20/2021,Wisconsin,5771337,0,0,945854,9816
11/21/2021,Wisconsin,5771337,0,0,945854,9816
11/22/2021,Wisconsin,5771337,7622,15,953476,9831
11/23/2021,Wisconsin,5771337,5020,42,958496,9873
11/24/2021,Wisconsin,5771337,4960,49,963456,9922
11/25/2021,Wisconsin,5771337,4206,18,967662,9940
11/26/2021,Wisconsin,5771337,753,4,968415,9944
11/27/2021,Wisconsin,5771337,0,0,968415,9944
11/28/2021,Wisconsin,5771337,0,0,968415,9944
11/29/2021,Wisconsin,5771337,6581,11,974996,9955
11/30/2021,Wisconsin,5771337,5865,51,980861,10006
12/1/2021,Wisconsin,5771337,5368,42,986229,10048
12/2/2021,Wisconsin,5771337,6287,47,992516,10095
12/3/2021,Wisconsin,5771337,5196,39,997712,10134
12/4/2021,Wisconsin,5771337,0,0,997712,10134
12/5/2021,Wisconsin,5771337,0,0,997712,10134
12/6/2021,Wisconsin,5771337,0,0,997712,10134
12/7/2021,Wisconsin,5771337,335,4,998047,10138
12/8/2021,Wisconsin,5771337,14313,122,1012360,10260
12/9/2021,Wisconsin,5771337,5168,70,1017528,10330
12/10/2021,Wisconsin,5771337,6667,56,1024195,10386
12/11/2021,Wisconsin,5771337,0,0,1024195,10386
12/12/2021,Wisconsin,5771337,0,0,1024195,10386
12/13/2021,Wisconsin,5771337,9434,39,1033629,10425
12/14/2021,Wisconsin,5771337,5063,58,1038692,10483
12/15/2021,Wisconsin,5771337,5125,61,1043817,10544
12/16/2021,Wisconsin,5771337,5671,67,1049488,10611
12/17/2021,Wisconsin,5771337,4819,56,1054307,10667
12/18/2021,Wisconsin,5771337,0,0,1054307,10667
12/19/2021,Wisconsin,5771337,0,0,1054307,10667
12/20/2021,Wisconsin,5771337,7366,96,1061673,10763
12/21/2021,Wisconsin,5771337,5098,89,1066771,10852
12/22/2021,Wisconsin,5771337,5726,42,1072497,10894
12/23/2021,Wisconsin,5771337,6124,64,1078621,10958
12/24/2021,Wisconsin,5771337,4950,59,1083571,11017
12/25/2021,Wisconsin,5771337,0,0,1083571,11017
12/26/2021,Wisconsin,5771337,0,0,1083571,11017
12/27/2021,Wisconsin,5771337,5552,12,1089123,11029
12/28/2021,Wisconsin,5771337,6995,54,1096118,11083
12/29/2021,Wisconsin,5771337,7814,36,1103932,11119
12/30/2021,Wisconsin,5771337,8727,32,1112659,11151
12/31/2021,Wisconsin,5771337,8010,22,1120669,11173
1/1/2022,Wisconsin,5771337,0,0,1120669,11173
1/2/2022,Wisconsin,5771337,0,0,1120669,11173
1/3/2022,Wisconsin,5771337,11693,12,1132362,11185
1/4/2022,Wisconsin,5771337,9929,61,1142291,11246
1/5/2022,Wisconsin,5771337,13760,73,1156051,11319
1/6/2022,Wisconsin,5771337,14685,57,1170736,11376
1/7/2022,Wisconsin,5771337,15333,26,1186069,11402
1/8/2022,Wisconsin,5771337,0,0,1186069,11402
1/9/2022,Wisconsin,5771337,0,0,1186069,11402
1/10/2022,Wisconsin,5771337,33402,73,1219471,11475
1/11/2022,Wisconsin,5771337,15039,52,1234510,11527
1/12/2022,Wisconsin,5771337,18381,32,1252891,11559
1/13/2022,Wisconsin,5771337,17235,34,1270126,11593
1/14/2022,Wisconsin,5771337,27492,56,1297618,11649
1/15/2022,Wisconsin,5771337,0,0,1297618,11649
1/16/2022,Wisconsin,5771337,0,0,1297618,11649
1/17/2022,Wisconsin,5771337,83187,63,1380805,11712
1/18/2022,Wisconsin,5771337,19768,46,1400573,11758
1/19/2022,Wisconsin,5771337,14554,67,1415127,11825
1/20/2022,Wisconsin,5771337,18333,42,1433460,11867
1/21/2022,Wisconsin,5771337,12753,79,1446213,11946
1/22/2022,Wisconsin,5771337,0,0,1446213,11946
1/23/2022,Wisconsin,5771337,0,0,1446213,11946
1/24/2022,Wisconsin,5771337,24205,64,1470418,12010
1/25/2022,Wisconsin,5771337,7139,103,1477557,12113
1/26/2022,Wisconsin,5771337,8605,42,1486162,12155
1/27/2022,Wisconsin,5771337,9312,61,1495474,12216
1/28/2022,Wisconsin,5771337,8064,75,1503538,12291
1/29/2022,Wisconsin,5771337,0,0,1503538,12291
1/30/2022,Wisconsin,5771337,0,0,1503538,12291
1/31/2022,Wisconsin,5771337,13096,83,1516634,12374
2/1/2022,Wisconsin,5771337,4240,79,1520874,12453
2/2/2022,Wisconsin,5771337,5447,56,1526321,12509
2/3/2022,Wisconsin,5771337,5208,39,1531529,12548
2/4/2022,Wisconsin,5771337,3954,52,1535483,12600
2/5/2022,Wisconsin,5771337,0,0,1535483,12600
2/6/2022,Wisconsin,5771337,0,0,1535483,12600
2/7/2022,Wisconsin,5771337,7274,69,1542757,12669
2/8/2022,Wisconsin,5771337,2536,71,1545293,12740
7/1/2021,West Virginia,1844128,56,6,164097,2897
7/2/2021,West Virginia,1844128,52,2,164149,2899
7/3/2021,West Virginia,1844128,0,0,164149,2899
7/4/2021,West Virginia,1844128,0,0,164149,2899
7/5/2021,West Virginia,1844128,0,0,164149,2899
7/6/2021,West Virginia,1844128,130,2,164279,2901
7/7/2021,West Virginia,1844128,67,0,164346,2901
7/8/2021,West Virginia,1844128,53,3,164399,2904
7/9/2021,West Virginia,1844128,66,4,164465,2908
7/10/2021,West Virginia,1844128,0,0,164465,2908
7/11/2021,West Virginia,1844128,0,0,164465,2908
7/12/2021,West Virginia,1844128,160,2,164625,2910
7/13/2021,West Virginia,1844128,60,-1,164685,2909
7/14/2021,West Virginia,1844128,78,7,164763,2916
7/15/2021,West Virginia,1844128,80,1,164843,2917
7/16/2021,West Virginia,1844128,90,2,164933,2919
7/17/2021,West Virginia,1844128,0,0,164933,2919
7/18/2021,West Virginia,1844128,0,0,164933,2919
7/19/2021,West Virginia,1844128,244,0,165177,2919
7/20/2021,West Virginia,1844128,82,0,165259,2919
7/21/2021,West Virginia,1844128,139,1,165398,2920
7/22/2021,West Virginia,1844128,126,14,165524,2934
7/23/2021,West Virginia,1844128,178,2,165702,2936
7/24/2021,West Virginia,1844128,0,0,165702,2936
7/25/2021,West Virginia,1844128,0,0,165702,2936
7/26/2021,West Virginia,1844128,406,0,166108,2936
7/27/2021,West Virginia,1844128,189,0,166297,2936
7/28/2021,West Virginia,1844128,196,3,166493,2939
7/29/2021,West Virginia,1844128,255,5,166748,2944
7/30/2021,West Virginia,1844128,268,2,167016,2946
7/31/2021,West Virginia,1844128,0,0,167016,2946
8/1/2021,West Virginia,1844128,0,0,167016,2946
8/2/2021,West Virginia,1844128,665,3,167681,2949
8/3/2021,West Virginia,1844128,267,5,167948,2954
8/4/2021,West Virginia,1844128,382,2,168330,2956
8/5/2021,West Virginia,1844128,403,5,168733,2961
8/6/2021,West Virginia,1844128,429,4,169162,2965
8/7/2021,West Virginia,1844128,0,0,169162,2965
8/8/2021,West Virginia,1844128,0,0,169162,2965
8/9/2021,West Virginia,1844128,1037,7,170199,2972
8/10/2021,West Virginia,1844128,457,0,170656,2972
8/11/2021,West Virginia,1844128,546,2,171202,2974
8/12/2021,West Virginia,1844128,505,1,171707,2975
8/13/2021,West Virginia,1844128,290,1,171997,2976
8/14/2021,West Virginia,1844128,0,0,171997,2976
8/15/2021,West Virginia,1844128,0,0,171997,2976
8/16/2021,West Virginia,1844128,1482,2,173479,2978
8/17/2021,West Virginia,1844128,1339,12,174818,2990
8/18/2021,West Virginia,1844128,820,7,175638,2997
8/19/2021,West Virginia,1844128,970,4,176608,3001
8/20/2021,West Virginia,1844128,925,7,177533,3008
8/21/2021,West Virginia,1844128,0,0,177533,3008
8/22/2021,West Virginia,1844128,0,0,177533,3008
8/23/2021,West Virginia,1844128,2486,8,180019,3016
8/24/2021,West Virginia,1844128,785,1,180804,3017
8/25/2021,West Virginia,1844128,1102,19,181906,3036
8/26/2021,West Virginia,1844128,1448,13,183354,3049
8/27/2021,West Virginia,1844128,1328,5,184682,3054
8/28/2021,West Virginia,1844128,0,0,184682,3054
8/29/2021,West Virginia,1844128,2837,10,187519,3064
8/30/2021,West Virginia,1844128,1141,10,188660,3074
8/31/2021,West Virginia,1844128,1030,10,189690,3084
9/1/2021,West Virginia,1844128,1466,22,191156,3106
9/2/2021,West Virginia,1844128,1632,11,192788,3117
9/3/2021,West Virginia,1844128,1719,0,194507,3117
9/4/2021,West Virginia,1844128,1977,7,196484,3124
9/5/2021,West Virginia,1844128,1500,0,197984,3124
9/6/2021,West Virginia,1844128,1316,24,199300,3148
9/7/2021,West Virginia,1844128,1008,3,200308,3151
9/8/2021,West Virginia,1844128,1352,18,201660,3169
9/9/2021,West Virginia,1844128,1744,20,203404,3189
9/10/2021,West Virginia,1844128,2379,18,205783,3207
9/11/2021,West Virginia,1844128,2262,0,208045,3207
9/12/2021,West Virginia,1844128,2244,0,210289,3207
9/13/2021,West Virginia,1844128,1417,31,211706,3238
9/14/2021,West Virginia,1844128,1473,23,213179,3261
9/15/2021,West Virginia,1844128,1805,35,214984,3296
9/16/2021,West Virginia,1844128,2135,17,217119,3313
9/17/2021,West Virginia,1844128,2320,57,219439,3370
9/18/2021,West Virginia,1844128,2074,0,221513,3370
9/19/2021,West Virginia,1844128,1604,0,223117,3370
9/20/2021,West Virginia,1844128,1318,54,224435,3424
9/21/2021,West Virginia,1844128,1337,17,225772,3441
9/22/2021,West Virginia,1844128,1734,26,227506,3467
9/23/2021,West Virginia,1844128,1477,25,228983,3492
9/24/2021,West Virginia,1844128,2685,31,231668,3523
9/25/2021,West Virginia,1844128,1758,0,233426,3523
9/26/2021,West Virginia,1844128,1376,0,234802,3523
9/27/2021,West Virginia,1844128,1163,45,235965,3568
9/28/2021,West Virginia,1844128,1037,10,237002,3578
9/29/2021,West Virginia,1844128,1496,64,238498,3642
9/30/2021,West Virginia,1844128,1961,28,240459,3670
10/1/2021,West Virginia,1844128,1645,52,242104,3722
10/2/2021,West Virginia,1844128,1567,0,243671,3722
10/3/2021,West Virginia,1844128,1027,0,244698,3722
10/4/2021,West Virginia,1844128,846,47,245544,3769
10/5/2021,West Virginia,1844128,864,5,246408,3774
10/6/2021,West Virginia,1844128,1398,65,247806,3839
10/7/2021,West Virginia,1844128,1525,27,249331,3866
10/8/2021,West Virginia,1844128,1469,69,250800,3935
10/9/2021,West Virginia,1844128,1267,0,252067,3935
10/10/2021,West Virginia,1844128,1071,0,253138,3935
10/11/2021,West Virginia,1844128,757,41,253895,3976
10/12/2021,West Virginia,1844128,753,19,254648,3995
10/13/2021,West Virginia,1844128,1130,3,255778,3998
10/14/2021,West Virginia,1844128,1264,50,257042,4048
10/15/2021,West Virginia,1844128,1371,60,258413,4108
10/16/2021,West Virginia,1844128,1172,0,259585,4108
10/17/2021,West Virginia,1844128,859,0,260444,4108
10/18/2021,West Virginia,1844128,689,26,261133,4134
10/19/2021,West Virginia,1844128,757,11,261890,4145
10/20/2021,West Virginia,1844128,1012,74,262902,4219
10/21/2021,West Virginia,1844128,1100,19,264002,4238
10/22/2021,West Virginia,1844128,1004,25,265006,4263
10/23/2021,West Virginia,1844128,873,0,265879,4263
10/24/2021,West Virginia,1844128,642,0,266521,4263
10/25/2021,West Virginia,1844128,877,29,267398,4292
10/26/2021,West Virginia,1844128,714,24,268112,4316
10/27/2021,West Virginia,1844128,1019,30,269131,4346
10/28/2021,West Virginia,1844128,951,63,270082,4409
10/29/2021,West Virginia,1844128,902,17,270984,4426
10/30/2021,West Virginia,1844128,887,0,271871,4426
10/31/2021,West Virginia,1844128,661,0,272532,4426
11/1/2021,West Virginia,1844128,498,24,273030,4450
11/2/2021,West Virginia,1844128,629,25,273659,4475
11/3/2021,West Virginia,1844128,849,15,274508,4490
11/4/2021,West Virginia,1844128,888,21,275396,4511
11/5/2021,West Virginia,1844128,871,7,276267,4518
11/6/2021,West Virginia,1844128,866,0,277133,4518
11/7/2021,West Virginia,1844128,1038,0,278171,4518
11/8/2021,West Virginia,1844128,407,30,278578,4548
11/9/2021,West Virginia,1844128,259,20,278837,4568
11/10/2021,West Virginia,1844128,857,24,279694,4592
11/11/2021,West Virginia,1844128,1033,18,280727,4610
11/12/2021,West Virginia,1844128,1138,0,281865,4610
11/13/2021,West Virginia,1844128,540,0,282405,4610
11/14/2021,West Virginia,1844128,670,0,283075,4610
11/15/2021,West Virginia,1844128,486,26,283561,4636
11/16/2021,West Virginia,1844128,604,40,284165,4676
11/17/2021,West Virginia,1844128,970,22,285135,4698
11/18/2021,West Virginia,1844128,1114,19,286249,4717
11/19/2021,West Virginia,1844128,1363,9,287612,4726
11/20/2021,West Virginia,1844128,635,0,288247,4726
11/21/2021,West Virginia,1844128,720,0,288967,4726
11/22/2021,West Virginia,1844128,557,31,289524,4757
11/23/2021,West Virginia,1844128,502,13,290026,4770
11/24/2021,West Virginia,1844128,883,47,290909,4817
11/25/2021,West Virginia,1844128,0,0,290909,4817
11/26/2021,West Virginia,1844128,0,0,290909,4817
11/27/2021,West Virginia,1844128,0,0,290909,4817
11/28/2021,West Virginia,1844128,0,0,290909,4817
11/29/2021,West Virginia,1844128,3105,20,294014,4837
11/30/2021,West Virginia,1844128,780,31,294794,4868
12/1/2021,West Virginia,1844128,1155,27,295949,4895
12/2/2021,West Virginia,1844128,1466,50,297415,4945
12/3/2021,West Virginia,1844128,1244,17,298659,4962
12/4/2021,West Virginia,1844128,1168,0,299827,4962
12/5/2021,West Virginia,1844128,833,0,300660,4962
12/6/2021,West Virginia,1844128,689,28,301349,4990
12/7/2021,West Virginia,1844128,771,31,302120,5021
12/8/2021,West Virginia,1844128,1053,15,303173,5036
12/9/2021,West Virginia,1844128,1182,19,304355,5055
12/10/2021,West Virginia,1844128,1063,30,305418,5085
12/11/2021,West Virginia,1844128,1134,0,306552,5085
12/12/2021,West Virginia,1844128,880,0,307432,5085
12/13/2021,West Virginia,1844128,772,22,308204,5107
12/14/2021,West Virginia,1844128,781,7,308985,5114
12/15/2021,West Virginia,1844128,1260,28,310245,5142
12/16/2021,West Virginia,1844128,1279,0,311524,5142
12/17/2021,West Virginia,1844128,1168,22,312692,5164
12/18/2021,West Virginia,1844128,1198,0,313890,5164
12/19/2021,West Virginia,1844128,901,0,314791,5164
12/20/2021,West Virginia,1844128,780,27,315571,5191
12/21/2021,West Virginia,1844128,820,20,316391,5211
12/22/2021,West Virginia,1844128,1149,31,317540,5242
12/23/2021,West Virginia,1844128,1495,9,319035,5251
12/24/2021,West Virginia,1844128,0,0,319035,5251
12/25/2021,West Virginia,1844128,0,0,319035,5251
12/26/2021,West Virginia,1844128,0,0,319035,5251
12/27/2021,West Virginia,1844128,3450,9,322485,5260
12/28/2021,West Virginia,1844128,1053,28,323538,5288
12/29/2021,West Virginia,1844128,1976,17,325514,5305
12/30/2021,West Virginia,1844128,2648,31,328162,5336
12/31/2021,West Virginia,1844128,0,0,328162,5336
1/1/2022,West Virginia,1844128,0,0,328162,5336
1/2/2022,West Virginia,1844128,0,0,328162,5336
1/3/2022,West Virginia,1844128,9164,20,337326,5356
1/4/2022,West Virginia,1844128,2353,5,339679,5361
1/5/2022,West Virginia,1844128,2928,11,342607,5372
1/6/2022,West Virginia,1844128,4947,20,347554,5392
1/7/2022,West Virginia,1844128,4134,29,351688,5421
1/8/2022,West Virginia,1844128,4184,0,355872,5421
1/9/2022,West Virginia,1844128,2108,0,357980,5421
1/10/2022,West Virginia,1844128,2289,24,360269,5445
1/11/2022,West Virginia,1844128,2508,7,362777,5452
1/12/2022,West Virginia,1844128,4440,29,367217,5481
1/13/2022,West Virginia,1844128,5457,22,372674,5503
1/14/2022,West Virginia,1844128,5061,13,377735,5516
1/15/2022,West Virginia,1844128,5223,0,382958,5516
1/16/2022,West Virginia,1844128,4157,0,387115,5516
1/17/2022,West Virginia,1844128,3673,19,390788,5535
1/18/2022,West Virginia,1844128,1949,26,392737,5561
1/19/2022,West Virginia,1844128,3606,15,396343,5576
1/20/2022,West Virginia,1844128,5453,14,401796,5590
1/21/2022,West Virginia,1844128,5335,19,407131,5609
1/22/2022,West Virginia,1844128,6500,0,413631,5609
1/23/2022,West Virginia,1844128,5256,0,418887,5609
1/24/2022,West Virginia,1844128,3378,36,422265,5645
1/25/2022,West Virginia,1844128,2748,5,425013,5650
1/26/2022,West Virginia,1844128,4003,24,429016,5674
1/27/2022,West Virginia,1844128,5205,23,434221,5697
1/28/2022,West Virginia,1844128,4668,46,438889,5743
1/29/2022,West Virginia,1844128,3317,0,442206,5743
1/30/2022,West Virginia,1844128,2855,0,445061,5743
1/31/2022,West Virginia,1844128,1710,20,446771,5763
2/1/2022,West Virginia,1844128,2151,15,448922,5778
2/2/2022,West Virginia,1844128,2988,36,451910,5814
2/3/2022,West Virginia,1844128,3291,15,455201,5829
2/4/2022,West Virginia,1844128,2911,17,458112,5846
2/5/2022,West Virginia,1844128,3734,0,461846,5846
2/6/2022,West Virginia,1844128,1511,0,463357,5846
2/7/2022,West Virginia,1844128,1273,31,464630,5877
2/8/2022,West Virginia,1844128,1495,23,466125,5900
7/1/2021,Wyoming,586107,63,0,62353,747
7/2/2021,Wyoming,586107,92,0,62445,747
7/3/2021,Wyoming,586107,0,0,62445,747
7/4/2021,Wyoming,586107,0,0,62445,747
7/5/2021,Wyoming,586107,0,0,62445,747
7/6/2021,Wyoming,586107,197,4,62642,751
7/7/2021,Wyoming,586107,95,0,62737,751
7/8/2021,Wyoming,586107,128,0,62865,751
7/9/2021,Wyoming,586107,101,0,62966,751
7/10/2021,Wyoming,586107,0,0,62966,751
7/11/2021,Wyoming,586107,0,0,62966,751
7/12/2021,Wyoming,586107,172,0,63138,751
7/13/2021,Wyoming,586107,97,9,63235,760
7/14/2021,Wyoming,586107,96,0,63331,760
7/15/2021,Wyoming,586107,124,0,63455,760
7/16/2021,Wyoming,586107,68,0,63523,760
7/17/2021,Wyoming,586107,0,0,63523,760
7/18/2021,Wyoming,586107,0,0,63523,760
7/19/2021,Wyoming,586107,186,0,63709,760
7/20/2021,Wyoming,586107,131,6,63840,766
7/21/2021,Wyoming,586107,148,0,63988,766
7/22/2021,Wyoming,586107,153,0,64141,766
7/23/2021,Wyoming,586107,110,0,64251,766
7/24/2021,Wyoming,586107,0,0,64251,766
7/25/2021,Wyoming,586107,0,0,64251,766
7/26/2021,Wyoming,586107,200,0,64451,766
7/27/2021,Wyoming,586107,172,10,64623,776
7/28/2021,Wyoming,586107,0,0,64623,776
7/29/2021,Wyoming,586107,332,0,64955,776
7/30/2021,Wyoming,586107,172,0,65127,776
7/31/2021,Wyoming,586107,0,0,65127,776
8/1/2021,Wyoming,586107,0,0,65127,776
8/2/2021,Wyoming,586107,340,0,65467,776
8/3/2021,Wyoming,586107,237,10,65704,786
8/4/2021,Wyoming,586107,249,0,65953,786
8/5/2021,Wyoming,586107,247,0,66200,786
8/6/2021,Wyoming,586107,253,0,66453,786
8/7/2021,Wyoming,586107,0,0,66453,786
8/8/2021,Wyoming,586107,0,0,66453,786
8/9/2021,Wyoming,586107,573,0,67026,786
8/10/2021,Wyoming,586107,300,7,67326,793
8/11/2021,Wyoming,586107,256,0,67582,793
8/12/2021,Wyoming,586107,375,0,67957,793
8/13/2021,Wyoming,586107,315,0,68272,793
8/14/2021,Wyoming,586107,0,0,68272,793
8/15/2021,Wyoming,586107,0,0,68272,793
8/16/2021,Wyoming,586107,672,0,68944,793
8/17/2021,Wyoming,586107,412,16,69356,809
8/18/2021,Wyoming,586107,488,0,69844,809
8/19/2021,Wyoming,586107,306,0,70150,809
8/20/2021,Wyoming,586107,521,0,70671,809
8/21/2021,Wyoming,586107,0,0,70671,809
8/22/2021,Wyoming,586107,0,0,70671,809
8/23/2021,Wyoming,586107,891,0,71562,809
8/24/2021,Wyoming,586107,507,26,72069,835
8/25/2021,Wyoming,586107,459,0,72528,835
8/26/2021,Wyoming,586107,467,0,72995,835
8/27/2021,Wyoming,586107,472,0,73467,835
8/28/2021,Wyoming,586107,0,0,73467,835
8/29/2021,Wyoming,586107,0,0,73467,835
8/30/2021,Wyoming,586107,1289,0,74756,835
8/31/2021,Wyoming,586107,380,23,75136,858
9/1/2021,Wyoming,586107,871,0,76007,858
9/2/2021,Wyoming,586107,595,0,76602,858
9/3/2021,Wyoming,586107,604,0,77206,858
9/4/2021,Wyoming,586107,0,0,77206,858
9/5/2021,Wyoming,586107,0,0,77206,858
9/6/2021,Wyoming,586107,0,0,77206,858
9/7/2021,Wyoming,586107,1289,21,78495,879
9/8/2021,Wyoming,586107,802,0,79297,879
9/9/2021,Wyoming,586107,533,0,79830,879
9/10/2021,Wyoming,586107,813,0,80643,879
9/11/2021,Wyoming,586107,0,0,80643,879
9/12/2021,Wyoming,586107,0,0,80643,879
9/13/2021,Wyoming,586107,1182,0,81825,879
9/14/2021,Wyoming,586107,638,39,82463,918
9/15/2021,Wyoming,586107,434,0,82897,918
9/16/2021,Wyoming,586107,746,0,83643,918
9/17/2021,Wyoming,586107,315,0,83958,918
9/18/2021,Wyoming,586107,0,0,83958,918
9/19/2021,Wyoming,586107,0,0,83958,918
9/20/2021,Wyoming,586107,1541,0,85499,918
9/21/2021,Wyoming,586107,553,37,86052,955
9/22/2021,Wyoming,586107,542,0,86594,955
9/23/2021,Wyoming,586107,757,0,87351,955
9/24/2021,Wyoming,586107,515,0,87866,955
9/25/2021,Wyoming,586107,0,0,87866,955
9/26/2021,Wyoming,586107,0,0,87866,955
9/27/2021,Wyoming,586107,1069,0,88935,955
9/28/2021,Wyoming,586107,495,41,89430,996
9/29/2021,Wyoming,586107,535,0,89965,996
9/30/2021,Wyoming,586107,637,0,90602,996
10/1/2021,Wyoming,586107,567,0,91169,996
10/2/2021,Wyoming,586107,0,0,91169,996
10/3/2021,Wyoming,586107,0,0,91169,996
10/4/2021,Wyoming,586107,810,0,91979,996
10/5/2021,Wyoming,586107,538,45,92517,1041
10/6/2021,Wyoming,586107,566,0,93083,1041
10/7/2021,Wyoming,586107,681,0,93764,1041
10/8/2021,Wyoming,586107,539,0,94303,1041
10/9/2021,Wyoming,586107,0,0,94303,1041
10/10/2021,Wyoming,586107,0,0,94303,1041
10/11/2021,Wyoming,586107,834,0,95137,1041
10/12/2021,Wyoming,586107,483,39,95620,1080
10/13/2021,Wyoming,586107,439,0,96059,1080
10/14/2021,Wyoming,586107,605,0,96664,1080
10/15/2021,Wyoming,586107,473,0,97137,1080
10/16/2021,Wyoming,586107,0,0,97137,1080
10/17/2021,Wyoming,586107,0,0,97137,1080
10/18/2021,Wyoming,586107,1028,0,98165,1080
10/19/2021,Wyoming,586107,402,56,98567,1136
10/20/2021,Wyoming,586107,440,0,99007,1136
10/21/2021,Wyoming,586107,655,13,99662,1149
10/22/2021,Wyoming,586107,512,0,100174,1149
10/23/2021,Wyoming,586107,0,0,100174,1149
10/24/2021,Wyoming,586107,0,0,100174,1149
10/25/2021,Wyoming,586107,909,0,101083,1149
10/26/2021,Wyoming,586107,341,25,101424,1174
10/27/2021,Wyoming,586107,488,0,101912,1174
10/28/2021,Wyoming,586107,491,0,102403,1174
10/29/2021,Wyoming,586107,523,0,102926,1174
10/30/2021,Wyoming,586107,0,0,102926,1174
10/31/2021,Wyoming,586107,0,0,102926,1174
11/1/2021,Wyoming,586107,696,0,103622,1174
11/2/2021,Wyoming,586107,367,69,103989,1243
11/3/2021,Wyoming,586107,414,0,104403,1243
11/4/2021,Wyoming,586107,537,0,104940,1243
11/5/2021,Wyoming,586107,378,0,105318,1243
11/6/2021,Wyoming,586107,0,0,105318,1243
11/7/2021,Wyoming,586107,0,0,105318,1243
11/8/2021,Wyoming,586107,672,0,105990,1243
11/9/2021,Wyoming,586107,297,55,106287,1298
11/10/2021,Wyoming,586107,411,0,106698,1298
11/11/2021,Wyoming,586107,0,0,106698,1298
11/12/2021,Wyoming,586107,785,0,107483,1298
11/13/2021,Wyoming,586107,0,0,107483,1298
11/14/2021,Wyoming,586107,0,0,107483,1298
11/15/2021,Wyoming,586107,620,0,108103,1298
11/16/2021,Wyoming,586107,310,49,108413,1347
11/17/2021,Wyoming,586107,245,0,108658,1347
11/18/2021,Wyoming,586107,425,0,109083,1347
11/19/2021,Wyoming,586107,235,0,109318,1347
11/20/2021,Wyoming,586107,0,0,109318,1347
11/21/2021,Wyoming,586107,0,0,109318,1347
11/22/2021,Wyoming,586107,484,0,109802,1347
11/23/2021,Wyoming,586107,249,0,110051,1347
11/24/2021,Wyoming,586107,213,0,110264,1347
11/25/2021,Wyoming,586107,0,0,110264,1347
11/26/2021,Wyoming,586107,0,0,110264,1347
11/27/2021,Wyoming,586107,0,0,110264,1347
11/28/2021,Wyoming,586107,0,0,110264,1347
11/29/2021,Wyoming,586107,560,0,110824,1347
11/30/2021,Wyoming,586107,265,81,111089,1428
12/1/2021,Wyoming,586107,186,0,111275,1428
12/2/2021,Wyoming,586107,285,0,111560,1428
12/3/2021,Wyoming,586107,252,0,111812,1428
12/4/2021,Wyoming,586107,0,0,111812,1428
12/5/2021,Wyoming,586107,0,0,111812,1428
12/6/2021,Wyoming,586107,387,0,112199,1428
12/7/2021,Wyoming,586107,169,44,112368,1472
12/8/2021,Wyoming,586107,183,0,112551,1472
12/9/2021,Wyoming,586107,180,0,112731,1472
12/10/2021,Wyoming,586107,131,0,112862,1472
12/11/2021,Wyoming,586107,0,0,112862,1472
12/12/2021,Wyoming,586107,0,0,112862,1472
12/13/2021,Wyoming,586107,215,0,113077,1472
12/14/2021,Wyoming,586107,156,30,113233,1502
12/15/2021,Wyoming,586107,126,0,113359,1502
12/16/2021,Wyoming,586107,119,0,113478,1502
12/17/2021,Wyoming,586107,106,0,113584,1502
12/18/2021,Wyoming,586107,0,0,113584,1502
12/19/2021,Wyoming,586107,0,0,113584,1502
12/20/2021,Wyoming,586107,178,0,113762,1502
12/21/2021,Wyoming,586107,144,24,113906,1526
12/22/2021,Wyoming,586107,156,0,114062,1526
12/23/2021,Wyoming,586107,180,0,114242,1526
12/24/2021,Wyoming,586107,0,0,114242,1526
12/25/2021,Wyoming,586107,0,0,114242,1526
12/26/2021,Wyoming,586107,0,0,114242,1526
12/27/2021,Wyoming,586107,382,0,114624,1526
12/28/2021,Wyoming,586107,293,0,114917,1526
12/29/2021,Wyoming,586107,325,0,115242,1526
12/30/2021,Wyoming,586107,396,0,115638,1526
12/31/2021,Wyoming,586107,0,0,115638,1526
1/1/2022,Wyoming,586107,0,0,115638,1526
1/2/2022,Wyoming,586107,0,0,115638,1526
1/3/2022,Wyoming,586107,1005,0,116643,1526
1/4/2022,Wyoming,586107,746,46,117389,1572
1/5/2022,Wyoming,586107,709,0,118098,1572
1/6/2022,Wyoming,586107,995,0,119093,1572
1/7/2022,Wyoming,586107,764,0,119857,1572
1/8/2022,Wyoming,586107,0,0,119857,1572
1/9/2022,Wyoming,586107,0,0,119857,1572
1/10/2022,Wyoming,586107,1662,0,121519,1572
1/11/2022,Wyoming,586107,1235,16,122754,1588
1/12/2022,Wyoming,586107,989,0,123743,1588
1/13/2022,Wyoming,586107,1243,0,124986,1588
1/14/2022,Wyoming,586107,1482,0,126468,1588
1/15/2022,Wyoming,586107,0,0,126468,1588
1/16/2022,Wyoming,586107,0,0,126468,1588
1/17/2022,Wyoming,586107,0,0,126468,1588
1/18/2022,Wyoming,586107,4085,13,130553,1601
1/19/2022,Wyoming,586107,1592,0,132145,1601
1/20/2022,Wyoming,586107,1350,0,133495,1601
1/21/2022,Wyoming,586107,1874,0,135369,1601
1/22/2022,Wyoming,586107,0,0,135369,1601
1/23/2022,Wyoming,586107,0,0,135369,1601
1/24/2022,Wyoming,586107,2504,0,137873,1601
1/25/2022,Wyoming,586107,1588,24,139461,1625
1/26/2022,Wyoming,586107,1629,0,141090,1625
1/27/2022,Wyoming,586107,2039,0,143129,1625
1/28/2022,Wyoming,586107,1397,0,144526,1625
1/29/2022,Wyoming,586107,0,0,144526,1625
1/30/2022,Wyoming,586107,0,0,144526,1625
1/31/2022,Wyoming,586107,1979,0,146505,1625
2/1/2022,Wyoming,586107,800,25,147305,1650
2/2/2022,Wyoming,586107,1077,0,148382,1650
2/3/2022,Wyoming,586107,744,0,149126,1650
2/4/2022,Wyoming,586107,716,0,149842,1650
2/5/2022,Wyoming,586107,0,0,149842,1650
2/6/2022,Wyoming,586107,0,0,149842,1650
2/7/2022,Wyoming,586107,880,0,150722,1650
2/8/2022,Wyoming,586107,437,17,151159,1667
