date,State,Population,new_persons_vaccinated,cumulative_persons_vaccinated,new_persons_fully_vaccinated,cumulative_persons_fully_vaccinated
2021-07-01,Alaska,738432,652,358963,780,314489
2021-07-02,Alaska,738432,3721,362684,3877,318366
2021-07-03,Alaska,738432,694,363378,717,319083
2021-07-04,Alaska,738432,931,364309,1418,320501
2021-07-05,Alaska,738432,0,364309,0,320501
2021-07-06,Alaska,738432,1936,366245,2487,322988
2021-07-07,Alaska,738432,60,366305,72,323060
2021-07-08,Alaska,738432,611,366916,657,323717
2021-07-09,Alaska,738432,550,367466,686,324403
2021-07-10,Alaska,738432,690,368156,715,325118
2021-07-11,Alaska,738432,546,368702,571,325689
2021-07-12,Alaska,738432,309,369011,253,325942
2021-07-13,Alaska,738432,196,369207,147,326089
2021-07-14,Alaska,738432,429,369636,618,326707
2021-07-15,Alaska,738432,480,370116,582,327289
2021-07-16,Alaska,738432,630,370746,654,327943
2021-07-17,Alaska,738432,416,371162,461,328404
2021-07-18,Alaska,738432,1423,372585,915,329319
2021-07-19,Alaska,738432,177,372762,133,329452
2021-07-20,Alaska,738432,0,372762,0,329452
2021-07-21,Alaska,738432,-1700,371062,139,329591
2021-07-22,Alaska,738432,452,371514,390,329981
2021-07-23,Alaska,738432,618,372132,425,330406
2021-07-24,Alaska,738432,770,372902,487,330893
2021-07-25,Alaska,738432,38,372940,33,330926
2021-07-26,Alaska,738432,1085,374025,535,331461
2021-07-27,Alaska,738432,256,374281,106,331567
2021-07-28,Alaska,738432,455,374736,251,331818
2021-07-29,Alaska,738432,623,375359,318,332136
2021-07-30,Alaska,738432,795,376154,542,332678
2021-07-31,Alaska,738432,728,376882,414,333092
2021-08-01,Alaska,738432,66,376948,34,333126
2021-08-02,Alaska,738432,71,377019,49,333175
2021-08-03,Alaska,738432,1376,378395,704,333879
2021-08-04,Alaska,738432,627,379022,387,334266
2021-08-05,Alaska,738432,837,379859,450,334716
2021-08-06,Alaska,738432,784,380643,447,335163
2021-08-07,Alaska,738432,827,381470,401,335564
2021-08-08,Alaska,738432,149,381619,100,335664
2021-08-09,Alaska,738432,20,381639,10,335674
2021-08-10,Alaska,738432,247,381886,138,335812
2021-08-11,Alaska,738432,722,382608,408,336220
2021-08-12,Alaska,738432,666,383274,402,336622
2021-08-13,Alaska,738432,917,384191,612,337234
2021-08-14,Alaska,738432,780,384971,512,337746
2021-08-15,Alaska,738432,82,385053,61,337807
2021-08-16,Alaska,738432,1126,386179,742,338549
2021-08-17,Alaska,738432,421,386600,323,338872
2021-08-18,Alaska,738432,573,387173,432,339304
2021-08-19,Alaska,738432,818,387991,521,339825
2021-08-20,Alaska,738432,787,388778,552,340377
2021-08-21,Alaska,738432,748,389526,587,340964
2021-08-22,Alaska,738432,113,389639,100,341064
2021-08-23,Alaska,738432,24,389663,15,341079
2021-08-24,Alaska,738432,1290,390953,996,342075
2021-08-25,Alaska,738432,822,391775,576,342651
2021-08-26,Alaska,738432,887,392662,623,343274
2021-08-27,Alaska,738432,850,393512,631,343905
2021-08-28,Alaska,738432,0,393512,0,343905
2021-08-29,Alaska,738432,973,394485,561,344466
2021-08-30,Alaska,738432,1584,396069,624,345090
2021-08-31,Alaska,738432,474,396543,274,345364
2021-09-01,Alaska,738432,789,397332,462,345826
2021-09-02,Alaska,738432,931,398263,573,346399
2021-09-03,Alaska,738432,997,399260,682,347081
2021-09-04,Alaska,738432,801,400061,516,347597
2021-09-05,Alaska,738432,0,400061,0,347597
2021-09-06,Alaska,738432,0,400061,0,347597
2021-09-07,Alaska,738432,3279,403340,3558,351155
2021-09-08,Alaska,738432,288,403628,159,351314
2021-09-09,Alaska,738432,1384,405012,485,351799
2021-09-10,Alaska,738432,1523,406535,840,352639
2021-09-11,Alaska,738432,1194,407729,639,353278
2021-09-12,Alaska,738432,114,407843,54,353332
2021-09-13,Alaska,738432,0,407843,0,353332
2021-09-14,Alaska,738432,1899,409742,1286,354618
2021-09-15,Alaska,738432,514,410256,493,355111
2021-09-16,Alaska,738432,799,411055,596,355707
2021-09-17,Alaska,738432,923,411978,1077,356784
2021-09-18,Alaska,738432,704,412682,1036,357820
2021-09-19,Alaska,738432,821,413503,1282,359102
2021-09-20,Alaska,738432,381,413884,1160,360262
2021-09-21,Alaska,738432,153,414037,478,360740
2021-09-22,Alaska,738432,472,414509,1510,362250
2021-09-23,Alaska,738432,969,415478,1514,363764
2021-09-24,Alaska,738432,124,415602,129,363893
2021-09-25,Alaska,738432,133,415735,219,364112
2021-09-26,Alaska,738432,148,415883,170,364282
2021-09-27,Alaska,738432,1826,417709,4141,368423
2021-09-28,Alaska,738432,0,417709,0,368423
2021-09-29,Alaska,738432,857,418566,1103,369526
2021-09-30,Alaska,738432,490,419056,588,370114
2021-10-01,Alaska,738432,674,419730,769,370883
2021-10-02,Alaska,738432,693,420423,610,371493
2021-10-03,Alaska,738432,49,420472,17,371510
2021-10-04,Alaska,738432,852,421324,897,372407
2021-10-05,Alaska,738432,219,421543,156,372563
2021-10-06,Alaska,738432,442,421985,387,372950
2021-10-07,Alaska,738432,439,422424,461,373411
2021-10-08,Alaska,738432,661,423085,539,373950
2021-10-09,Alaska,738432,476,423561,413,374363
2021-10-10,Alaska,738432,0,423561,0,374363
2021-10-11,Alaska,738432,0,423561,0,374363
2021-10-12,Alaska,738432,983,424544,897,375260
2021-10-13,Alaska,738432,287,424831,222,375482
2021-10-14,Alaska,738432,688,425519,631,376113
2021-10-15,Alaska,738432,715,426234,822,376935
2021-10-16,Alaska,738432,573,426807,899,377834
2021-10-17,Alaska,738432,36,426843,24,377858
2021-10-18,Alaska,738432,24,426867,8,377866
2021-10-19,Alaska,738432,1946,428813,2496,380362
2021-10-20,Alaska,738432,52,428865,35,380397
2021-10-21,Alaska,738432,487,429352,386,380783
2021-10-22,Alaska,738432,1106,430458,812,381595
2021-10-23,Alaska,738432,549,431007,611,382206
2021-10-24,Alaska,738432,496,431503,530,382736
2021-10-25,Alaska,738432,332,431835,296,383032
2021-10-26,Alaska,738432,281,432116,214,383246
2021-10-27,Alaska,738432,503,432619,427,383673
2021-10-28,Alaska,738432,684,433303,432,384105
2021-10-29,Alaska,738432,702,434005,492,384597
2021-10-30,Alaska,738432,717,434722,486,385083
2021-10-31,Alaska,738432,104,434826,48,385131
2021-11-01,Alaska,738432,870,435696,647,385778
2021-11-02,Alaska,738432,318,436014,175,385953
2021-11-03,Alaska,738432,77,436091,29,385982
2021-11-04,Alaska,738432,185,436276,56,386038
2021-11-05,Alaska,738432,1218,437494,990,387028
2021-11-06,Alaska,738432,606,438100,435,387463
2021-11-07,Alaska,738432,80,438180,26,387489
2021-11-08,Alaska,738432,1052,439232,700,388189
2021-11-09,Alaska,738432,211,439443,113,388302
2021-11-10,Alaska,738432,398,439841,281,388583
2021-11-11,Alaska,738432,0,439841,0,388583
2021-11-12,Alaska,738432,2103,441944,672,389255
2021-11-13,Alaska,738432,2296,444240,602,389857
2021-11-14,Alaska,738432,2089,446329,1261,391118
2021-11-15,Alaska,738432,1009,447338,222,391340
2021-11-16,Alaska,738432,67,447405,16,391356
2021-11-17,Alaska,738432,2211,449616,1482,392838
2021-11-18,Alaska,738432,0,449616,0,392838
2021-11-19,Alaska,738432,1178,450794,395,393233
2021-11-20,Alaska,738432,898,451692,445,393678
2021-11-21,Alaska,738432,1028,452720,392,394070
2021-11-22,Alaska,738432,180,452900,87,394157
2021-11-23,Alaska,738432,0,452900,0,394157
2021-11-24,Alaska,738432,2680,455580,1007,395164
2021-11-25,Alaska,738432,0,455580,0,395164
2021-11-26,Alaska,738432,0,455580,0,395164
2021-11-27,Alaska,738432,0,455580,0,395164
2021-11-28,Alaska,738432,0,455580,0,395164
2021-11-29,Alaska,738432,0,455580,0,395164
2021-11-30,Alaska,738432,3832,459412,1524,396688
2021-12-01,Alaska,738432,1009,460421,407,397095
2021-12-02,Alaska,738432,1140,461561,1027,398122
2021-12-03,Alaska,738432,1056,462617,930,399052
2021-12-04,Alaska,738432,1084,463701,950,400002
2021-12-05,Alaska,738432,77,463778,19,400021
2021-12-06,Alaska,738432,1462,465240,2273,402294
2021-12-07,Alaska,738432,240,465480,235,402529
2021-12-08,Alaska,738432,578,466058,815,403344
2021-12-09,Alaska,738432,712,466770,855,404199
2021-12-10,Alaska,738432,620,467390,617,404816
2021-12-11,Alaska,738432,594,467984,530,405346
2021-12-12,Alaska,738432,46,468030,6,405352
2021-12-13,Alaska,738432,837,468867,1131,406483
2021-12-14,Alaska,738432,239,469106,203,406686
2021-12-15,Alaska,738432,0,469106,0,406686
2021-12-16,Alaska,738432,447,469553,564,407250
2021-12-17,Alaska,738432,1238,470791,1146,408396
2021-12-18,Alaska,738432,0,470791,0,408396
2021-12-19,Alaska,738432,476,471267,324,408720
2021-12-20,Alaska,738432,55,471322,24,408744
2021-12-21,Alaska,738432,969,472291,706,409450
2021-12-22,Alaska,738432,497,472788,356,409806
2021-12-23,Alaska,738432,623,473411,481,410287
2021-12-24,Alaska,738432,0,473411,0,410287
2021-12-25,Alaska,738432,0,473411,0,410287
2021-12-26,Alaska,738432,0,473411,0,410287
2021-12-27,Alaska,738432,225,473636,75,410362
2021-12-28,Alaska,738432,1193,474829,911,411273
2021-12-29,Alaska,738432,363,475192,404,411677
2021-12-30,Alaska,738432,496,475688,433,412110
2021-12-31,Alaska,738432,0,475688,0,412110
2022-01-01,Alaska,738432,0,475688,0,412110
2022-01-02,Alaska,738432,0,475688,0,412110
2022-01-03,Alaska,738432,0,475688,0,412110
2022-01-04,Alaska,738432,1377,477065,937,413047
2022-01-05,Alaska,738432,402,477467,366,413413
2022-01-06,Alaska,738432,0,477467,0,413413
2022-01-07,Alaska,738432,527,477994,414,413827
2022-01-08,Alaska,738432,1010,479004,730,414557
2022-01-09,Alaska,738432,107,479111,57,414614
2022-01-10,Alaska,738432,33,479144,7,414621
2022-01-11,Alaska,738432,836,479980,714,415335
2022-01-12,Alaska,738432,373,480353,339,415674
2022-01-13,Alaska,738432,787,481140,499,416173
2022-01-14,Alaska,738432,193,481333,148,416321
2022-01-15,Alaska,738432,0,481333,0,416321
2022-01-16,Alaska,738432,770,482103,598,416919
2022-01-17,Alaska,738432,0,482103,0,416919
2022-01-18,Alaska,738432,772,482875,537,417456
2022-01-19,Alaska,738432,10301,493176,6871,424327
2022-01-20,Alaska,738432,300,493476,298,424625
2022-01-21,Alaska,738432,402,493878,387,425012
2022-01-22,Alaska,738432,364,494242,258,425270
2022-01-23,Alaska,738432,59,494301,22,425292
2022-01-24,Alaska,738432,563,494864,348,425640
2022-01-25,Alaska,738432,154,495018,73,425713
2022-01-26,Alaska,738432,245,495263,192,425905
2022-01-27,Alaska,738432,257,495520,265,426170
2022-01-28,Alaska,738432,270,495790,232,426402
2022-01-29,Alaska,738432,381,496171,347,426749
2022-01-30,Alaska,738432,53,496224,18,426767
2022-01-31,Alaska,738432,0,496224,0,426767
2022-02-01,Alaska,738432,499,496723,533,427300
2022-02-02,Alaska,738432,63,496786,44,427344
2022-02-03,Alaska,738432,0,496786,0,427344
2022-02-04,Alaska,738432,488,497274,9794,437138
2022-02-05,Alaska,738432,267,497541,201,437339
2022-02-06,Alaska,738432,115,497656,38,437377
2022-02-07,Alaska,738432,374,498030,365,437742
2022-02-08,Alaska,738432,85,498115,50,437792
2022-02-09,Alaska,738432,0,498115,0,437792
2021-07-01,Alabama,5024279,8579,1962745,7177,1601802
2021-07-02,Alabama,5024279,207,1962952,220,1602022
2021-07-03,Alabama,5024279,6882,1969834,10781,1612803
2021-07-04,Alabama,5024279,137,1969971,110,1612913
2021-07-05,Alabama,5024279,0,1969971,0,1612913
2021-07-06,Alabama,5024279,6372,1976343,4671,1617584
2021-07-07,Alabama,5024279,2608,1978951,2063,1619647
2021-07-08,Alabama,5024279,3299,1982250,3467,1623114
2021-07-09,Alabama,5024279,3332,1985582,3209,1626323
2021-07-10,Alabama,5024279,3374,1988956,3422,1629745
2021-07-11,Alabama,5024279,4001,1992957,3663,1633408
2021-07-12,Alabama,5024279,142,1993099,97,1633505
2021-07-13,Alabama,5024279,7653,2000752,5361,1638866
2021-07-14,Alabama,5024279,162,2000914,166,1639032
2021-07-15,Alabama,5024279,8286,2009200,6051,1645083
2021-07-16,Alabama,5024279,4359,2013559,2912,1647995
2021-07-17,Alabama,5024279,294,2013853,177,1648172
2021-07-18,Alabama,5024279,4954,2018807,3232,1651404
2021-07-19,Alabama,5024279,3975,2022782,2200,1653604
2021-07-20,Alabama,5024279,0,2022782,0,1653604
2021-07-21,Alabama,5024279,12032,2034814,6171,1659775
2021-07-22,Alabama,5024279,6474,2041288,3037,1662812
2021-07-23,Alabama,5024279,309,2041597,219,1663031
2021-07-24,Alabama,5024279,7293,2048890,2720,1665751
2021-07-25,Alabama,5024279,9782,2058672,3067,1668818
2021-07-26,Alabama,5024279,8861,2067533,2280,1671098
2021-07-27,Alabama,5024279,5825,2073358,1325,1672423
2021-07-28,Alabama,5024279,19409,2092767,4625,1677048
2021-07-29,Alabama,5024279,475,2093242,231,1677279
2021-07-30,Alabama,5024279,23309,2116551,6088,1683367
2021-07-31,Alabama,5024279,493,2117044,217,1683584
2021-08-01,Alabama,5024279,13061,2130105,3820,1687404
2021-08-02,Alabama,5024279,204,2130309,40,1687444
2021-08-03,Alabama,5024279,24170,2154479,6060,1693504
2021-08-04,Alabama,5024279,9569,2164048,2527,1696031
2021-08-05,Alabama,5024279,4378,2168426,1113,1697144
2021-08-06,Alabama,5024279,24224,2192650,6375,1703519
2021-08-07,Alabama,5024279,14695,2207345,4376,1707895
2021-08-08,Alabama,5024279,379,2207724,131,1708026
2021-08-09,Alabama,5024279,9744,2217468,2988,1711014
2021-08-10,Alabama,5024279,13920,2231388,4662,1715676
2021-08-11,Alabama,5024279,2013,2233401,692,1716368
2021-08-12,Alabama,5024279,11874,2245275,4087,1720455
2021-08-13,Alabama,5024279,11082,2256357,4584,1725039
2021-08-14,Alabama,5024279,3970,2260327,1737,1726776
2021-08-15,Alabama,5024279,14723,2275050,7946,1734722
2021-08-16,Alabama,5024279,14091,2289141,8888,1743610
2021-08-17,Alabama,5024279,6722,2295863,4919,1748529
2021-08-18,Alabama,5024279,6735,2302598,3714,1752243
2021-08-19,Alabama,5024279,10392,2312990,7246,1759489
2021-08-20,Alabama,5024279,17705,2330695,11236,1770725
2021-08-21,Alabama,5024279,10087,2340782,6860,1777585
2021-08-22,Alabama,5024279,5152,2345934,4005,1781590
2021-08-23,Alabama,5024279,12616,2358550,12122,1793712
2021-08-24,Alabama,5024279,9739,2368289,8567,1802279
2021-08-25,Alabama,5024279,1993,2370282,1625,1803904
2021-08-26,Alabama,5024279,10587,2380869,9352,1813256
2021-08-27,Alabama,5024279,18835,2399704,25091,1838347
2021-08-28,Alabama,5024279,0,2399704,0,1838347
2021-08-29,Alabama,5024279,26749,2426453,22098,1860445
2021-08-30,Alabama,5024279,6426,2432879,7899,1868344
2021-08-31,Alabama,5024279,9368,2442247,11932,1880276
2021-09-01,Alabama,5024279,2095,2444342,1774,1882050
2021-09-02,Alabama,5024279,8205,2452547,9013,1891063
2021-09-03,Alabama,5024279,8796,2461343,9813,1900876
2021-09-04,Alabama,5024279,12766,2474109,14834,1915710
2021-09-05,Alabama,5024279,0,2474109,0,1915710
2021-09-06,Alabama,5024279,0,2474109,0,1915710
2021-09-07,Alabama,5024279,11470,2485579,14380,1930090
2021-09-08,Alabama,5024279,6054,2491633,7975,1938065
2021-09-09,Alabama,5024279,1408,2493041,1979,1940044
2021-09-10,Alabama,5024279,11615,2504656,16815,1956859
2021-09-11,Alabama,5024279,1828,2506484,2634,1959493
2021-09-12,Alabama,5024279,7581,2514065,11548,1971041
2021-09-13,Alabama,5024279,0,2514065,0,1971041
2021-09-14,Alabama,5024279,2111,2516176,9766,1980807
2021-09-15,Alabama,5024279,4803,2520979,7218,1988025
2021-09-16,Alabama,5024279,6019,2526998,9339,1997364
2021-09-17,Alabama,5024279,8637,2535635,13555,2010919
2021-09-18,Alabama,5024279,1694,2537329,2104,2013023
2021-09-19,Alabama,5024279,6146,2543475,10736,2023759
2021-09-20,Alabama,5024279,3546,2547021,6390,2030149
2021-09-21,Alabama,5024279,5122,2552143,8495,2038644
2021-09-22,Alabama,5024279,3094,2555237,5328,2043972
2021-09-23,Alabama,5024279,878,2556115,1266,2045238
2021-09-24,Alabama,5024279,2454,2558569,4145,2049383
2021-09-25,Alabama,5024279,7166,2565735,11552,2060935
2021-09-26,Alabama,5024279,4678,2570413,8091,2069026
2021-09-27,Alabama,5024279,2503,2572916,4691,2073717
2021-09-28,Alabama,5024279,0,2572916,0,2073717
2021-09-29,Alabama,5024279,5947,2578863,9465,2083182
2021-09-30,Alabama,5024279,4727,2583590,6670,2089852
2021-10-01,Alabama,5024279,668,2584258,954,2090806
2021-10-02,Alabama,5024279,2692,2586950,4114,2094920
2021-10-03,Alabama,5024279,5146,2592096,8283,2103203
2021-10-04,Alabama,5024279,3851,2595947,6146,2109349
2021-10-05,Alabama,5024279,1501,2597448,2576,2111925
2021-10-06,Alabama,5024279,2622,2600070,3807,2115732
2021-10-07,Alabama,5024279,2332,2602402,3211,2118943
2021-10-08,Alabama,5024279,5656,2608058,7823,2126766
2021-10-09,Alabama,5024279,1476,2609534,2160,2128926
2021-10-10,Alabama,5024279,0,2609534,0,2128926
2021-10-11,Alabama,5024279,0,2609534,0,2128926
2021-10-12,Alabama,5024279,7138,2616672,10621,2139547
2021-10-13,Alabama,5024279,971,2617643,1177,2140724
2021-10-14,Alabama,5024279,2503,2620146,3396,2144120
2021-10-15,Alabama,5024279,2282,2622428,2913,2147033
2021-10-16,Alabama,5024279,2780,2625208,3475,2150508
2021-10-17,Alabama,5024279,4138,2629346,5101,2155609
2021-10-18,Alabama,5024279,1921,2631267,2247,2157856
2021-10-19,Alabama,5024279,1483,2632750,1667,2159523
2021-10-20,Alabama,5024279,2245,2634995,2761,2162284
2021-10-21,Alabama,5024279,2739,2637734,2870,2165154
2021-10-22,Alabama,5024279,6495,2644229,5169,2170323
2021-10-23,Alabama,5024279,4359,2648588,4600,2174923
2021-10-24,Alabama,5024279,1545,2650133,1617,2176540
2021-10-25,Alabama,5024279,1904,2652037,1440,2177980
2021-10-26,Alabama,5024279,1529,2653566,1262,2179242
2021-10-27,Alabama,5024279,5549,2659115,4440,2183682
2021-10-28,Alabama,5024279,4837,2663952,3696,2187378
2021-10-29,Alabama,5024279,4076,2668028,3323,2190701
2021-10-30,Alabama,5024279,4012,2672040,3373,2194074
2021-10-31,Alabama,5024279,1616,2673656,1458,2195532
2021-11-01,Alabama,5024279,2571,2676227,2017,2197549
2021-11-02,Alabama,5024279,1437,2677664,984,2198533
2021-11-03,Alabama,5024279,4741,2682405,3752,2202285
2021-11-04,Alabama,5024279,3044,2685449,2392,2204677
2021-11-05,Alabama,5024279,3032,2688481,2400,2207077
2021-11-06,Alabama,5024279,1015,2689496,952,2208029
2021-11-07,Alabama,5024279,3625,2693121,3092,2211121
2021-11-08,Alabama,5024279,2705,2695826,2337,2213458
2021-11-09,Alabama,5024279,1081,2696907,1038,2214496
2021-11-10,Alabama,5024279,4321,2701228,3875,2218371
2021-11-11,Alabama,5024279,0,2701228,0,2218371
2021-11-12,Alabama,5024279,1650,2702878,1186,2219557
2021-11-13,Alabama,5024279,3124,2706002,1905,2221462
2021-11-14,Alabama,5024279,8712,2714714,7123,2228585
2021-11-15,Alabama,5024279,3587,2718301,1596,2230181
2021-11-16,Alabama,5024279,2301,2720602,1038,2231219
2021-11-17,Alabama,5024279,3483,2724085,2192,2233411
2021-11-18,Alabama,5024279,0,2724085,0,2233411
2021-11-19,Alabama,5024279,6988,2731073,4418,2237829
2021-11-20,Alabama,5024279,1959,2733032,1129,2238958
2021-11-21,Alabama,5024279,7365,2740397,4134,2243092
2021-11-22,Alabama,5024279,4933,2745330,2451,2245543
2021-11-23,Alabama,5024279,0,2745330,0,2245543
2021-11-24,Alabama,5024279,10583,2755913,9123,2254666
2021-11-25,Alabama,5024279,0,2755913,0,2254666
2021-11-26,Alabama,5024279,0,2755913,0,2254666
2021-11-27,Alabama,5024279,0,2755913,0,2254666
2021-11-28,Alabama,5024279,0,2755913,0,2254666
2021-11-29,Alabama,5024279,0,2755913,0,2254666
2021-11-30,Alabama,5024279,16111,2772024,9800,2264466
2021-12-01,Alabama,5024279,4735,2776759,2395,2266861
2021-12-02,Alabama,5024279,3457,2780216,1709,2268570
2021-12-03,Alabama,5024279,8610,2788826,4791,2273361
2021-12-04,Alabama,5024279,2643,2791469,1077,2274438
2021-12-05,Alabama,5024279,6430,2797899,4232,2278670
2021-12-06,Alabama,5024279,3485,2801384,3086,2281756
2021-12-07,Alabama,5024279,2748,2804132,2003,2283759
2021-12-08,Alabama,5024279,3532,2807664,2873,2286632
2021-12-09,Alabama,5024279,1814,2809478,1548,2288180
2021-12-10,Alabama,5024279,5782,2815260,4891,2293071
2021-12-11,Alabama,5024279,3940,2819200,3422,2296493
2021-12-12,Alabama,5024279,1275,2820475,1132,2297625
2021-12-13,Alabama,5024279,2189,2822664,2215,2299840
2021-12-14,Alabama,5024279,2910,2825574,2627,2302467
2021-12-15,Alabama,5024279,0,2825574,0,2302467
2021-12-16,Alabama,5024279,2742,2828316,2448,2304915
2021-12-17,Alabama,5024279,5745,2834061,4918,2309833
2021-12-18,Alabama,5024279,0,2834061,0,2309833
2021-12-19,Alabama,5024279,4731,2838792,3296,2313129
2021-12-20,Alabama,5024279,1762,2840554,1281,2314410
2021-12-21,Alabama,5024279,2184,2842738,1667,2316077
2021-12-22,Alabama,5024279,2897,2845635,2233,2318310
2021-12-23,Alabama,5024279,4319,2849954,3093,2321403
2021-12-24,Alabama,5024279,0,2849954,0,2321403
2021-12-25,Alabama,5024279,0,2849954,0,2321403
2021-12-26,Alabama,5024279,0,2849954,0,2321403
2021-12-27,Alabama,5024279,10289,2860243,7327,2328730
2021-12-28,Alabama,5024279,3242,2863485,2866,2331596
2021-12-29,Alabama,5024279,957,2864442,691,2332287
2021-12-30,Alabama,5024279,4322,2868764,3057,2335344
2021-12-31,Alabama,5024279,0,2868764,0,2335344
2022-01-01,Alabama,5024279,0,2868764,0,2335344
2022-01-02,Alabama,5024279,0,2868764,0,2335344
2022-01-03,Alabama,5024279,0,2868764,0,2335344
2022-01-04,Alabama,5024279,16055,2884819,10255,2345599
2022-01-05,Alabama,5024279,1251,2886070,805,2346404
2022-01-06,Alabama,5024279,0,2886070,0,2346404
2022-01-07,Alabama,5024279,4176,2890246,2681,2349085
2022-01-08,Alabama,5024279,7869,2898115,5002,2354087
2022-01-09,Alabama,5024279,2152,2900267,1573,2355660
2022-01-10,Alabama,5024279,3053,2903320,2067,2357727
2022-01-11,Alabama,5024279,1603,2904923,1031,2358758
2022-01-12,Alabama,5024279,4020,2908943,2732,2361490
2022-01-13,Alabama,5024279,3110,2912053,2153,2363643
2022-01-14,Alabama,5024279,7383,2919436,5915,2369558
2022-01-15,Alabama,5024279,0,2919436,0,2369558
2022-01-16,Alabama,5024279,2960,2922396,1956,2371514
2022-01-17,Alabama,5024279,0,2922396,0,2371514
2022-01-18,Alabama,5024279,4821,2927217,2590,2374104
2022-01-19,Alabama,5024279,35224,2962441,22204,2396308
2022-01-20,Alabama,5024279,1226,2963667,838,2397146
2022-01-21,Alabama,5024279,6018,2969685,3948,2401094
2022-01-22,Alabama,5024279,260,2969945,98,2401192
2022-01-23,Alabama,5024279,15761,2985706,10460,2411652
2022-01-24,Alabama,5024279,791,2986497,496,2412148
2022-01-25,Alabama,5024279,2606,2989103,2237,2414385
2022-01-26,Alabama,5024279,3494,2992597,3254,2417639
2022-01-27,Alabama,5024279,599,2993196,629,2418268
2022-01-28,Alabama,5024279,3160,2996356,3219,2421487
2022-01-29,Alabama,5024279,526,2996882,480,2421967
2022-01-30,Alabama,5024279,2101,2998983,1926,2423893
2022-01-31,Alabama,5024279,0,2998983,0,2423893
2022-02-01,Alabama,5024279,2750,3001733,2515,2426408
2022-02-02,Alabama,5024279,1363,3003096,1430,2427838
2022-02-03,Alabama,5024279,0,3003096,0,2427838
2022-02-04,Alabama,5024279,3622,3006718,3606,2431444
2022-02-05,Alabama,5024279,1770,3008488,1640,2433084
2022-02-06,Alabama,5024279,1424,3009912,1223,2434307
2022-02-07,Alabama,5024279,812,3010724,989,2435296
2022-02-08,Alabama,5024279,2005,3012729,2563,2437859
2022-02-09,Alabama,5024279,0,3012729,0,2437859
2021-07-01,Arkansas,2978204,6265,1268867,4233,1033763
2021-07-02,Arkansas,2978204,3625,1272492,2934,1036697
2021-07-03,Arkansas,2978204,3496,1275988,2762,1039459
2021-07-04,Arkansas,2978204,3168,1279156,2290,1041749
2021-07-05,Arkansas,2978204,0,1279156,0,1041749
2021-07-06,Arkansas,2978204,2402,1281558,1468,1043217
2021-07-07,Arkansas,2978204,1175,1282733,956,1044173
2021-07-08,Arkansas,2978204,3201,1285934,2471,1046644
2021-07-09,Arkansas,2978204,3439,1289373,2483,1049127
2021-07-10,Arkansas,2978204,3472,1292845,2045,1051172
2021-07-11,Arkansas,2978204,4402,1297247,2663,1053835
2021-07-12,Arkansas,2978204,2170,1299417,992,1054827
2021-07-13,Arkansas,2978204,1429,1300846,819,1055646
2021-07-14,Arkansas,2978204,3860,1304706,2254,1057900
2021-07-15,Arkansas,2978204,4296,1309002,2274,1060174
2021-07-16,Arkansas,2978204,4031,1313033,2080,1062254
2021-07-17,Arkansas,2978204,8397,1321430,2854,1065108
2021-07-18,Arkansas,2978204,6369,1327799,2867,1067975
2021-07-19,Arkansas,2978204,3086,1330885,1142,1069117
2021-07-20,Arkansas,2978204,0,1330885,0,1069117
2021-07-21,Arkansas,2978204,7333,1338218,3049,1072166
2021-07-22,Arkansas,2978204,7548,1345766,2706,1074872
2021-07-23,Arkansas,2978204,7171,1352937,2475,1077347
2021-07-24,Arkansas,2978204,9869,1362806,4877,1082224
2021-07-25,Arkansas,2978204,9823,1372629,2802,1085026
2021-07-26,Arkansas,2978204,4776,1377405,1478,1086504
2021-07-27,Arkansas,2978204,2849,1380254,780,1087284
2021-07-28,Arkansas,2978204,8181,1388435,2191,1089475
2021-07-29,Arkansas,2978204,8617,1397052,2846,1092321
2021-07-30,Arkansas,2978204,8407,1405459,2893,1095214
2021-07-31,Arkansas,2978204,7451,1412910,2561,1097775
2021-08-01,Arkansas,2978204,9912,1422822,3360,1101135
2021-08-02,Arkansas,2978204,5326,1428148,1922,1103057
2021-08-03,Arkansas,2978204,2690,1430838,963,1104020
2021-08-04,Arkansas,2978204,17692,1448530,14070,1118090
2021-08-05,Arkansas,2978204,8282,1456812,3860,1121950
2021-08-06,Arkansas,2978204,8577,1465389,3477,1125427
2021-08-07,Arkansas,2978204,8621,1474010,4076,1129503
2021-08-08,Arkansas,2978204,8745,1482755,4762,1134265
2021-08-09,Arkansas,2978204,4222,1486977,2403,1136668
2021-08-10,Arkansas,2978204,3359,1490336,1785,1138453
2021-08-11,Arkansas,2978204,7530,1497866,4379,1142832
2021-08-12,Arkansas,2978204,7314,1505180,4429,1147261
2021-08-13,Arkansas,2978204,8063,1513243,5197,1152458
2021-08-14,Arkansas,2978204,8233,1521476,6028,1158486
2021-08-15,Arkansas,2978204,7902,1529378,6862,1165348
2021-08-16,Arkansas,2978204,3369,1532747,3131,1168479
2021-08-17,Arkansas,2978204,4981,1537728,2495,1170974
2021-08-18,Arkansas,2978204,7139,1544867,6488,1177462
2021-08-19,Arkansas,2978204,5634,1550501,5697,1183159
2021-08-20,Arkansas,2978204,4888,1555389,5336,1188495
2021-08-21,Arkansas,2978204,5411,1560800,4804,1193299
2021-08-22,Arkansas,2978204,7534,1568334,10171,1203470
2021-08-23,Arkansas,2978204,2648,1570982,4177,1207647
2021-08-24,Arkansas,2978204,2184,1573166,3493,1211140
2021-08-25,Arkansas,2978204,5709,1578875,6958,1218098
2021-08-26,Arkansas,2978204,6320,1585195,7664,1225762
2021-08-27,Arkansas,2978204,6056,1591251,6623,1232385
2021-08-28,Arkansas,2978204,0,1591251,0,1232385
2021-08-29,Arkansas,2978204,9714,1600965,14183,1246568
2021-08-30,Arkansas,2978204,2175,1603140,4080,1250648
2021-08-31,Arkansas,2978204,1427,1604567,2420,1253068
2021-09-01,Arkansas,2978204,5380,1609947,7904,1260972
2021-09-02,Arkansas,2978204,5138,1615085,6991,1267963
2021-09-03,Arkansas,2978204,4428,1619513,6678,1274641
2021-09-04,Arkansas,2978204,4497,1624010,7176,1281817
2021-09-05,Arkansas,2978204,0,1624010,0,1281817
2021-09-06,Arkansas,2978204,0,1624010,0,1281817
2021-09-07,Arkansas,2978204,6592,1630602,11742,1293559
2021-09-08,Arkansas,2978204,916,1631518,1643,1295202
2021-09-09,Arkansas,2978204,2728,1634246,4840,1300042
2021-09-10,Arkansas,2978204,5141,1639387,7948,1307990
2021-09-11,Arkansas,2978204,3116,1642503,5026,1313016
2021-09-12,Arkansas,2978204,3263,1645766,5396,1318412
2021-09-13,Arkansas,2978204,0,1645766,0,1318412
2021-09-14,Arkansas,2978204,2732,1648498,5044,1323456
2021-09-15,Arkansas,2978204,2369,1650867,4133,1327589
2021-09-16,Arkansas,2978204,3041,1653908,4474,1332063
2021-09-17,Arkansas,2978204,2741,1656649,4333,1336396
2021-09-18,Arkansas,2978204,2641,1659290,4431,1340827
2021-09-19,Arkansas,2978204,2832,1662122,5220,1346047
2021-09-20,Arkansas,2978204,1259,1663381,2239,1348286
2021-09-21,Arkansas,2978204,937,1664318,1550,1349836
2021-09-22,Arkansas,2978204,3178,1667496,4680,1354516
2021-09-23,Arkansas,2978204,2118,1669614,3654,1358170
2021-09-24,Arkansas,2978204,2084,1671698,2873,1361043
2021-09-25,Arkansas,2978204,1818,1673516,2830,1363873
2021-09-26,Arkansas,2978204,2171,1675687,3533,1367406
2021-09-27,Arkansas,2978204,962,1676649,1520,1368926
2021-09-28,Arkansas,2978204,0,1676649,0,1368926
2021-09-29,Arkansas,2978204,2853,1679502,4226,1373152
2021-09-30,Arkansas,2978204,2190,1681692,2812,1375964
2021-10-01,Arkansas,2978204,2258,1683950,2907,1378871
2021-10-02,Arkansas,2978204,1965,1685915,2557,1381428
2021-10-03,Arkansas,2978204,2589,1688504,3559,1384987
2021-10-04,Arkansas,2978204,1510,1690014,1954,1386941
2021-10-05,Arkansas,2978204,748,1690762,996,1387937
2021-10-06,Arkansas,2978204,1890,1692652,2874,1390811
2021-10-07,Arkansas,2978204,1663,1694315,1944,1392755
2021-10-08,Arkansas,2978204,2925,1697240,2916,1395671
2021-10-09,Arkansas,2978204,1613,1698853,2058,1397729
2021-10-10,Arkansas,2978204,0,1698853,0,1397729
2021-10-11,Arkansas,2978204,0,1698853,0,1397729
2021-10-12,Arkansas,2978204,3416,1702269,4434,1402163
2021-10-13,Arkansas,2978204,1606,1703875,2029,1404192
2021-10-14,Arkansas,2978204,2105,1705980,2550,1406742
2021-10-15,Arkansas,2978204,1785,1707765,2072,1408814
2021-10-16,Arkansas,2978204,1855,1709620,2059,1410873
2021-10-17,Arkansas,2978204,2761,1712381,2707,1413580
2021-10-18,Arkansas,2978204,761,1713142,1002,1414582
2021-10-19,Arkansas,2978204,557,1713699,646,1415228
2021-10-20,Arkansas,2978204,1699,1715398,2980,1418208
2021-10-21,Arkansas,2978204,1857,1717255,2232,1420440
2021-10-22,Arkansas,2978204,17079,1734334,13590,1434030
2021-10-23,Arkansas,2978204,1494,1735828,1605,1435635
2021-10-24,Arkansas,2978204,1882,1737710,2081,1437716
2021-10-25,Arkansas,2978204,1040,1738750,845,1438561
2021-10-26,Arkansas,2978204,699,1739449,597,1439158
2021-10-27,Arkansas,2978204,2000,1741449,1793,1440951
2021-10-28,Arkansas,2978204,2328,1743777,1839,1442790
2021-10-29,Arkansas,2978204,3457,1747234,2776,1445566
2021-10-30,Arkansas,2978204,2211,1749445,1917,1447483
2021-10-31,Arkansas,2978204,2296,1751741,2173,1449656
2021-11-01,Arkansas,2978204,1274,1753015,936,1450592
2021-11-02,Arkansas,2978204,677,1753692,514,1451106
2021-11-03,Arkansas,2978204,1910,1755602,1545,1452651
2021-11-04,Arkansas,2978204,2182,1757784,1922,1454573
2021-11-05,Arkansas,2978204,2338,1760122,2024,1456597
2021-11-06,Arkansas,2978204,2015,1762137,1559,1458156
2021-11-07,Arkansas,2978204,2891,1765028,1975,1460131
2021-11-08,Arkansas,2978204,1963,1766991,1064,1461195
2021-11-09,Arkansas,2978204,1006,1767997,460,1461655
2021-11-10,Arkansas,2978204,3527,1771524,1761,1463416
2021-11-11,Arkansas,2978204,0,1771524,0,1463416
2021-11-12,Arkansas,2978204,7567,1779091,4100,1467516
2021-11-13,Arkansas,2978204,2867,1781958,1422,1468938
2021-11-14,Arkansas,2978204,4501,1786459,1665,1470603
2021-11-15,Arkansas,2978204,1956,1788415,669,1471272
2021-11-16,Arkansas,2978204,1224,1789639,420,1471692
2021-11-17,Arkansas,2978204,2688,1792327,1284,1472976
2021-11-18,Arkansas,2978204,0,1792327,0,1472976
2021-11-19,Arkansas,2978204,250,1792577,88,1473064
2021-11-20,Arkansas,2978204,6660,1799237,2861,1475925
2021-11-21,Arkansas,2978204,7111,1806348,3058,1478983
2021-11-22,Arkansas,2978204,2313,1808661,782,1479765
2021-11-23,Arkansas,2978204,0,1808661,0,1479765
2021-11-24,Arkansas,2978204,1186,1809847,512,1480277
2021-11-25,Arkansas,2978204,0,1809847,0,1480277
2021-11-26,Arkansas,2978204,0,1809847,0,1480277
2021-11-27,Arkansas,2978204,0,1809847,0,1480277
2021-11-28,Arkansas,2978204,0,1809847,0,1480277
2021-11-29,Arkansas,2978204,0,1809847,0,1480277
2021-11-30,Arkansas,2978204,14675,1824522,8080,1488357
2021-12-01,Arkansas,2978204,4118,1828640,2577,1490934
2021-12-02,Arkansas,2978204,2702,1831342,2738,1493672
2021-12-03,Arkansas,2978204,2837,1834179,2216,1495888
2021-12-04,Arkansas,2978204,443,1834622,181,1496069
2021-12-05,Arkansas,2978204,6459,1841081,6246,1502315
2021-12-06,Arkansas,2978204,2352,1843433,1799,1504114
2021-12-07,Arkansas,2978204,169,1843602,51,1504165
2021-12-08,Arkansas,2978204,4871,1848473,4072,1508237
2021-12-09,Arkansas,2978204,2969,1851442,2744,1510981
2021-12-10,Arkansas,2978204,338,1851780,134,1511115
2021-12-11,Arkansas,2978204,6259,1858039,6025,1517140
2021-12-12,Arkansas,2978204,2856,1860895,2834,1519974
2021-12-13,Arkansas,2978204,1258,1862153,1412,1521386
2021-12-14,Arkansas,2978204,833,1862986,552,1521938
2021-12-15,Arkansas,2978204,0,1862986,0,1521938
2021-12-16,Arkansas,2978204,245,1863231,132,1522070
2021-12-17,Arkansas,2978204,5038,1868269,5196,1527266
2021-12-18,Arkansas,2978204,0,1868269,0,1527266
2021-12-19,Arkansas,2978204,4706,1872975,3513,1530779
2021-12-20,Arkansas,2978204,1221,1874196,1035,1531814
2021-12-21,Arkansas,2978204,710,1874906,499,1532313
2021-12-22,Arkansas,2978204,5937,1880843,3984,1536297
2021-12-23,Arkansas,2978204,297,1881140,114,1536411
2021-12-24,Arkansas,2978204,0,1881140,0,1536411
2021-12-25,Arkansas,2978204,0,1881140,0,1536411
2021-12-26,Arkansas,2978204,0,1881140,0,1536411
2021-12-27,Arkansas,2978204,5483,1886623,4460,1540871
2021-12-28,Arkansas,2978204,1431,1888054,1012,1541883
2021-12-29,Arkansas,2978204,2618,1890672,1915,1543798
2021-12-30,Arkansas,2978204,2119,1892791,1715,1545513
2021-12-31,Arkansas,2978204,0,1892791,0,1545513
2022-01-01,Arkansas,2978204,0,1892791,0,1545513
2022-01-02,Arkansas,2978204,0,1892791,0,1545513
2022-01-03,Arkansas,2978204,0,1892791,0,1545513
2022-01-04,Arkansas,2978204,7908,1900699,5502,1551015
2022-01-05,Arkansas,2978204,3073,1903772,1647,1552662
2022-01-06,Arkansas,2978204,0,1903772,0,1552662
2022-01-07,Arkansas,2978204,2707,1906479,1633,1554295
2022-01-08,Arkansas,2978204,5442,1911921,3417,1557712
2022-01-09,Arkansas,2978204,2757,1914678,1604,1559316
2022-01-10,Arkansas,2978204,1624,1916302,863,1560179
2022-01-11,Arkansas,2978204,1246,1917548,549,1560728
2022-01-12,Arkansas,2978204,2340,1919888,1380,1562108
2022-01-13,Arkansas,2978204,2274,1922162,1379,1563487
2022-01-14,Arkansas,2978204,2756,1924918,1599,1565086
2022-01-15,Arkansas,2978204,0,1924918,0,1565086
2022-01-16,Arkansas,2978204,2499,1927417,1341,1566427
2022-01-17,Arkansas,2978204,0,1927417,0,1566427
2022-01-18,Arkansas,2978204,4774,1932191,2350,1568777
2022-01-19,Arkansas,2978204,14404,1946595,8830,1577607
2022-01-20,Arkansas,2978204,1493,1948088,1043,1578650
2022-01-21,Arkansas,2978204,1609,1949697,1193,1579843
2022-01-22,Arkansas,2978204,1388,1951085,1061,1580904
2022-01-23,Arkansas,2978204,114,1951199,47,1580951
2022-01-24,Arkansas,2978204,2714,1953913,2092,1583043
2022-01-25,Arkansas,2978204,625,1954538,404,1583447
2022-01-26,Arkansas,2978204,429,1954967,437,1583884
2022-01-27,Arkansas,2978204,2739,1957706,2489,1586373
2022-01-28,Arkansas,2978204,1509,1959215,1421,1587794
2022-01-29,Arkansas,2978204,1306,1960521,1363,1589157
2022-01-30,Arkansas,2978204,1258,1961779,1364,1590521
2022-01-31,Arkansas,2978204,0,1961779,0,1590521
2022-02-01,Arkansas,2978204,1092,1962871,1250,1591771
2022-02-02,Arkansas,2978204,102,1962973,33,1591804
2022-02-03,Arkansas,2978204,0,1962973,0,1591804
2022-02-04,Arkansas,2978204,3151,1966124,3475,1595279
2022-02-05,Arkansas,2978204,121,1966245,41,1595320
2022-02-06,Arkansas,2978204,1141,1967386,1406,1596726
2022-02-07,Arkansas,2978204,371,1967757,520,1597246
2022-02-08,Arkansas,2978204,522,1968279,446,1597692
2022-02-09,Arkansas,2978204,0,1968279,0,1597692
2021-07-01,American Samoa,55689,432,25939,300,21291
2021-07-02,American Samoa,55689,120,26059,157,21448
2021-07-03,American Samoa,55689,29,26088,33,21481
2021-07-04,American Samoa,55689,138,26226,102,21583
2021-07-05,American Samoa,55689,0,26226,0,21583
2021-07-06,American Samoa,55689,0,26226,0,21583
2021-07-07,American Samoa,55689,269,26495,98,21681
2021-07-08,American Samoa,55689,34,26529,33,21714
2021-07-09,American Samoa,55689,188,26717,259,21973
2021-07-10,American Samoa,55689,18,26735,24,21997
2021-07-11,American Samoa,55689,0,26735,0,21997
2021-07-12,American Samoa,55689,1,26736,1,21998
2021-07-13,American Samoa,55689,347,27083,236,22234
2021-07-14,American Samoa,55689,196,27279,154,22388
2021-07-15,American Samoa,55689,50,27329,35,22423
2021-07-16,American Samoa,55689,180,27509,157,22580
2021-07-17,American Samoa,55689,0,27509,0,22580
2021-07-18,American Samoa,55689,0,27509,0,22580
2021-07-19,American Samoa,55689,0,27509,0,22580
2021-07-20,American Samoa,55689,0,27509,0,22580
2021-07-21,American Samoa,55689,305,27814,263,22843
2021-07-22,American Samoa,55689,31,27845,25,22868
2021-07-23,American Samoa,55689,2,27847,2,22870
2021-07-24,American Samoa,55689,133,27980,123,22993
2021-07-25,American Samoa,55689,0,27980,0,22993
2021-07-26,American Samoa,55689,516,28496,412,23405
2021-07-27,American Samoa,55689,0,28496,0,23405
2021-07-28,American Samoa,55689,271,28767,153,23558
2021-07-29,American Samoa,55689,0,28767,1,23559
2021-07-30,American Samoa,55689,1,28768,1,23560
2021-07-31,American Samoa,55689,154,28922,140,23700
2021-08-01,American Samoa,55689,0,28922,0,23700
2021-08-02,American Samoa,55689,86,29008,159,23859
2021-08-03,American Samoa,55689,0,29008,0,23859
2021-08-04,American Samoa,55689,160,29168,183,24042
2021-08-05,American Samoa,55689,0,29168,1,24043
2021-08-06,American Samoa,55689,198,29366,174,24217
2021-08-07,American Samoa,55689,0,29366,0,24217
2021-08-08,American Samoa,55689,0,29366,0,24217
2021-08-09,American Samoa,55689,0,29366,0,24217
2021-08-10,American Samoa,55689,87,29453,93,24310
2021-08-11,American Samoa,55689,1,29454,0,24310
2021-08-12,American Samoa,55689,0,29454,0,24310
2021-08-13,American Samoa,55689,276,29730,336,24646
2021-08-14,American Samoa,55689,19,29749,17,24663
2021-08-15,American Samoa,55689,0,29749,0,24663
2021-08-16,American Samoa,55689,0,29749,0,24663
2021-08-17,American Samoa,55689,208,29957,268,24931
2021-08-18,American Samoa,55689,1,29958,1,24932
2021-08-19,American Samoa,55689,192,30150,159,25091
2021-08-20,American Samoa,55689,0,30150,0,25091
2021-08-21,American Samoa,55689,168,30318,151,25242
2021-08-22,American Samoa,55689,0,30318,0,25242
2021-08-23,American Samoa,55689,0,30318,0,25242
2021-08-24,American Samoa,55689,119,30437,134,25376
2021-08-25,American Samoa,55689,108,30545,161,25537
2021-08-26,American Samoa,55689,53,30598,25,25562
2021-08-27,American Samoa,55689,0,30598,0,25562
2021-08-28,American Samoa,55689,0,30598,0,25562
2021-08-29,American Samoa,55689,2,30600,12,25574
2021-08-30,American Samoa,55689,1,30601,0,25574
2021-08-31,American Samoa,55689,1,30602,0,25574
2021-09-01,American Samoa,55689,0,30602,0,25574
2021-09-02,American Samoa,55689,0,30602,0,25574
2021-09-03,American Samoa,55689,852,31454,464,26038
2021-09-04,American Samoa,55689,26,31480,48,26086
2021-09-05,American Samoa,55689,0,31480,0,26086
2021-09-06,American Samoa,55689,0,31480,0,26086
2021-09-07,American Samoa,55689,1,31481,0,26086
2021-09-08,American Samoa,55689,506,31987,271,26357
2021-09-09,American Samoa,55689,3,31990,2,26359
2021-09-10,American Samoa,55689,397,32387,307,26666
2021-09-11,American Samoa,55689,0,32387,0,26666
2021-09-12,American Samoa,55689,0,32387,0,26666
2021-09-13,American Samoa,55689,0,32387,0,26666
2021-09-14,American Samoa,55689,2,32389,0,26666
2021-09-15,American Samoa,55689,0,32389,0,26666
2021-09-16,American Samoa,55689,1,32390,0,26666
2021-09-17,American Samoa,55689,0,32390,0,26666
2021-09-18,American Samoa,55689,220,32610,139,26805
2021-09-19,American Samoa,55689,0,32610,1,26806
2021-09-20,American Samoa,55689,0,32610,1,26807
2021-09-21,American Samoa,55689,310,32920,134,26941
2021-09-22,American Samoa,55689,1,32921,0,26941
2021-09-23,American Samoa,55689,597,33518,641,27582
2021-09-24,American Samoa,55689,-3,33515,-1,27581
2021-09-25,American Samoa,55689,180,33695,294,27875
2021-09-26,American Samoa,55689,0,33695,0,27875
2021-09-27,American Samoa,55689,403,34098,378,28253
2021-09-28,American Samoa,55689,0,34098,0,28253
2021-09-29,American Samoa,55689,89,34187,180,28433
2021-09-30,American Samoa,55689,0,34187,0,28433
2021-10-01,American Samoa,55689,82,34269,330,28763
2021-10-02,American Samoa,55689,0,34269,0,28763
2021-10-03,American Samoa,55689,0,34269,0,28763
2021-10-04,American Samoa,55689,0,34269,0,28763
2021-10-05,American Samoa,55689,0,34269,1,28764
2021-10-06,American Samoa,55689,0,34269,0,28764
2021-10-07,American Samoa,55689,258,34527,399,29163
2021-10-08,American Samoa,55689,0,34527,0,29163
2021-10-09,American Samoa,55689,92,34619,242,29405
2021-10-10,American Samoa,55689,0,34619,0,29405
2021-10-11,American Samoa,55689,0,34619,0,29405
2021-10-12,American Samoa,55689,1,34620,0,29405
2021-10-13,American Samoa,55689,0,34620,0,29405
2021-10-14,American Samoa,55689,106,34726,386,29791
2021-10-15,American Samoa,55689,0,34726,0,29791
2021-10-16,American Samoa,55689,0,34726,0,29791
2021-10-17,American Samoa,55689,0,34726,0,29791
2021-10-18,American Samoa,55689,0,34726,0,29791
2021-10-19,American Samoa,55689,456,35182,945,30736
2021-10-20,American Samoa,55689,0,35182,0,30736
2021-10-21,American Samoa,55689,20,35202,61,30797
2021-10-22,American Samoa,55689,0,35202,0,30797
2021-10-23,American Samoa,55689,0,35202,0,30797
2021-10-24,American Samoa,55689,0,35202,0,30797
2021-10-25,American Samoa,55689,0,35202,0,30797
2021-10-26,American Samoa,55689,18,35220,105,30902
2021-10-27,American Samoa,55689,0,35220,0,30902
2021-10-28,American Samoa,55689,10,35230,35,30937
2021-10-29,American Samoa,55689,0,35230,0,30937
2021-10-30,American Samoa,55689,8,35238,40,30977
2021-10-31,American Samoa,55689,0,35238,0,30977
2021-11-01,American Samoa,55689,0,35238,0,30977
2021-11-02,American Samoa,55689,1,35239,0,30977
2021-11-03,American Samoa,55689,24,35263,65,31042
2021-11-04,American Samoa,55689,0,35263,0,31042
2021-11-05,American Samoa,55689,24,35287,52,31094
2021-11-06,American Samoa,55689,1,35288,0,31094
2021-11-07,American Samoa,55689,1,35289,0,31094
2021-11-08,American Samoa,55689,1,35290,0,31094
2021-11-09,American Samoa,55689,49,35339,68,31162
2021-11-10,American Samoa,55689,0,35339,0,31162
2021-11-11,American Samoa,55689,0,35339,0,31162
2021-11-12,American Samoa,55689,27,35366,20,31182
2021-11-13,American Samoa,55689,14,35380,32,31214
2021-11-14,American Samoa,55689,0,35380,0,31214
2021-11-15,American Samoa,55689,0,35380,0,31214
2021-11-16,American Samoa,55689,17,35397,60,31274
2021-11-17,American Samoa,55689,0,35397,0,31274
2021-11-18,American Samoa,55689,0,35397,0,31274
2021-11-19,American Samoa,55689,0,35397,0,31274
2021-11-20,American Samoa,55689,1,35398,0,31274
2021-11-21,American Samoa,55689,0,35398,0,31274
2021-11-22,American Samoa,55689,0,35398,0,31274
2021-11-23,American Samoa,55689,0,35398,0,31274
2021-11-24,American Samoa,55689,120,35518,77,31351
2021-11-25,American Samoa,55689,0,35518,0,31351
2021-11-26,American Samoa,55689,0,35518,0,31351
2021-11-27,American Samoa,55689,0,35518,0,31351
2021-11-28,American Samoa,55689,0,35518,0,31351
2021-11-29,American Samoa,55689,0,35518,0,31351
2021-11-30,American Samoa,55689,67,35585,44,31395
2021-12-01,American Samoa,55689,0,35585,0,31395
2021-12-02,American Samoa,55689,0,35585,0,31395
2021-12-03,American Samoa,55689,0,35585,0,31395
2021-12-04,American Samoa,55689,1475,37060,129,31524
2021-12-05,American Samoa,55689,1,37061,1,31525
2021-12-06,American Samoa,55689,819,37880,69,31594
2021-12-07,American Samoa,55689,0,37880,0,31594
2021-12-08,American Samoa,55689,1,37881,0,31594
2021-12-09,American Samoa,55689,0,37881,0,31594
2021-12-10,American Samoa,55689,0,37881,0,31594
2021-12-11,American Samoa,55689,1124,39005,149,31743
2021-12-12,American Samoa,55689,0,39005,0,31743
2021-12-13,American Samoa,55689,0,39005,0,31743
2021-12-14,American Samoa,55689,16,39021,0,31743
2021-12-15,American Samoa,55689,0,39021,0,31743
2021-12-16,American Samoa,55689,101,39122,83,31826
2021-12-17,American Samoa,55689,589,39711,82,31908
2021-12-18,American Samoa,55689,0,39711,0,31908
2021-12-19,American Samoa,55689,2,39713,0,31908
2021-12-20,American Samoa,55689,0,39713,0,31908
2021-12-21,American Samoa,55689,277,39990,55,31963
2021-12-22,American Samoa,55689,106,40096,45,32008
2021-12-23,American Samoa,55689,20,40116,21,32029
2021-12-24,American Samoa,55689,0,40116,0,32029
2021-12-25,American Samoa,55689,0,40116,0,32029
2021-12-26,American Samoa,55689,0,40116,0,32029
2021-12-27,American Samoa,55689,126,40242,523,32552
2021-12-28,American Samoa,55689,12,40254,153,32705
2021-12-29,American Samoa,55689,0,40254,0,32705
2021-12-30,American Samoa,55689,0,40254,0,32705
2021-12-31,American Samoa,55689,0,40254,0,32705
2022-01-01,American Samoa,55689,0,40254,0,32705
2022-01-02,American Samoa,55689,0,40254,0,32705
2022-01-03,American Samoa,55689,0,40254,0,32705
2022-01-04,American Samoa,55689,472,40726,1798,34503
2022-01-05,American Samoa,55689,148,40874,253,34756
2022-01-06,American Samoa,55689,0,40874,0,34756
2022-01-07,American Samoa,55689,120,40994,191,34947
2022-01-08,American Samoa,55689,252,41246,707,35654
2022-01-09,American Samoa,55689,0,41246,0,35654
2022-01-10,American Samoa,55689,2,41248,0,35654
2022-01-11,American Samoa,55689,137,41385,190,35844
2022-01-12,American Samoa,55689,123,41508,162,36006
2022-01-13,American Samoa,55689,145,41653,115,36121
2022-01-14,American Samoa,55689,100,41753,162,36283
2022-01-15,American Samoa,55689,0,41753,0,36283
2022-01-16,American Samoa,55689,67,41820,81,36364
2022-01-17,American Samoa,55689,0,41820,0,36364
2022-01-18,American Samoa,55689,0,41820,1,36365
2022-01-19,American Samoa,55689,162,41982,160,36525
2022-01-20,American Samoa,55689,12,41994,76,36601
2022-01-21,American Samoa,55689,30,42024,105,36706
2022-01-22,American Samoa,55689,13,42037,93,36799
2022-01-23,American Samoa,55689,1,42038,0,36799
2022-01-24,American Samoa,55689,0,42038,0,36799
2022-01-25,American Samoa,55689,1,42039,0,36799
2022-01-26,American Samoa,55689,12,42051,33,36832
2022-01-27,American Samoa,55689,23,42074,115,36947
2022-01-28,American Samoa,55689,6,42080,27,36974
2022-01-29,American Samoa,55689,16,42096,113,37087
2022-01-30,American Samoa,55689,1,42097,1,37088
2022-01-31,American Samoa,55689,0,42097,0,37088
2022-02-01,American Samoa,55689,42,42139,274,37362
2022-02-02,American Samoa,55689,9,42148,44,37406
2022-02-03,American Samoa,55689,0,42148,0,37406
2022-02-04,American Samoa,55689,91,42239,183,37589
2022-02-05,American Samoa,55689,2,42241,0,37589
2022-02-06,American Samoa,55689,0,42241,0,37589
2022-02-07,American Samoa,55689,0,42241,1,37590
2022-02-08,American Samoa,55689,141,42382,217,37807
2022-02-09,American Samoa,55689,0,42382,0,37807
2021-07-01,Arizona,6828065,69824,3677400,211212,3140316
2021-07-02,Arizona,6828065,6427,3683827,7528,3147844
2021-07-03,Arizona,6828065,7231,3691058,7831,3155675
2021-07-04,Arizona,6828065,10237,3701295,10608,3166283
2021-07-05,Arizona,6828065,0,3701295,0,3166283
2021-07-06,Arizona,6828065,6102,3707397,6097,3172380
2021-07-07,Arizona,6828065,2374,3709771,2505,3174885
2021-07-08,Arizona,6828065,5670,3715441,6506,3181391
2021-07-09,Arizona,6828065,6292,3721733,7578,3188969
2021-07-10,Arizona,6828065,6428,3728161,7419,3196388
2021-07-11,Arizona,6828065,6445,3734606,6868,3203256
2021-07-12,Arizona,6828065,4395,3739001,4769,3208025
2021-07-13,Arizona,6828065,3270,3742271,3093,3211118
2021-07-14,Arizona,6828065,4440,3746711,5133,3216251
2021-07-15,Arizona,6828065,5628,3752339,5623,3221874
2021-07-16,Arizona,6828065,6116,3758455,6138,3228012
2021-07-17,Arizona,6828065,6287,3764742,5482,3233494
2021-07-18,Arizona,6828065,6340,3771082,5573,3239067
2021-07-19,Arizona,6828065,4483,3775565,3515,3242582
2021-07-20,Arizona,6828065,0,3775565,0,3242582
2021-07-21,Arizona,6828065,8608,3784173,6674,3249256
2021-07-22,Arizona,6828065,6963,3791136,5200,3254456
2021-07-23,Arizona,6828065,7299,3798435,5086,3259542
2021-07-24,Arizona,6828065,7414,3805849,4904,3264446
2021-07-25,Arizona,6828065,7811,3813660,4819,3269265
2021-07-26,Arizona,6828065,8131,3821791,4186,3273451
2021-07-27,Arizona,6828065,5263,3827054,2451,3275902
2021-07-28,Arizona,6828065,7437,3834491,3498,3279400
2021-07-29,Arizona,6828065,7255,3841746,3773,3283173
2021-07-30,Arizona,6828065,11511,3853257,5937,3289110
2021-07-31,Arizona,6828065,8808,3862065,4938,3294048
2021-08-01,Arizona,6828065,9229,3871294,4845,3298893
2021-08-02,Arizona,6828065,290,3871584,107,3299000
2021-08-03,Arizona,6828065,13346,3884930,6583,3305583
2021-08-04,Arizona,6828065,8603,3893533,3767,3309350
2021-08-05,Arizona,6828065,9635,3903168,5029,3314379
2021-08-06,Arizona,6828065,13518,3916686,7824,3322203
2021-08-07,Arizona,6828065,9371,3926057,5154,3327357
2021-08-08,Arizona,6828065,8416,3934473,4804,3332161
2021-08-09,Arizona,6828065,10307,3944780,5382,3337543
2021-08-10,Arizona,6828065,5368,3950148,2762,3340305
2021-08-11,Arizona,6828065,6369,3956517,4060,3344365
2021-08-12,Arizona,6828065,6454,3962971,4339,3348704
2021-08-13,Arizona,6828065,17901,3980872,11833,3360537
2021-08-14,Arizona,6828065,11977,3992849,12626,3373163
2021-08-15,Arizona,6828065,9110,4001959,5997,3379160
2021-08-16,Arizona,6828065,9009,4010968,6175,3385335
2021-08-17,Arizona,6828065,4293,4015261,3356,3388691
2021-08-18,Arizona,6828065,6373,4021634,5080,3393771
2021-08-19,Arizona,6828065,1939,4023573,1165,3394936
2021-08-20,Arizona,6828065,16723,4040296,13778,3408714
2021-08-21,Arizona,6828065,9018,4049314,7349,3416063
2021-08-22,Arizona,6828065,7768,4057082,6885,3422948
2021-08-23,Arizona,6828065,8653,4065735,8072,3431020
2021-08-24,Arizona,6828065,3800,4069535,3418,3434438
2021-08-25,Arizona,6828065,6836,4076371,6464,3440902
2021-08-26,Arizona,6828065,9209,4085580,7869,3448771
2021-08-27,Arizona,6828065,9251,4094831,8326,3457097
2021-08-28,Arizona,6828065,0,4094831,0,3457097
2021-08-29,Arizona,6828065,18585,4113416,15833,3472930
2021-08-30,Arizona,6828065,8578,4121994,7955,3480885
2021-08-31,Arizona,6828065,4491,4126485,4464,3485349
2021-09-01,Arizona,6828065,6794,4133279,7198,3492547
2021-09-02,Arizona,6828065,6456,4139735,6538,3499085
2021-09-03,Arizona,6828065,26259,4165994,62587,3561672
2021-09-04,Arizona,6828065,6713,4172707,6708,3568380
2021-09-05,Arizona,6828065,0,4172707,0,3568380
2021-09-06,Arizona,6828065,0,4172707,0,3568380
2021-09-07,Arizona,6828065,18590,4191297,17573,3585953
2021-09-08,Arizona,6828065,3181,4194478,3043,3588996
2021-09-09,Arizona,6828065,3206,4197684,3708,3592704
2021-09-10,Arizona,6828065,7419,4205103,8105,3600809
2021-09-11,Arizona,6828065,7874,4212977,7180,3607989
2021-09-12,Arizona,6828065,6951,4219928,6809,3614798
2021-09-13,Arizona,6828065,0,4219928,0,3614798
2021-09-14,Arizona,6828065,13249,4233177,12110,3626908
2021-09-15,Arizona,6828065,4908,4238085,5358,3632266
2021-09-16,Arizona,6828065,7128,4245213,7473,3639739
2021-09-17,Arizona,6828065,7127,4252340,7795,3647534
2021-09-18,Arizona,6828065,5547,4257887,6267,3653801
2021-09-19,Arizona,6828065,6075,4263962,6849,3660650
2021-09-20,Arizona,6828065,5300,4269262,6043,3666693
2021-09-21,Arizona,6828065,4857,4274119,4913,3671606
2021-09-22,Arizona,6828065,4050,4278169,4976,3676582
2021-09-23,Arizona,6828065,5717,4283886,6856,3683438
2021-09-24,Arizona,6828065,5133,4289019,5700,3689138
2021-09-25,Arizona,6828065,5774,4294793,6301,3695439
2021-09-26,Arizona,6828065,6120,4300913,7125,3702564
2021-09-27,Arizona,6828065,4025,4304938,4567,3707131
2021-09-28,Arizona,6828065,0,4304938,0,3707131
2021-09-29,Arizona,6828065,6918,4311856,7598,3714729
2021-09-30,Arizona,6828065,3976,4315832,3664,3718393
2021-10-01,Arizona,6828065,4420,4320252,4318,3722711
2021-10-02,Arizona,6828065,3643,4323895,3652,3726363
2021-10-03,Arizona,6828065,8011,4331906,9919,3736282
2021-10-04,Arizona,6828065,5068,4336974,6502,3742784
2021-10-05,Arizona,6828065,3592,4340566,4224,3747008
2021-10-06,Arizona,6828065,3405,4343971,3475,3750483
2021-10-07,Arizona,6828065,4071,4348042,3957,3754440
2021-10-08,Arizona,6828065,7902,4355944,7739,3762179
2021-10-09,Arizona,6828065,5521,4361465,5935,3768114
2021-10-10,Arizona,6828065,0,4361465,0,3768114
2021-10-11,Arizona,6828065,0,4361465,0,3768114
2021-10-12,Arizona,6828065,9712,4371177,10704,3778818
2021-10-13,Arizona,6828065,3392,4374569,3905,3782723
2021-10-14,Arizona,6828065,5594,4380163,5581,3788304
2021-10-15,Arizona,6828065,4966,4385129,5282,3793586
2021-10-16,Arizona,6828065,5685,4390814,5680,3799266
2021-10-17,Arizona,6828065,4753,4395567,4974,3804240
2021-10-18,Arizona,6828065,4369,4399936,3930,3808170
2021-10-19,Arizona,6828065,2405,4402341,2604,3810774
2021-10-20,Arizona,6828065,3374,4405715,3435,3814209
2021-10-21,Arizona,6828065,4739,4410454,4891,3819100
2021-10-22,Arizona,6828065,12451,4422905,10411,3829511
2021-10-23,Arizona,6828065,3735,4426640,3925,3833436
2021-10-24,Arizona,6828065,5174,4431814,4906,3838342
2021-10-25,Arizona,6828065,3401,4435215,3663,3842005
2021-10-26,Arizona,6828065,-2498,4432717,-1192,3840813
2021-10-27,Arizona,6828065,3986,4436703,4017,3844830
2021-10-28,Arizona,6828065,6656,4443359,6440,3851270
2021-10-29,Arizona,6828065,5377,4448736,5168,3856438
2021-10-30,Arizona,6828065,5498,4454234,5019,3861457
2021-10-31,Arizona,6828065,4976,4459210,4837,3866294
2021-11-01,Arizona,6828065,4309,4463519,4310,3870604
2021-11-02,Arizona,6828065,2613,4466132,2739,3873343
2021-11-03,Arizona,6828065,3423,4469555,3131,3876474
2021-11-04,Arizona,6828065,5073,4474628,4675,3881149
2021-11-05,Arizona,6828065,4001,4478629,3284,3884433
2021-11-06,Arizona,6828065,5693,4484322,4184,3888617
2021-11-07,Arizona,6828065,6851,4491173,5649,3894266
2021-11-08,Arizona,6828065,5466,4496639,5214,3899480
2021-11-09,Arizona,6828065,2843,4499482,2002,3901482
2021-11-10,Arizona,6828065,4357,4503839,3243,3904725
2021-11-11,Arizona,6828065,0,4503839,0,3904725
2021-11-12,Arizona,6828065,12570,4516409,6205,3910930
2021-11-13,Arizona,6828065,16793,4533202,8178,3919108
2021-11-14,Arizona,6828065,12083,4545285,5413,3924521
2021-11-15,Arizona,6828065,10590,4555875,3621,3928142
2021-11-16,Arizona,6828065,4999,4560874,1966,3930108
2021-11-17,Arizona,6828065,9930,4570804,3595,3933703
2021-11-18,Arizona,6828065,0,4570804,0,3933703
2021-11-19,Arizona,6828065,11542,4582346,5485,3939188
2021-11-20,Arizona,6828065,12249,4594595,4590,3943778
2021-11-21,Arizona,6828065,11974,4606569,4199,3947977
2021-11-22,Arizona,6828065,22488,4629057,8478,3956455
2021-11-23,Arizona,6828065,0,4629057,0,3956455
2021-11-24,Arizona,6828065,12715,4641772,5430,3961885
2021-11-25,Arizona,6828065,0,4641772,0,3961885
2021-11-26,Arizona,6828065,0,4641772,0,3961885
2021-11-27,Arizona,6828065,0,4641772,0,3961885
2021-11-28,Arizona,6828065,0,4641772,0,3961885
2021-11-29,Arizona,6828065,0,4641772,0,3961885
2021-11-30,Arizona,6828065,38537,4680309,17365,3979250
2021-12-01,Arizona,6828065,7967,4688276,4227,3983477
2021-12-02,Arizona,6828065,12951,4701227,12375,3995852
2021-12-03,Arizona,6828065,7906,4709133,5878,4001730
2021-12-04,Arizona,6828065,10487,4719620,8013,4009743
2021-12-05,Arizona,6828065,9416,4729036,7174,4016917
2021-12-06,Arizona,6828065,8275,4737311,9042,4025959
2021-12-07,Arizona,6828065,4434,4741745,4642,4030601
2021-12-08,Arizona,6828065,6927,4748672,5890,4036491
2021-12-09,Arizona,6828065,8259,4756931,7038,4043529
2021-12-10,Arizona,6828065,9106,4766037,7745,4051274
2021-12-11,Arizona,6828065,9401,4775438,7469,4058743
2021-12-12,Arizona,6828065,10224,4785662,9409,4068152
2021-12-13,Arizona,6828065,6042,4791704,7236,4075388
2021-12-14,Arizona,6828065,2950,4794654,2437,4077825
2021-12-15,Arizona,6828065,0,4794654,0,4077825
2021-12-16,Arizona,6828065,7204,4801858,6479,4084304
2021-12-17,Arizona,6828065,14763,4816621,11947,4096251
2021-12-18,Arizona,6828065,0,4816621,0,4096251
2021-12-19,Arizona,6828065,16342,4832963,10673,4106924
2021-12-20,Arizona,6828065,5163,4838126,3771,4110695
2021-12-21,Arizona,6828065,3825,4841951,2468,4113163
2021-12-22,Arizona,6828065,7228,4849179,4517,4117680
2021-12-23,Arizona,6828065,9064,4858243,5784,4123464
2021-12-24,Arizona,6828065,0,4858243,0,4123464
2021-12-25,Arizona,6828065,0,4858243,0,4123464
2021-12-26,Arizona,6828065,0,4858243,0,4123464
2021-12-27,Arizona,6828065,23223,4881466,14737,4138201
2021-12-28,Arizona,6828065,1670,4883136,982,4139183
2021-12-29,Arizona,6828065,6208,4889344,4407,4143590
2021-12-30,Arizona,6828065,9226,4898570,5708,4149298
2021-12-31,Arizona,6828065,0,4898570,0,4149298
2022-01-01,Arizona,6828065,0,4898570,0,4149298
2022-01-02,Arizona,6828065,0,4898570,0,4149298
2022-01-03,Arizona,6828065,0,4898570,0,4149298
2022-01-04,Arizona,6828065,25653,4924223,17469,4166767
2022-01-05,Arizona,6828065,4950,4929173,3697,4170464
2022-01-06,Arizona,6828065,0,4929173,0,4170464
2022-01-07,Arizona,6828065,8207,4937380,5640,4176104
2022-01-08,Arizona,6828065,17528,4954908,10174,4186278
2022-01-09,Arizona,6828065,7721,4962629,5339,4191617
2022-01-10,Arizona,6828065,6000,4968629,4007,4195624
2022-01-11,Arizona,6828065,3849,4972478,2318,4197942
2022-01-12,Arizona,6828065,6183,4978661,3978,4201920
2022-01-13,Arizona,6828065,8057,4986718,5111,4207031
2022-01-14,Arizona,6828065,7433,4994151,4824,4211855
2022-01-15,Arizona,6828065,0,4994151,0,4211855
2022-01-16,Arizona,6828065,8034,5002185,4718,4216573
2022-01-17,Arizona,6828065,0,5002185,0,4216573
2022-01-18,Arizona,6828065,16059,5018244,8303,4224876
2022-01-19,Arizona,6828065,28683,5046927,15385,4240261
2022-01-20,Arizona,6828065,2610,5049537,3024,4243285
2022-01-21,Arizona,6828065,6246,5055783,4304,4247589
2022-01-22,Arizona,6828065,6495,5062278,4162,4251751
2022-01-23,Arizona,6828065,6787,5069065,4362,4256113
2022-01-24,Arizona,6828065,3944,5073009,2324,4258437
2022-01-25,Arizona,6828065,2784,5075793,1116,4259553
2022-01-26,Arizona,6828065,4540,5080333,3069,4262622
2022-01-27,Arizona,6828065,4533,5084866,3970,4266592
2022-01-28,Arizona,6828065,5653,5090519,4377,4270969
2022-01-29,Arizona,6828065,5367,5095886,4021,4274990
2022-01-30,Arizona,6828065,5735,5101621,4329,4279319
2022-01-31,Arizona,6828065,0,5101621,0,4279319
2022-02-01,Arizona,6828065,6338,5107959,4917,4284236
2022-02-02,Arizona,6828065,3810,5111769,2935,4287171
2022-02-03,Arizona,6828065,0,5111769,0,4287171
2022-02-04,Arizona,6828065,11031,5122800,9800,4296971
2022-02-05,Arizona,6828065,6311,5129111,5927,4302898
2022-02-06,Arizona,6828065,6773,5135884,5515,4308413
2022-02-07,Arizona,6828065,4644,5140528,4413,4312826
2022-02-08,Arizona,6828065,2538,5143066,2095,4314921
2022-02-09,Arizona,6828065,0,5143066,0,4314921
2021-07-01,California,39144818,62678,24304553,67292,19746626
2021-07-02,California,39144818,55423,24359976,56437,19803063
2021-07-03,California,39144818,52478,24412454,49304,19852367
2021-07-04,California,39144818,55231,24467685,49832,19902199
2021-07-05,California,39144818,0,24467685,0,19902199
2021-07-06,California,39144818,47768,24515453,47483,19949682
2021-07-07,California,39144818,16871,24532324,15349,19965031
2021-07-08,California,39144818,45477,24577801,51249,20016280
2021-07-09,California,39144818,61567,24639368,70413,20086693
2021-07-10,California,39144818,40578,24679946,37516,20124209
2021-07-11,California,39144818,52047,24731993,52144,20176353
2021-07-12,California,39144818,25582,24757575,28846,20205199
2021-07-13,California,39144818,14802,24772377,16884,20222083
2021-07-14,California,39144818,35901,24808278,39787,20261870
2021-07-15,California,39144818,57447,24865725,47730,20309600
2021-07-16,California,39144818,45786,24911511,41641,20351241
2021-07-17,California,39144818,42892,24954403,37289,20388530
2021-07-18,California,39144818,48028,25002431,40092,20428622
2021-07-19,California,39144818,38839,25041270,36424,20465046
2021-07-20,California,39144818,0,25041270,0,20465046
2021-07-21,California,39144818,48763,25090033,50589,20515635
2021-07-22,California,39144818,48782,25138815,37975,20553610
2021-07-23,California,39144818,53626,25192441,40947,20594557
2021-07-24,California,39144818,53271,25245712,39400,20633957
2021-07-25,California,39144818,64407,25310119,46190,20680147
2021-07-26,California,39144818,37884,25348003,26387,20706534
2021-07-27,California,39144818,24073,25372076,13712,20720246
2021-07-28,California,39144818,50182,25422258,23405,20743651
2021-07-29,California,39144818,56837,25479095,48568,20792219
2021-07-30,California,39144818,70902,25549997,42734,20834953
2021-07-31,California,39144818,61833,25611830,35580,20870533
2021-08-01,California,39144818,72750,25684580,65784,20936317
2021-08-02,California,39144818,41970,25726550,25432,20961749
2021-08-03,California,39144818,27858,25754408,15512,20977261
2021-08-04,California,39144818,53663,25808071,32773,21010034
2021-08-05,California,39144818,63645,25871716,43988,21054022
2021-08-06,California,39144818,65834,25937550,42727,21096749
2021-08-07,California,39144818,60746,25998296,37270,21134019
2021-08-08,California,39144818,71983,26070279,48879,21182898
2021-08-09,California,39144818,43229,26113508,27869,21210767
2021-08-10,California,39144818,27350,26140858,17208,21227975
2021-08-11,California,39144818,53688,26194546,34897,21262872
2021-08-12,California,39144818,47354,26241900,30472,21293344
2021-08-13,California,39144818,74400,26316300,49818,21343162
2021-08-14,California,39144818,55308,26371608,39523,21382685
2021-08-15,California,39144818,54136,26425744,38077,21420762
2021-08-16,California,39144818,70634,26496378,47484,21468246
2021-08-17,California,39144818,27344,26523722,10918,21479164
2021-08-18,California,39144818,46702,26570424,36630,21515794
2021-08-19,California,39144818,58593,26629017,43585,21559379
2021-08-20,California,39144818,55747,26684764,46632,21606011
2021-08-21,California,39144818,55078,26739842,44022,21650033
2021-08-22,California,39144818,62857,26802699,52093,21702126
2021-08-23,California,39144818,42244,26844943,38513,21740639
2021-08-24,California,39144818,25356,26870299,22716,21763355
2021-08-25,California,39144818,39918,26910217,32058,21795413
2021-08-26,California,39144818,64777,26974994,57771,21853184
2021-08-27,California,39144818,56196,27031190,48859,21902043
2021-08-28,California,39144818,0,27031190,0,21902043
2021-08-29,California,39144818,120627,27151817,105867,22007910
2021-08-30,California,39144818,40339,27192156,42012,22049922
2021-08-31,California,39144818,23209,27215365,25548,22075470
2021-09-01,California,39144818,46644,27262009,43402,22118872
2021-09-02,California,39144818,51548,27313557,48687,22167559
2021-09-03,California,39144818,54644,27368201,47521,22215080
2021-09-04,California,39144818,48781,27416982,44755,22259835
2021-09-05,California,39144818,0,27416982,0,22259835
2021-09-06,California,39144818,0,27416982,0,22259835
2021-09-07,California,39144818,98306,27515288,112738,22372573
2021-09-08,California,39144818,12580,27527868,12780,22385353
2021-09-09,California,39144818,30501,27558369,38027,22423380
2021-09-10,California,39144818,44101,27602470,52266,22475646
2021-09-11,California,39144818,45336,27647806,47457,22523103
2021-09-12,California,39144818,49386,27697192,53446,22576549
2021-09-13,California,39144818,0,27697192,0,22576549
2021-09-14,California,39144818,51539,27748731,63902,22640451
2021-09-15,California,39144818,35265,27783996,40512,22680963
2021-09-16,California,39144818,45656,27829652,50934,22731897
2021-09-17,California,39144818,31311,27860963,37559,22769456
2021-09-18,California,39144818,33663,27894626,42055,22811511
2021-09-19,California,39144818,44926,27939552,58623,22870134
2021-09-20,California,39144818,48331,27987883,62264,22932398
2021-09-21,California,39144818,11950,27999833,15264,22947662
2021-09-22,California,39144818,60137,28059970,64785,23012447
2021-09-23,California,39144818,77157,28137127,80792,23093239
2021-09-24,California,39144818,35699,28172826,38922,23132161
2021-09-25,California,39144818,32056,28204882,36696,23168857
2021-09-26,California,39144818,43174,28248056,47112,23215969
2021-09-27,California,39144818,20191,28268247,21303,23237272
2021-09-28,California,39144818,0,28268247,0,23237272
2021-09-29,California,39144818,41538,28309785,40731,23278003
2021-09-30,California,39144818,31524,28341309,24638,23302641
2021-10-01,California,39144818,30207,28371516,22741,23325382
2021-10-02,California,39144818,46211,28417727,43849,23369231
2021-10-03,California,39144818,70733,28488460,61677,23430908
2021-10-04,California,39144818,23656,28512116,26492,23457400
2021-10-05,California,39144818,29964,28542080,24892,23482292
2021-10-06,California,39144818,30661,28572741,22647,23504939
2021-10-07,California,39144818,37220,28609961,31338,23536277
2021-10-08,California,39144818,42320,28652281,36341,23572618
2021-10-09,California,39144818,50178,28702459,34243,23606861
2021-10-10,California,39144818,0,28702459,0,23606861
2021-10-11,California,39144818,0,28702459,0,23606861
2021-10-12,California,39144818,91116,28793575,76034,23682895
2021-10-13,California,39144818,27761,28821336,22982,23705877
2021-10-14,California,39144818,31977,28853313,28871,23734748
2021-10-15,California,39144818,42845,28896158,32695,23767443
2021-10-16,California,39144818,42765,28938923,33403,23800846
2021-10-17,California,39144818,32707,28971630,28757,23829603
2021-10-18,California,39144818,26092,28997722,22611,23852214
2021-10-19,California,39144818,16892,29014614,14981,23867195
2021-10-20,California,39144818,31449,29046063,27666,23894861
2021-10-21,California,39144818,35784,29081847,28724,23923585
2021-10-22,California,39144818,71106,29152953,50578,23974163
2021-10-23,California,39144818,29180,29182133,22142,23996305
2021-10-24,California,39144818,36277,29218410,30795,24027100
2021-10-25,California,39144818,21363,29239773,18150,24045250
2021-10-26,California,39144818,21902,29261675,17820,24063070
2021-10-27,California,39144818,34813,29296488,26202,24089272
2021-10-28,California,39144818,53421,29349909,36957,24126229
2021-10-29,California,39144818,41758,29391667,33198,24159427
2021-10-30,California,39144818,39300,29430967,30473,24189900
2021-10-31,California,39144818,42460,29473427,34120,24224020
2021-11-01,California,39144818,30388,29503815,22894,24246914
2021-11-02,California,39144818,18145,29521960,13685,24260599
2021-11-03,California,39144818,38337,29560297,31325,24291924
2021-11-04,California,39144818,40399,29600696,29649,24321573
2021-11-05,California,39144818,37392,29638088,25820,24347393
2021-11-06,California,39144818,47733,29685821,26823,24374216
2021-11-07,California,39144818,66941,29752762,34409,24408625
2021-11-08,California,39144818,58000,29810762,29352,24437977
2021-11-09,California,39144818,21607,29832369,9406,24447383
2021-11-10,California,39144818,63436,29895805,28420,24475803
2021-11-11,California,39144818,0,29895805,0,24475803
2021-11-12,California,39144818,189293,30085098,73510,24549313
2021-11-13,California,39144818,84453,30169551,24809,24574122
2021-11-14,California,39144818,2916,30172467,724,24574846
2021-11-15,California,39144818,157549,30330016,54188,24629034
2021-11-16,California,39144818,31417,30361433,10027,24639061
2021-11-17,California,39144818,49346,30410779,17182,24656243
2021-11-18,California,39144818,0,30410779,0,24656243
2021-11-19,California,39144818,88753,30499532,36012,24692255
2021-11-20,California,39144818,79932,30579464,28228,24720483
2021-11-21,California,39144818,75698,30655162,27794,24748277
2021-11-22,California,39144818,143568,30798730,48977,24797254
2021-11-23,California,39144818,0,30798730,0,24797254
2021-11-24,California,39144818,88050,30886780,30484,24827738
2021-11-25,California,39144818,0,30886780,0,24827738
2021-11-26,California,39144818,0,30886780,0,24827738
2021-11-27,California,39144818,0,30886780,0,24827738
2021-11-28,California,39144818,0,30886780,0,24827738
2021-11-29,California,39144818,0,30886780,0,24827738
2021-11-30,California,39144818,260754,31147534,130386,24958124
2021-12-01,California,39144818,38602,31186136,42102,25000226
2021-12-02,California,39144818,69571,31255707,59754,25059980
2021-12-03,California,39144818,66680,31322387,55642,25115622
2021-12-04,California,39144818,72765,31395152,66719,25182341
2021-12-05,California,39144818,72228,31467380,68142,25250483
2021-12-06,California,39144818,45023,31512403,53924,25304407
2021-12-07,California,39144818,24600,31537003,25624,25330031
2021-12-08,California,39144818,54738,31591741,46264,25376295
2021-12-09,California,39144818,67011,31658752,53071,25429366
2021-12-10,California,39144818,71277,31730029,55209,25484575
2021-12-11,California,39144818,67309,31797338,53563,25538138
2021-12-12,California,39144818,62589,31859927,55246,25593384
2021-12-13,California,39144818,41335,31901262,42661,25636045
2021-12-14,California,39144818,17877,31919139,15013,25651058
2021-12-15,California,39144818,0,31919139,0,25651058
2021-12-16,California,39144818,50173,31969312,44957,25696015
2021-12-17,California,39144818,116858,32086170,88730,25784745
2021-12-18,California,39144818,0,32086170,0,25784745
2021-12-19,California,39144818,137162,32223332,71002,25855747
2021-12-20,California,39144818,41061,32264393,26796,25882543
2021-12-21,California,39144818,23778,32288171,13132,25895675
2021-12-22,California,39144818,59439,32347610,34954,25930629
2021-12-23,California,39144818,69235,32416845,39385,25970014
2021-12-24,California,39144818,0,32416845,0,25970014
2021-12-25,California,39144818,0,32416845,0,25970014
2021-12-26,California,39144818,0,32416845,0,25970014
2021-12-27,California,39144818,162429,32579274,87015,26057029
2021-12-28,California,39144818,14809,32594083,7747,26064776
2021-12-29,California,39144818,46995,32641078,32203,26096979
2021-12-30,California,39144818,27754,32668832,8691,26105670
2021-12-31,California,39144818,0,32668832,0,26105670
2022-01-01,California,39144818,0,32668832,0,26105670
2022-01-02,California,39144818,0,32668832,0,26105670
2022-01-03,California,39144818,0,32668832,0,26105670
2022-01-04,California,39144818,236408,32905240,140386,26246056
2022-01-05,California,39144818,44095,32949335,41081,26287137
2022-01-06,California,39144818,0,32949335,0,26287137
2022-01-07,California,39144818,63787,33013122,37858,26324995
2022-01-08,California,39144818,119241,33132363,62546,26387541
2022-01-09,California,39144818,66914,33199277,39662,26427203
2022-01-10,California,39144818,40900,33240177,25116,26452319
2022-01-11,California,39144818,21553,33261730,11419,26463738
2022-01-12,California,39144818,47349,33309079,27401,26491139
2022-01-13,California,39144818,61926,33371005,35064,26526203
2022-01-14,California,39144818,63449,33434454,36559,26562762
2022-01-15,California,39144818,0,33434454,0,26562762
2022-01-16,California,39144818,56408,33490862,29073,26591835
2022-01-17,California,39144818,0,33490862,0,26591835
2022-01-18,California,39144818,113240,33604102,50400,26642235
2022-01-19,California,39144818,210017,33814119,157879,26800114
2022-01-20,California,39144818,69941,33884060,149663,26949777
2022-01-21,California,39144818,37751,33921811,27217,26976994
2022-01-22,California,39144818,55195,33977006,30232,27007226
2022-01-23,California,39144818,2155,33979161,625,27007851
2022-01-24,California,39144818,69724,34048885,35073,27042924
2022-01-25,California,39144818,17773,34066658,8981,27051905
2022-01-26,California,39144818,34062,34100720,23082,27074987
2022-01-27,California,39144818,-2468411,31632309,120318,27195305
2022-01-28,California,39144818,36689,31668998,25923,27221228
2022-01-29,California,39144818,32198,31701196,24907,27246135
2022-01-30,California,39144818,48501,31749697,32959,27279094
2022-01-31,California,39144818,0,31749697,0,27279094
2022-02-01,California,39144818,36642,31786339,28309,27307403
2022-02-02,California,39144818,28369,31814708,21332,27328735
2022-02-03,California,39144818,0,31814708,0,27328735
2022-02-04,California,39144818,61892,31876600,50420,27379155
2022-02-05,California,39144818,28349,31904949,24171,27403326
2022-02-06,California,39144818,39697,31944646,31534,27434860
2022-02-07,California,39144818,18901,31963547,17370,27452230
2022-02-08,California,39144818,11206,31974753,9265,27461495
2022-02-09,California,39144818,0,31974753,0,27461495
2021-07-01,Colorado,5456574,6782,3342035,8612,2992902
2021-07-02,Colorado,5456574,3686,3345721,4981,2997883
2021-07-03,Colorado,5456574,7342,3353063,10012,3007895
2021-07-04,Colorado,5456574,3589,3356652,5026,3012921
2021-07-05,Colorado,5456574,0,3356652,0,3012921
2021-07-06,Colorado,5456574,3299,3359951,5167,3018088
2021-07-07,Colorado,5456574,4020,3363971,5664,3023752
2021-07-08,Colorado,5456574,4373,3368344,6262,3030014
2021-07-09,Colorado,5456574,339,3368683,275,3030289
2021-07-10,Colorado,5456574,10686,3379369,13619,3043908
2021-07-11,Colorado,5456574,3644,3383013,4350,3048258
2021-07-12,Colorado,5456574,2196,3385209,3911,3052169
2021-07-13,Colorado,5456574,3194,3388403,3931,3056100
2021-07-14,Colorado,5456574,4264,3392667,5288,3061388
2021-07-15,Colorado,5456574,4539,3397206,5186,3066574
2021-07-16,Colorado,5456574,4289,3401495,4862,3071436
2021-07-17,Colorado,5456574,4643,3406138,5673,3077109
2021-07-18,Colorado,5456574,3397,3409535,3706,3080815
2021-07-19,Colorado,5456574,2245,3411780,2391,3083206
2021-07-20,Colorado,5456574,0,3411780,0,3083206
2021-07-21,Colorado,5456574,7288,3419068,8296,3091502
2021-07-22,Colorado,5456574,5571,3424639,5229,3096731
2021-07-23,Colorado,5456574,4803,3429442,4331,3101062
2021-07-24,Colorado,5456574,6248,3435690,5537,3106599
2021-07-25,Colorado,5456574,4366,3440056,3804,3110403
2021-07-26,Colorado,5456574,2705,3442761,2055,3112458
2021-07-27,Colorado,5456574,4191,3446952,2679,3115137
2021-07-28,Colorado,5456574,5226,3452178,3972,3119109
2021-07-29,Colorado,5456574,6212,3458390,4810,3123919
2021-07-30,Colorado,5456574,6032,3464422,4762,3128681
2021-07-31,Colorado,5456574,7723,3472145,5650,3134331
2021-08-01,Colorado,5456574,5844,3477989,3862,3138193
2021-08-02,Colorado,5456574,3713,3481702,2584,3140777
2021-08-03,Colorado,5456574,3776,3485478,2736,3143513
2021-08-04,Colorado,5456574,7142,3492620,4500,3148013
2021-08-05,Colorado,5456574,7345,3499965,4559,3152572
2021-08-06,Colorado,5456574,7513,3507478,4635,3157207
2021-08-07,Colorado,5456574,7392,3514870,4891,3162098
2021-08-08,Colorado,5456574,6905,3521775,4114,3166212
2021-08-09,Colorado,5456574,3357,3525132,2055,3168267
2021-08-10,Colorado,5456574,4343,3529475,3136,3171403
2021-08-11,Colorado,5456574,5412,3534887,4060,3175463
2021-08-12,Colorado,5456574,6008,3540895,4356,3179819
2021-08-13,Colorado,5456574,10205,3551100,7810,3187629
2021-08-14,Colorado,5456574,7764,3558864,6359,3193988
2021-08-15,Colorado,5456574,5499,3564363,4506,3198494
2021-08-16,Colorado,5456574,3773,3568136,2788,3201282
2021-08-17,Colorado,5456574,4641,3572777,2544,3203826
2021-08-18,Colorado,5456574,6662,3579439,4872,3208698
2021-08-19,Colorado,5456574,6275,3585714,5454,3214152
2021-08-20,Colorado,5456574,6262,3591976,5101,3219253
2021-08-21,Colorado,5456574,6588,3598564,6438,3225691
2021-08-22,Colorado,5456574,6122,3604686,6116,3231807
2021-08-23,Colorado,5456574,2872,3607558,3151,3234958
2021-08-24,Colorado,5456574,4080,3611638,4066,3239024
2021-08-25,Colorado,5456574,6021,3617659,6053,3245077
2021-08-26,Colorado,5456574,6088,3623747,6017,3251094
2021-08-27,Colorado,5456574,5969,3629716,5879,3256973
2021-08-28,Colorado,5456574,0,3629716,0,3256973
2021-08-29,Colorado,5456574,12338,3642054,13358,3270331
2021-08-30,Colorado,5456574,3112,3645166,3467,3273798
2021-08-31,Colorado,5456574,4077,3649243,4527,3278325
2021-09-01,Colorado,5456574,5677,3654920,6201,3284526
2021-09-02,Colorado,5456574,466,3655386,374,3284900
2021-09-03,Colorado,5456574,10808,3666194,11157,3296057
2021-09-04,Colorado,5456574,5546,3671740,5310,3301367
2021-09-05,Colorado,5456574,0,3671740,0,3301367
2021-09-06,Colorado,5456574,0,3671740,0,3301367
2021-09-07,Colorado,5456574,10693,3682433,11351,3312718
2021-09-08,Colorado,5456574,2873,3685306,3453,3316171
2021-09-09,Colorado,5456574,3976,3689282,4691,3320862
2021-09-10,Colorado,5456574,6694,3695976,6703,3327565
2021-09-11,Colorado,5456574,4840,3700816,4791,3332356
2021-09-12,Colorado,5456574,6146,3706962,6860,3339216
2021-09-13,Colorado,5456574,0,3706962,0,3339216
2021-09-14,Colorado,5456574,7594,3714556,7679,3346895
2021-09-15,Colorado,5456574,3363,3717919,3623,3350518
2021-09-16,Colorado,5456574,5245,3723164,6113,3356631
2021-09-17,Colorado,5456574,4515,3727679,4959,3361590
2021-09-18,Colorado,5456574,4790,3732469,5672,3367262
2021-09-19,Colorado,5456574,4906,3737375,5889,3373151
2021-09-20,Colorado,5456574,2839,3740214,3541,3376692
2021-09-21,Colorado,5456574,2389,3742603,3297,3379989
2021-09-22,Colorado,5456574,3768,3746371,4614,3384603
2021-09-23,Colorado,5456574,4162,3750533,4585,3389188
2021-09-24,Colorado,5456574,4952,3755485,5753,3394941
2021-09-25,Colorado,5456574,4102,3759587,5036,3399977
2021-09-26,Colorado,5456574,5161,3764748,5950,3405927
2021-09-27,Colorado,5456574,2308,3767056,2937,3408864
2021-09-28,Colorado,5456574,0,3767056,0,3408864
2021-09-29,Colorado,5456574,6123,3773179,6612,3415476
2021-09-30,Colorado,5456574,4221,3777400,4244,3419720
2021-10-01,Colorado,5456574,3334,3780734,3649,3423369
2021-10-02,Colorado,5456574,4244,3784978,4747,3428116
2021-10-03,Colorado,5456574,7383,3792361,9298,3437414
2021-10-04,Colorado,5456574,2001,3794362,2574,3439988
2021-10-05,Colorado,5456574,2090,3796452,2565,3442553
2021-10-06,Colorado,5456574,3419,3799871,3739,3446292
2021-10-07,Colorado,5456574,4080,3803951,4730,3451022
2021-10-08,Colorado,5456574,4845,3808796,4906,3455928
2021-10-09,Colorado,5456574,484,3809280,177,3456105
2021-10-10,Colorado,5456574,0,3809280,0,3456105
2021-10-11,Colorado,5456574,0,3809280,0,3456105
2021-10-12,Colorado,5456574,11084,3820364,14325,3470430
2021-10-13,Colorado,5456574,3120,3823484,3694,3474124
2021-10-14,Colorado,5456574,3970,3827454,5042,3479166
2021-10-15,Colorado,5456574,3371,3830825,4051,3483217
2021-10-16,Colorado,5456574,4693,3835518,5801,3489018
2021-10-17,Colorado,5456574,3686,3839204,4649,3493667
2021-10-18,Colorado,5456574,1354,3840558,1664,3495331
2021-10-19,Colorado,5456574,2947,3843505,3752,3499083
2021-10-20,Colorado,5456574,2928,3846433,3282,3502365
2021-10-21,Colorado,5456574,3755,3850188,4098,3506463
2021-10-22,Colorado,5456574,11280,3861468,8863,3515326
2021-10-23,Colorado,5456574,2855,3864323,2907,3518233
2021-10-24,Colorado,5456574,4449,3868772,4825,3523058
2021-10-25,Colorado,5456574,3986,3872758,3919,3526977
2021-10-26,Colorado,5456574,1574,3874332,1847,3528824
2021-10-27,Colorado,5456574,4580,3878912,4069,3532893
2021-10-28,Colorado,5456574,5118,3884030,4607,3537500
2021-10-29,Colorado,5456574,4185,3888215,3685,3541185
2021-10-30,Colorado,5456574,4475,3892690,4000,3545185
2021-10-31,Colorado,5456574,4984,3897674,4523,3549708
2021-11-01,Colorado,5456574,3881,3901555,3422,3553130
2021-11-02,Colorado,5456574,2121,3903676,1931,3555061
2021-11-03,Colorado,5456574,3910,3907586,3278,3558339
2021-11-04,Colorado,5456574,3965,3911551,3117,3561456
2021-11-05,Colorado,5456574,4722,3916273,3159,3564615
2021-11-06,Colorado,5456574,5656,3921929,3824,3568439
2021-11-07,Colorado,5456574,8511,3930440,4769,3573208
2021-11-08,Colorado,5456574,8509,3938949,2939,3576147
2021-11-09,Colorado,5456574,334,3939283,92,3576239
2021-11-10,Colorado,5456574,11493,3950776,4548,3580787
2021-11-11,Colorado,5456574,0,3950776,0,3580787
2021-11-12,Colorado,5456574,12751,3963527,5418,3586205
2021-11-13,Colorado,5456574,7989,3971516,3207,3589412
2021-11-14,Colorado,5456574,10238,3981754,3383,3592795
2021-11-15,Colorado,5456574,14509,3996263,3750,3596545
2021-11-16,Colorado,5456574,13001,4009264,2556,3599101
2021-11-17,Colorado,5456574,9854,4019118,2690,3601791
2021-11-18,Colorado,5456574,0,4019118,0,3601791
2021-11-19,Colorado,5456574,9925,4029043,3568,3605359
2021-11-20,Colorado,5456574,9509,4038552,3773,3609132
2021-11-21,Colorado,5456574,10455,4049007,3755,3612887
2021-11-22,Colorado,5456574,19529,4068536,5633,3618520
2021-11-23,Colorado,5456574,0,4068536,0,3618520
2021-11-24,Colorado,5456574,16607,4085143,5266,3623786
2021-11-25,Colorado,5456574,0,4085143,0,3623786
2021-11-26,Colorado,5456574,0,4085143,0,3623786
2021-11-27,Colorado,5456574,0,4085143,0,3623786
2021-11-28,Colorado,5456574,0,4085143,0,3623786
2021-11-29,Colorado,5456574,0,4085143,0,3623786
2021-11-30,Colorado,5456574,31364,4116507,18613,3642399
2021-12-01,Colorado,5456574,6305,4122812,5773,3648172
2021-12-02,Colorado,5456574,6993,4129805,7149,3655321
2021-12-03,Colorado,5456574,8118,4137923,8413,3663734
2021-12-04,Colorado,5456574,1791,4139714,249,3663983
2021-12-05,Colorado,5456574,11076,4150790,13194,3677177
2021-12-06,Colorado,5456574,6411,4157201,12220,3689397
2021-12-07,Colorado,5456574,6051,4163252,11392,3700789
2021-12-08,Colorado,5456574,7054,4170306,6276,3707065
2021-12-09,Colorado,5456574,7533,4177839,8214,3715279
2021-12-10,Colorado,5456574,7043,4184882,6866,3722145
2021-12-11,Colorado,5456574,7039,4191921,7192,3729337
2021-12-12,Colorado,5456574,8155,4200076,11086,3740423
2021-12-13,Colorado,5456574,2652,4202728,2078,3742501
2021-12-14,Colorado,5456574,3890,4206618,5804,3748305
2021-12-15,Colorado,5456574,0,4206618,0,3748305
2021-12-16,Colorado,5456574,6154,4212772,6248,3754553
2021-12-17,Colorado,5456574,12517,4225289,10246,3764799
2021-12-18,Colorado,5456574,0,4225289,0,3764799
2021-12-19,Colorado,5456574,12168,4237457,8266,3773065
2021-12-20,Colorado,5456574,5572,4243029,4117,3777182
2021-12-21,Colorado,5456574,4459,4247488,4124,3781306
2021-12-22,Colorado,5456574,7208,4254696,4685,3785991
2021-12-23,Colorado,5456574,7865,4262561,4924,3790915
2021-12-24,Colorado,5456574,0,4262561,0,3790915
2021-12-25,Colorado,5456574,0,4262561,0,3790915
2021-12-26,Colorado,5456574,0,4262561,0,3790915
2021-12-27,Colorado,5456574,13115,4275676,9221,3800136
2021-12-28,Colorado,5456574,5655,4281331,3687,3803823
2021-12-29,Colorado,5456574,5552,4286883,4356,3808179
2021-12-30,Colorado,5456574,6976,4293859,5401,3813580
2021-12-31,Colorado,5456574,0,4293859,0,3813580
2022-01-01,Colorado,5456574,0,4293859,0,3813580
2022-01-02,Colorado,5456574,0,4293859,0,3813580
2022-01-03,Colorado,5456574,0,4293859,0,3813580
2022-01-04,Colorado,5456574,18005,4311864,13168,3826748
2022-01-05,Colorado,5456574,916,4312780,178,3826926
2022-01-06,Colorado,5456574,0,4312780,0,3826926
2022-01-07,Colorado,5456574,5564,4318344,3975,3830901
2022-01-08,Colorado,5456574,10751,4329095,8083,3838984
2022-01-09,Colorado,5456574,4828,4333923,4113,3843097
2022-01-10,Colorado,5456574,1912,4335835,1331,3844428
2022-01-11,Colorado,5456574,4481,4340316,3134,3847562
2022-01-12,Colorado,5456574,830,4341146,170,3847732
2022-01-13,Colorado,5456574,10150,4351296,7608,3855340
2022-01-14,Colorado,5456574,6370,4357666,4414,3859754
2022-01-15,Colorado,5456574,0,4357666,0,3859754
2022-01-16,Colorado,5456574,5916,4363582,3946,3863700
2022-01-17,Colorado,5456574,0,4363582,0,3863700
2022-01-18,Colorado,5456574,8650,4372232,4925,3868625
2022-01-19,Colorado,5456574,42202,4414434,26250,3894875
2022-01-20,Colorado,5456574,7058,4421492,5267,3900142
2022-01-21,Colorado,5456574,5137,4426629,4394,3904536
2022-01-22,Colorado,5456574,5006,4431635,3476,3908012
2022-01-23,Colorado,5456574,3067,4434702,1834,3909846
2022-01-24,Colorado,5456574,1587,4436289,898,3910744
2022-01-25,Colorado,5456574,3174,4439463,2281,3913025
2022-01-26,Colorado,5456574,3964,4443427,2217,3915242
2022-01-27,Colorado,5456574,3553,4446980,3296,3918538
2022-01-28,Colorado,5456574,3325,4450305,3002,3921540
2022-01-29,Colorado,5456574,3759,4454064,3291,3924831
2022-01-30,Colorado,5456574,2732,4456796,2460,3927291
2022-01-31,Colorado,5456574,0,4456796,0,3927291
2022-02-01,Colorado,5456574,3535,4460331,3222,3930513
2022-02-02,Colorado,5456574,3026,4463357,2723,3933236
2022-02-03,Colorado,5456574,0,4463357,0,3933236
2022-02-04,Colorado,5456574,4253,4467610,4494,3937730
2022-02-05,Colorado,5456574,586,4468196,198,3937928
2022-02-06,Colorado,5456574,4914,4473110,5159,3943087
2022-02-07,Colorado,5456574,3245,4476355,3438,3946525
2022-02-08,Colorado,5456574,1793,4478148,1755,3948280
2022-02-09,Colorado,5456574,0,4478148,0,3948280
2021-07-01,Connecticut,3590886,4377,2392184,5101,2167566
2021-07-02,Connecticut,3590886,3647,2395831,4605,2172171
2021-07-03,Connecticut,3590886,551,2396382,498,2172669
2021-07-04,Connecticut,3590886,6235,2402617,7098,2179767
2021-07-05,Connecticut,3590886,0,2402617,0,2179767
2021-07-06,Connecticut,3590886,4219,2406836,4312,2184079
2021-07-07,Connecticut,3590886,808,2407644,781,2184860
2021-07-08,Connecticut,3590886,3244,2410888,3980,2188840
2021-07-09,Connecticut,3590886,3877,2414765,4122,2192962
2021-07-10,Connecticut,3590886,3342,2418107,3622,2196584
2021-07-11,Connecticut,3590886,3304,2421411,3559,2200143
2021-07-12,Connecticut,3590886,2898,2424309,3187,2203330
2021-07-13,Connecticut,3590886,1948,2426257,1878,2205208
2021-07-14,Connecticut,3590886,2653,2428910,2651,2207859
2021-07-15,Connecticut,3590886,3525,2432435,3494,2211353
2021-07-16,Connecticut,3590886,3576,2436011,3468,2214821
2021-07-17,Connecticut,3590886,3151,2439162,3035,2217856
2021-07-18,Connecticut,3590886,3077,2442239,2870,2220726
2021-07-19,Connecticut,3590886,3172,2445411,2842,2223568
2021-07-20,Connecticut,3590886,0,2445411,0,2223568
2021-07-21,Connecticut,3590886,5047,2450458,4478,2228046
2021-07-22,Connecticut,3590886,4242,2454700,3765,2231811
2021-07-23,Connecticut,3590886,4543,2459243,3485,2235296
2021-07-24,Connecticut,3590886,4272,2463515,3277,2238573
2021-07-25,Connecticut,3590886,4223,2467738,2868,2241441
2021-07-26,Connecticut,3590886,3327,2471065,2073,2243514
2021-07-27,Connecticut,3590886,2421,2473486,1545,2245059
2021-07-28,Connecticut,3590886,3890,2477376,1901,2246960
2021-07-29,Connecticut,3590886,4628,2482004,2811,2249771
2021-07-30,Connecticut,3590886,5172,2487176,3331,2253102
2021-07-31,Connecticut,3590886,4570,2491746,3102,2256204
2021-08-01,Connecticut,3590886,4962,2496708,2968,2259172
2021-08-02,Connecticut,3590886,4044,2500752,2371,2261543
2021-08-03,Connecticut,3590886,403,2501155,233,2261776
2021-08-04,Connecticut,3590886,4005,2505160,2363,2264139
2021-08-05,Connecticut,3590886,5631,2510791,3217,2267356
2021-08-06,Connecticut,3590886,5646,2516437,3348,2270704
2021-08-07,Connecticut,3590886,5283,2521720,3045,2273749
2021-08-08,Connecticut,3590886,5074,2526794,2991,2276740
2021-08-09,Connecticut,3590886,4122,2530916,2432,2279172
2021-08-10,Connecticut,3590886,3042,2533958,1861,2281033
2021-08-11,Connecticut,3590886,3782,2537740,2533,2283566
2021-08-12,Connecticut,3590886,4213,2541953,2889,2286455
2021-08-13,Connecticut,3590886,5243,2547196,3893,2290348
2021-08-14,Connecticut,3590886,6056,2553252,4310,2294658
2021-08-15,Connecticut,3590886,4266,2557518,3116,2297774
2021-08-16,Connecticut,3590886,4031,2561549,3092,2300866
2021-08-17,Connecticut,3590886,2690,2564239,1786,2302652
2021-08-18,Connecticut,3590886,3692,2567931,3149,2305801
2021-08-19,Connecticut,3590886,4592,2572523,4028,2309829
2021-08-20,Connecticut,3590886,5063,2577586,4139,2313968
2021-08-21,Connecticut,3590886,4861,2582447,3939,2317907
2021-08-22,Connecticut,3590886,4811,2587258,4039,2321946
2021-08-23,Connecticut,3590886,591,2587849,390,2322336
2021-08-24,Connecticut,3590886,5779,2593628,3985,2326321
2021-08-25,Connecticut,3590886,3401,2597029,2909,2329230
2021-08-26,Connecticut,3590886,5065,2602094,4650,2333880
2021-08-27,Connecticut,3590886,5719,2607813,5031,2338911
2021-08-28,Connecticut,3590886,0,2607813,0,2338911
2021-08-29,Connecticut,3590886,9366,2617179,8188,2347099
2021-08-30,Connecticut,3590886,4346,2621525,3800,2350899
2021-08-31,Connecticut,3590886,3161,2624686,2198,2353097
2021-09-01,Connecticut,3590886,7537,2632223,7336,2360433
2021-09-02,Connecticut,3590886,437,2632660,308,2360741
2021-09-03,Connecticut,3590886,4160,2636820,4276,2365017
2021-09-04,Connecticut,3590886,3770,2640590,3813,2368830
2021-09-05,Connecticut,3590886,0,2640590,0,2368830
2021-09-06,Connecticut,3590886,0,2640590,0,2368830
2021-09-07,Connecticut,3590886,6703,2647293,7013,2375843
2021-09-08,Connecticut,3590886,931,2648224,673,2376516
2021-09-09,Connecticut,3590886,3510,2651734,3886,2380402
2021-09-10,Connecticut,3590886,3446,2655180,4349,2384751
2021-09-11,Connecticut,3590886,3842,2659022,4340,2389091
2021-09-12,Connecticut,3590886,2995,2662017,3405,2392496
2021-09-13,Connecticut,3590886,0,2662017,0,2392496
2021-09-14,Connecticut,3590886,5387,2667404,5837,2398333
2021-09-15,Connecticut,3590886,2685,2670089,2748,2401081
2021-09-16,Connecticut,3590886,3400,2673489,3937,2405018
2021-09-17,Connecticut,3590886,5183,2678672,6019,2411037
2021-09-18,Connecticut,3590886,2906,2681578,3542,2414579
2021-09-19,Connecticut,3590886,497,2682075,446,2415025
2021-09-20,Connecticut,3590886,5532,2687607,7482,2422507
2021-09-21,Connecticut,3590886,1879,2689486,2219,2424726
2021-09-22,Connecticut,3590886,2082,2691568,2327,2427053
2021-09-23,Connecticut,3590886,2887,2694455,3366,2430419
2021-09-24,Connecticut,3590886,2765,2697220,2986,2433405
2021-09-25,Connecticut,3590886,3483,2700703,3784,2437189
2021-09-26,Connecticut,3590886,3636,2704339,3522,2440711
2021-09-27,Connecticut,3590886,1034,2705373,404,2441115
2021-09-28,Connecticut,3590886,0,2705373,0,2441115
2021-09-29,Connecticut,3590886,9220,2714593,6321,2447436
2021-09-30,Connecticut,3590886,3004,2717597,2053,2449489
2021-10-01,Connecticut,3590886,5461,2723058,4302,2453791
2021-10-02,Connecticut,3590886,2111,2725169,1683,2455474
2021-10-03,Connecticut,3590886,4947,2730116,3687,2459161
2021-10-04,Connecticut,3590886,4798,2734914,3943,2463104
2021-10-05,Connecticut,3590886,2111,2737025,1589,2464693
2021-10-06,Connecticut,3590886,2838,2739863,2132,2466825
2021-10-07,Connecticut,3590886,2709,2742572,1840,2468665
2021-10-08,Connecticut,3590886,4628,2747200,3672,2472337
2021-10-09,Connecticut,3590886,3454,2750654,2487,2474824
2021-10-10,Connecticut,3590886,0,2750654,0,2474824
2021-10-11,Connecticut,3590886,0,2750654,0,2474824
2021-10-12,Connecticut,3590886,6873,2757527,5862,2480686
2021-10-13,Connecticut,3590886,1926,2759453,1642,2482328
2021-10-14,Connecticut,3590886,2995,2762448,2874,2485202
2021-10-15,Connecticut,3590886,3346,2765794,2737,2487939
2021-10-16,Connecticut,3590886,2741,2768535,2073,2490012
2021-10-17,Connecticut,3590886,3206,2771741,2751,2492763
2021-10-18,Connecticut,3590886,759,2772500,284,2493047
2021-10-19,Connecticut,3590886,3337,2775837,3268,2496315
2021-10-20,Connecticut,3590886,2607,2778444,2188,2498503
2021-10-21,Connecticut,3590886,3022,2781466,2332,2500835
2021-10-22,Connecticut,3590886,4959,2786425,3776,2504611
2021-10-23,Connecticut,3590886,2856,2789281,2101,2506712
2021-10-24,Connecticut,3590886,671,2789952,213,2506925
2021-10-25,Connecticut,3590886,5000,2794952,3354,2510279
2021-10-26,Connecticut,3590886,2274,2797226,1097,2511376
2021-10-27,Connecticut,3590886,3608,2800834,1672,2513048
2021-10-28,Connecticut,3590886,5449,2806283,2508,2515556
2021-10-29,Connecticut,3590886,5252,2811535,2072,2517628
2021-10-30,Connecticut,3590886,4776,2816311,1924,2519552
2021-10-31,Connecticut,3590886,1073,2817384,218,2519770
2021-11-01,Connecticut,3590886,8072,2825456,3653,2523423
2021-11-02,Connecticut,3590886,2457,2827913,1038,2524461
2021-11-03,Connecticut,3590886,3544,2831457,1785,2526246
2021-11-04,Connecticut,3590886,4667,2836124,2119,2528365
2021-11-05,Connecticut,3590886,2981,2839105,1390,2529755
2021-11-06,Connecticut,3590886,4801,2843906,1777,2531532
2021-11-07,Connecticut,3590886,5651,2849557,2069,2533601
2021-11-08,Connecticut,3590886,7670,2857227,2362,2535963
2021-11-09,Connecticut,3590886,2923,2860150,670,2536633
2021-11-10,Connecticut,3590886,4553,2864703,1281,2537914
2021-11-11,Connecticut,3590886,0,2864703,0,2537914
2021-11-12,Connecticut,3590886,15304,2880007,3970,2541884
2021-11-13,Connecticut,3590886,7213,2887220,1418,2543302
2021-11-14,Connecticut,3590886,8840,2896060,1686,2544988
2021-11-15,Connecticut,3590886,11445,2907505,1348,2546336
2021-11-16,Connecticut,3590886,4738,2912243,816,2547152
2021-11-17,Connecticut,3590886,5557,2917800,1241,2548393
2021-11-18,Connecticut,3590886,0,2917800,0,2548393
2021-11-19,Connecticut,3590886,7765,2925565,1667,2550060
2021-11-20,Connecticut,3590886,8104,2933669,1564,2551624
2021-11-21,Connecticut,3590886,7964,2941633,1497,2553121
2021-11-22,Connecticut,3590886,18454,2960087,2926,2556047
2021-11-23,Connecticut,3590886,0,2960087,0,2556047
2021-11-24,Connecticut,3590886,10343,2970430,2005,2558052
2021-11-25,Connecticut,3590886,0,2970430,0,2558052
2021-11-26,Connecticut,3590886,0,2970430,0,2558052
2021-11-27,Connecticut,3590886,0,2970430,0,2558052
2021-11-28,Connecticut,3590886,0,2970430,0,2558052
2021-11-29,Connecticut,3590886,0,2970430,0,2558052
2021-11-30,Connecticut,3590886,27512,2997942,9075,2567127
2021-12-01,Connecticut,3590886,4895,3002837,2794,2569921
2021-12-02,Connecticut,3590886,5617,3008454,3733,2573654
2021-12-03,Connecticut,3590886,4964,3013418,3168,2576822
2021-12-04,Connecticut,3590886,7056,3020474,5047,2581869
2021-12-05,Connecticut,3590886,8754,3029228,13523,2595392
2021-12-06,Connecticut,3590886,2495,3031723,443,2595835
2021-12-07,Connecticut,3590886,3260,3034983,3128,2598963
2021-12-08,Connecticut,3590886,5010,3039993,3981,2602944
2021-12-09,Connecticut,3590886,6624,3046617,4284,2607228
2021-12-10,Connecticut,3590886,7243,3053860,4276,2611504
2021-12-11,Connecticut,3590886,11580,3065440,7767,2619271
2021-12-12,Connecticut,3590886,1268,3066708,236,2619507
2021-12-13,Connecticut,3590886,6577,3073285,5981,2625488
2021-12-14,Connecticut,3590886,3231,3076516,2285,2627773
2021-12-15,Connecticut,3590886,0,3076516,0,2627773
2021-12-16,Connecticut,3590886,9645,3086161,5809,2633582
2021-12-17,Connecticut,3590886,8374,3094535,3233,2636815
2021-12-18,Connecticut,3590886,0,3094535,0,2636815
2021-12-19,Connecticut,3590886,11632,3106167,4271,2641086
2021-12-20,Connecticut,3590886,6495,3112662,2100,2643186
2021-12-21,Connecticut,3590886,3480,3116142,1358,2644544
2021-12-22,Connecticut,3590886,5732,3121874,2037,2646581
2021-12-23,Connecticut,3590886,7066,3128940,2708,2649289
2021-12-24,Connecticut,3590886,0,3128940,0,2649289
2021-12-25,Connecticut,3590886,0,3128940,0,2649289
2021-12-26,Connecticut,3590886,0,3128940,0,2649289
2021-12-27,Connecticut,3590886,16616,3145556,5676,2654965
2021-12-28,Connecticut,3590886,2033,3147589,516,2655481
2021-12-29,Connecticut,3590886,5027,3152616,1843,2657324
2021-12-30,Connecticut,3590886,6728,3159344,2506,2659830
2021-12-31,Connecticut,3590886,0,3159344,0,2659830
2022-01-01,Connecticut,3590886,0,3159344,0,2659830
2022-01-02,Connecticut,3590886,0,3159344,0,2659830
2022-01-03,Connecticut,3590886,0,3159344,0,2659830
2022-01-04,Connecticut,3590886,25818,3185162,10713,2670543
2022-01-05,Connecticut,3590886,4434,3189596,2241,2672784
2022-01-06,Connecticut,3590886,0,3189596,0,2672784
2022-01-07,Connecticut,3590886,5912,3195508,2624,2675408
2022-01-08,Connecticut,3590886,12475,3207983,5999,2681407
2022-01-09,Connecticut,3590886,9146,3217129,4795,2686202
2022-01-10,Connecticut,3590886,1244,3218373,194,2686396
2022-01-11,Connecticut,3590886,3067,3221440,1418,2687814
2022-01-12,Connecticut,3590886,4292,3225732,2340,2690154
2022-01-13,Connecticut,3590886,5652,3231384,2939,2693093
2022-01-14,Connecticut,3590886,5577,3236961,2747,2695840
2022-01-15,Connecticut,3590886,0,3236961,0,2695840
2022-01-16,Connecticut,3590886,5366,3242327,2470,2698310
2022-01-17,Connecticut,3590886,0,3242327,0,2698310
2022-01-18,Connecticut,3590886,11568,3253895,4261,2702571
2022-01-19,Connecticut,3590886,9684,3263579,4456,2707027
2022-01-20,Connecticut,3590886,6324,3269903,3830,2710857
2022-01-21,Connecticut,3590886,4038,3273941,2605,2713462
2022-01-22,Connecticut,3590886,3711,3277652,2371,2715833
2022-01-23,Connecticut,3590886,3662,3281314,2155,2717988
2022-01-24,Connecticut,3590886,856,3282170,111,2718099
2022-01-25,Connecticut,3590886,2101,3284271,869,2718968
2022-01-26,Connecticut,3590886,2935,3287206,1727,2720695
2022-01-27,Connecticut,3590886,3221,3290427,2133,2722828
2022-01-28,Connecticut,3590886,3564,3293991,2734,2725562
2022-01-29,Connecticut,3590886,3099,3297090,2284,2727846
2022-01-30,Connecticut,3590886,2429,3299519,1920,2729766
2022-01-31,Connecticut,3590886,0,3299519,0,2729766
2022-02-01,Connecticut,3590886,3011,3302530,1794,2731560
2022-02-02,Connecticut,3590886,1808,3304338,1781,2733341
2022-02-03,Connecticut,3590886,0,3304338,0,2733341
2022-02-04,Connecticut,3590886,4734,3309072,4476,2737817
2022-02-05,Connecticut,3590886,4994,3314066,3739,2741556
2022-02-06,Connecticut,3590886,1758,3315824,1790,2743346
2022-02-07,Connecticut,3590886,2095,3317919,2186,2745532
2022-02-08,Connecticut,3590886,1340,3319259,1271,2746803
2022-02-09,Connecticut,3590886,0,3319259,0,2746803
2021-07-01,District of Columbia,705749,741,432968,720,369251
2021-07-02,District of Columbia,705749,972,433940,980,370231
2021-07-03,District of Columbia,705749,947,434887,2213,372444
2021-07-04,District of Columbia,705749,620,435507,764,373208
2021-07-05,District of Columbia,705749,0,435507,0,373208
2021-07-06,District of Columbia,705749,794,436301,675,373883
2021-07-07,District of Columbia,705749,134,436435,112,373995
2021-07-08,District of Columbia,705749,856,437291,808,374803
2021-07-09,District of Columbia,705749,646,437937,811,375614
2021-07-10,District of Columbia,705749,735,438672,647,376261
2021-07-11,District of Columbia,705749,586,439258,590,376851
2021-07-12,District of Columbia,705749,699,439957,758,377609
2021-07-13,District of Columbia,705749,292,440249,231,377840
2021-07-14,District of Columbia,705749,432,440681,446,378286
2021-07-15,District of Columbia,705749,650,441331,589,378875
2021-07-16,District of Columbia,705749,627,441958,525,379400
2021-07-17,District of Columbia,705749,1495,443453,859,380259
2021-07-18,District of Columbia,705749,618,444071,637,380896
2021-07-19,District of Columbia,705749,553,444624,569,381465
2021-07-20,District of Columbia,705749,0,444624,0,381465
2021-07-21,District of Columbia,705749,222,444846,73,381538
2021-07-22,District of Columbia,705749,593,445439,588,382126
2021-07-23,District of Columbia,705749,548,445987,542,382668
2021-07-24,District of Columbia,705749,803,446790,715,383383
2021-07-25,District of Columbia,705749,814,447604,533,383916
2021-07-26,District of Columbia,705749,507,448111,353,384269
2021-07-27,District of Columbia,705749,658,448769,327,384596
2021-07-28,District of Columbia,705749,430,449199,266,384862
2021-07-29,District of Columbia,705749,580,449779,428,385290
2021-07-30,District of Columbia,705749,732,450511,522,385812
2021-07-31,District of Columbia,705749,922,451433,663,386475
2021-08-01,District of Columbia,705749,990,452423,680,387155
2021-08-02,District of Columbia,705749,773,453196,498,387653
2021-08-03,District of Columbia,705749,370,453566,206,387859
2021-08-04,District of Columbia,705749,563,454129,355,388214
2021-08-05,District of Columbia,705749,857,454986,547,388761
2021-08-06,District of Columbia,705749,907,455893,1562,390323
2021-08-07,District of Columbia,705749,1299,457192,1252,391575
2021-08-08,District of Columbia,705749,1602,458794,1184,392759
2021-08-09,District of Columbia,705749,594,459388,337,393096
2021-08-10,District of Columbia,705749,593,459981,300,393396
2021-08-11,District of Columbia,705749,578,460559,371,393767
2021-08-12,District of Columbia,705749,1103,461662,799,394566
2021-08-13,District of Columbia,705749,1059,462721,581,395147
2021-08-14,District of Columbia,705749,880,463601,1124,396271
2021-08-15,District of Columbia,705749,751,464352,509,396780
2021-08-16,District of Columbia,705749,660,465012,342,397122
2021-08-17,District of Columbia,705749,585,465597,-33,397089
2021-08-18,District of Columbia,705749,579,466176,366,397455
2021-08-19,District of Columbia,705749,909,467085,497,397952
2021-08-20,District of Columbia,705749,961,468046,617,398569
2021-08-21,District of Columbia,705749,839,468885,572,399141
2021-08-22,District of Columbia,705749,861,469746,631,399772
2021-08-23,District of Columbia,705749,556,470302,505,400277
2021-08-24,District of Columbia,705749,628,470930,365,400642
2021-08-25,District of Columbia,705749,541,471471,398,401040
2021-08-26,District of Columbia,705749,904,472375,565,401605
2021-08-27,District of Columbia,705749,776,473151,596,402201
2021-08-28,District of Columbia,705749,0,473151,0,402201
2021-08-29,District of Columbia,705749,1775,474926,1298,403499
2021-08-30,District of Columbia,705749,791,475717,575,404074
2021-08-31,District of Columbia,705749,422,476139,297,404371
2021-09-01,District of Columbia,705749,808,476947,510,404881
2021-09-02,District of Columbia,705749,741,477688,505,405386
2021-09-03,District of Columbia,705749,731,478419,610,405996
2021-09-04,District of Columbia,705749,2121,480540,2219,408215
2021-09-05,District of Columbia,705749,0,480540,0,408215
2021-09-06,District of Columbia,705749,0,480540,0,408215
2021-09-07,District of Columbia,705749,2052,482592,1495,409710
2021-09-08,District of Columbia,705749,309,482901,214,409924
2021-09-09,District of Columbia,705749,485,483386,412,410336
2021-09-10,District of Columbia,705749,826,484212,1747,412083
2021-09-11,District of Columbia,705749,1042,485254,825,412908
2021-09-12,District of Columbia,705749,290,485544,165,413073
2021-09-13,District of Columbia,705749,0,485544,0,413073
2021-09-14,District of Columbia,705749,1621,487165,1313,414386
2021-09-15,District of Columbia,705749,690,487855,468,414854
2021-09-16,District of Columbia,705749,891,488746,689,415543
2021-09-17,District of Columbia,705749,719,489465,547,416090
2021-09-18,District of Columbia,705749,829,490294,771,416861
2021-09-19,District of Columbia,705749,725,491019,646,417507
2021-09-20,District of Columbia,705749,604,491623,497,418004
2021-09-21,District of Columbia,705749,459,492082,391,418395
2021-09-22,District of Columbia,705749,713,492795,644,419039
2021-09-23,District of Columbia,705749,823,493618,605,419644
2021-09-24,District of Columbia,705749,881,494499,694,420338
2021-09-25,District of Columbia,705749,1933,496432,1876,422214
2021-09-26,District of Columbia,705749,735,497167,579,422793
2021-09-27,District of Columbia,705749,547,497714,411,423204
2021-09-28,District of Columbia,705749,0,497714,0,423204
2021-09-29,District of Columbia,705749,1283,498997,775,423979
2021-09-30,District of Columbia,705749,749,499746,488,424467
2021-10-01,District of Columbia,705749,742,500488,467,424934
2021-10-02,District of Columbia,705749,815,501303,511,425445
2021-10-03,District of Columbia,705749,714,502017,459,425904
2021-10-04,District of Columbia,705749,1146,503163,697,426601
2021-10-05,District of Columbia,705749,465,503628,294,426895
2021-10-06,District of Columbia,705749,961,504589,630,427525
2021-10-07,District of Columbia,705749,766,505355,514,428039
2021-10-08,District of Columbia,705749,1088,506443,730,428769
2021-10-09,District of Columbia,705749,677,507120,671,429440
2021-10-10,District of Columbia,705749,0,507120,0,429440
2021-10-11,District of Columbia,705749,0,507120,0,429440
2021-10-12,District of Columbia,705749,1640,508760,1208,430648
2021-10-13,District of Columbia,705749,516,509276,341,430989
2021-10-14,District of Columbia,705749,993,510269,816,431805
2021-10-15,District of Columbia,705749,884,511153,623,432428
2021-10-16,District of Columbia,705749,773,511926,541,432969
2021-10-17,District of Columbia,705749,646,512572,521,433490
2021-10-18,District of Columbia,705749,472,513044,379,433869
2021-10-19,District of Columbia,705749,627,513671,363,434232
2021-10-20,District of Columbia,705749,653,514324,444,434676
2021-10-21,District of Columbia,705749,854,515178,572,435248
2021-10-22,District of Columbia,705749,2002,517180,1285,436533
2021-10-23,District of Columbia,705749,985,518165,597,437130
2021-10-24,District of Columbia,705749,616,518781,464,437594
2021-10-25,District of Columbia,705749,744,519525,411,438005
2021-10-26,District of Columbia,705749,712,520237,294,438299
2021-10-27,District of Columbia,705749,1126,521363,558,438857
2021-10-28,District of Columbia,705749,936,522299,220,439077
2021-10-29,District of Columbia,705749,2061,524360,1028,440105
2021-10-30,District of Columbia,705749,1072,525432,437,440542
2021-10-31,District of Columbia,705749,1785,527217,668,441210
2021-11-01,District of Columbia,705749,1274,528491,484,441694
2021-11-02,District of Columbia,705749,1113,529604,364,442058
2021-11-03,District of Columbia,705749,986,530590,408,442466
2021-11-04,District of Columbia,705749,1983,532573,942,443408
2021-11-05,District of Columbia,705749,1242,533815,526,443934
2021-11-06,District of Columbia,705749,1503,535318,615,444549
2021-11-07,District of Columbia,705749,1583,536901,546,445095
2021-11-08,District of Columbia,705749,1291,538192,320,445415
2021-11-09,District of Columbia,705749,1334,539526,350,445765
2021-11-10,District of Columbia,705749,1039,540565,400,446165
2021-11-11,District of Columbia,705749,0,540565,0,446165
2021-11-12,District of Columbia,705749,3424,543989,1013,447178
2021-11-13,District of Columbia,705749,1498,545487,444,447622
2021-11-14,District of Columbia,705749,1565,547052,341,447963
2021-11-15,District of Columbia,705749,1461,548513,403,448366
2021-11-16,District of Columbia,705749,2810,551323,286,448652
2021-11-17,District of Columbia,705749,1835,553158,336,448988
2021-11-18,District of Columbia,705749,0,553158,0,448988
2021-11-19,District of Columbia,705749,1858,555016,503,449491
2021-11-20,District of Columbia,705749,2300,557316,669,450160
2021-11-21,District of Columbia,705749,2259,559575,530,450690
2021-11-22,District of Columbia,705749,3635,563210,811,451501
2021-11-23,District of Columbia,705749,0,563210,0,451501
2021-11-24,District of Columbia,705749,5627,568837,800,452301
2021-11-25,District of Columbia,705749,0,568837,0,452301
2021-11-26,District of Columbia,705749,0,568837,0,452301
2021-11-27,District of Columbia,705749,0,568837,0,452301
2021-11-28,District of Columbia,705749,0,568837,0,452301
2021-11-29,District of Columbia,705749,0,568837,0,452301
2021-11-30,District of Columbia,705749,7056,575893,3048,455349
2021-12-01,District of Columbia,705749,1110,577003,769,456118
2021-12-02,District of Columbia,705749,1208,578211,684,456802
2021-12-03,District of Columbia,705749,1480,579691,1294,458096
2021-12-04,District of Columbia,705749,2207,581898,1098,459194
2021-12-05,District of Columbia,705749,2014,583912,991,460185
2021-12-06,District of Columbia,705749,1953,585865,1006,461191
2021-12-07,District of Columbia,705749,1540,587405,677,461868
2021-12-08,District of Columbia,705749,1993,589398,864,462732
2021-12-09,District of Columbia,705749,1516,590914,816,463548
2021-12-10,District of Columbia,705749,2334,593248,1239,464787
2021-12-11,District of Columbia,705749,2167,595415,833,465620
2021-12-12,District of Columbia,705749,1763,597178,938,466558
2021-12-13,District of Columbia,705749,1615,598793,759,467317
2021-12-14,District of Columbia,705749,1203,599996,338,467655
2021-12-15,District of Columbia,705749,0,599996,0,467655
2021-12-16,District of Columbia,705749,1468,601464,642,468297
2021-12-17,District of Columbia,705749,3771,605235,1767,470064
2021-12-18,District of Columbia,705749,0,605235,0,470064
2021-12-19,District of Columbia,705749,3752,608987,1311,471375
2021-12-20,District of Columbia,705749,1663,610650,629,472004
2021-12-21,District of Columbia,705749,1236,611886,403,472407
2021-12-22,District of Columbia,705749,1717,613603,650,473057
2021-12-23,District of Columbia,705749,2210,615813,908,473965
2021-12-24,District of Columbia,705749,0,615813,0,473965
2021-12-25,District of Columbia,705749,0,615813,0,473965
2021-12-26,District of Columbia,705749,0,615813,0,473965
2021-12-27,District of Columbia,705749,5456,621269,1809,475774
2021-12-28,District of Columbia,705749,603,621872,108,475882
2021-12-29,District of Columbia,705749,987,622859,267,476149
2021-12-30,District of Columbia,705749,1613,624472,673,476822
2021-12-31,District of Columbia,705749,0,624472,0,476822
2022-01-01,District of Columbia,705749,0,624472,0,476822
2022-01-02,District of Columbia,705749,0,624472,0,476822
2022-01-03,District of Columbia,705749,0,624472,0,476822
2022-01-04,District of Columbia,705749,4861,629333,1987,478809
2022-01-05,District of Columbia,705749,551,629884,130,478939
2022-01-06,District of Columbia,705749,0,629884,0,478939
2022-01-07,District of Columbia,705749,820,630704,375,479314
2022-01-08,District of Columbia,705749,2521,633225,1071,480385
2022-01-09,District of Columbia,705749,1072,634297,392,480777
2022-01-10,District of Columbia,705749,936,635233,473,481250
2022-01-11,District of Columbia,705749,806,636039,262,481512
2022-01-12,District of Columbia,705749,920,636959,324,481836
2022-01-13,District of Columbia,705749,1706,638665,1165,483001
2022-01-14,District of Columbia,705749,1784,640449,1108,484109
2022-01-15,District of Columbia,705749,0,640449,0,484109
2022-01-16,District of Columbia,705749,1374,641823,682,484791
2022-01-17,District of Columbia,705749,0,641823,0,484791
2022-01-18,District of Columbia,705749,2175,643998,857,485648
2022-01-19,District of Columbia,705749,4760,648758,3499,489147
2022-01-20,District of Columbia,705749,886,649644,540,489687
2022-01-21,District of Columbia,705749,1102,650746,598,490285
2022-01-22,District of Columbia,705749,967,651713,527,490812
2022-01-23,District of Columbia,705749,916,652629,362,491174
2022-01-24,District of Columbia,705749,593,653222,287,491461
2022-01-25,District of Columbia,705749,639,653861,226,491687
2022-01-26,District of Columbia,705749,629,654490,286,491973
2022-01-27,District of Columbia,705749,846,655336,610,492583
2022-01-28,District of Columbia,705749,878,656214,561,493144
2022-01-29,District of Columbia,705749,839,657053,519,493663
2022-01-30,District of Columbia,705749,598,657651,366,494029
2022-01-31,District of Columbia,705749,0,657651,0,494029
2022-02-01,District of Columbia,705749,835,658486,485,494514
2022-02-02,District of Columbia,705749,572,659058,360,494874
2022-02-03,District of Columbia,705749,0,659058,0,494874
2022-02-04,District of Columbia,705749,1288,660346,972,495846
2022-02-05,District of Columbia,705749,651,660997,516,496362
2022-02-06,District of Columbia,705749,531,661528,471,496833
2022-02-07,District of Columbia,705749,342,661870,272,497105
2022-02-08,District of Columbia,705749,316,662186,201,497306
2022-02-09,District of Columbia,705749,0,662186,0,497306
2021-07-01,Delaware,945934,1154,567064,1170,488301
2021-07-02,Delaware,945934,1109,568173,1387,489688
2021-07-03,Delaware,945934,1127,569300,1363,491051
2021-07-04,Delaware,945934,850,570150,1082,492133
2021-07-05,Delaware,945934,0,570150,0,492133
2021-07-06,Delaware,945934,1037,571187,1326,493459
2021-07-07,Delaware,945934,171,571358,211,493670
2021-07-08,Delaware,945934,710,572068,847,494517
2021-07-09,Delaware,945934,846,572914,1134,495651
2021-07-10,Delaware,945934,1006,573920,1253,496904
2021-07-11,Delaware,945934,758,574678,1059,497963
2021-07-12,Delaware,945934,607,575285,709,498672
2021-07-13,Delaware,945934,528,575813,494,499166
2021-07-14,Delaware,945934,510,576323,732,499898
2021-07-15,Delaware,945934,735,577058,919,500817
2021-07-16,Delaware,945934,881,577939,1168,501985
2021-07-17,Delaware,945934,708,578647,938,502923
2021-07-18,Delaware,945934,708,579355,728,503651
2021-07-19,Delaware,945934,923,580278,965,504616
2021-07-20,Delaware,945934,0,580278,0,504616
2021-07-21,Delaware,945934,747,581025,918,505534
2021-07-22,Delaware,945934,935,581960,923,506457
2021-07-23,Delaware,945934,1187,583147,935,507392
2021-07-24,Delaware,945934,1070,584217,1024,508416
2021-07-25,Delaware,945934,1074,585291,954,509370
2021-07-26,Delaware,945934,51,585342,20,509390
2021-07-27,Delaware,945934,1309,586651,947,510337
2021-07-28,Delaware,945934,791,587442,497,510834
2021-07-29,Delaware,945934,1029,588471,787,511621
2021-07-30,Delaware,945934,1315,589786,909,512530
2021-07-31,Delaware,945934,1308,591094,998,513528
2021-08-01,Delaware,945934,1298,592392,870,514398
2021-08-02,Delaware,945934,1042,593434,548,514946
2021-08-03,Delaware,945934,673,594107,443,515389
2021-08-04,Delaware,945934,796,594903,461,515850
2021-08-05,Delaware,945934,1257,596160,734,516584
2021-08-06,Delaware,945934,1395,597555,794,517378
2021-08-07,Delaware,945934,1346,598901,762,518140
2021-08-08,Delaware,945934,1290,600191,779,518919
2021-08-09,Delaware,945934,1010,601201,583,519502
2021-08-10,Delaware,945934,752,601953,460,519962
2021-08-11,Delaware,945934,950,602903,652,520614
2021-08-12,Delaware,945934,786,603689,473,521087
2021-08-13,Delaware,945934,1338,605027,1017,522104
2021-08-14,Delaware,945934,1791,606818,1153,523257
2021-08-15,Delaware,945934,103,606921,58,523315
2021-08-16,Delaware,945934,1970,608891,1455,524770
2021-08-17,Delaware,945934,684,609575,281,525051
2021-08-18,Delaware,945934,912,610487,723,525774
2021-08-19,Delaware,945934,1243,611730,936,526710
2021-08-20,Delaware,945934,1245,612975,1059,527769
2021-08-21,Delaware,945934,1246,614221,1133,528902
2021-08-22,Delaware,945934,132,614353,83,528985
2021-08-23,Delaware,945934,2012,616365,1811,530796
2021-08-24,Delaware,945934,572,616937,572,531368
2021-08-25,Delaware,945934,753,617690,751,532119
2021-08-26,Delaware,945934,1262,618952,1229,533348
2021-08-27,Delaware,945934,1212,620164,1343,534691
2021-08-28,Delaware,945934,0,620164,0,534691
2021-08-29,Delaware,945934,2449,622613,2330,537021
2021-08-30,Delaware,945934,885,623498,961,537982
2021-08-31,Delaware,945934,594,624092,674,538656
2021-09-01,Delaware,945934,779,624871,786,539442
2021-09-02,Delaware,945934,1035,625906,1129,540571
2021-09-03,Delaware,945934,1097,627003,1263,541834
2021-09-04,Delaware,945934,888,627891,1141,542975
2021-09-05,Delaware,945934,0,627891,0,542975
2021-09-06,Delaware,945934,0,627891,0,542975
2021-09-07,Delaware,945934,1349,629240,1499,544474
2021-09-08,Delaware,945934,708,629948,839,545313
2021-09-09,Delaware,945934,585,630533,748,546061
2021-09-10,Delaware,945934,831,631364,963,547024
2021-09-11,Delaware,945934,190,631554,119,547143
2021-09-12,Delaware,945934,312,631866,80,547223
2021-09-13,Delaware,945934,0,631866,0,547223
2021-09-14,Delaware,945934,2687,634553,2868,550091
2021-09-15,Delaware,945934,188,634741,93,550184
2021-09-16,Delaware,945934,169,634910,154,550338
2021-09-17,Delaware,945934,2388,637298,2545,552883
2021-09-18,Delaware,945934,124,637422,85,552968
2021-09-19,Delaware,945934,291,637713,80,553048
2021-09-20,Delaware,945934,49,637762,45,553093
2021-09-21,Delaware,945934,62,637824,36,553129
2021-09-22,Delaware,945934,2366,640190,2795,555924
2021-09-23,Delaware,945934,140,640330,110,556034
2021-09-24,Delaware,945934,1555,641885,1723,557757
2021-09-25,Delaware,945934,123,642008,90,557847
2021-09-26,Delaware,945934,308,642316,82,557929
2021-09-27,Delaware,945934,29,642345,26,557955
2021-09-28,Delaware,945934,0,642345,0,557955
2021-09-29,Delaware,945934,3371,645716,3231,561186
2021-09-30,Delaware,945934,133,645849,83,561269
2021-10-01,Delaware,945934,121,645970,74,561343
2021-10-02,Delaware,945934,2475,648445,2384,563727
2021-10-03,Delaware,945934,203,648648,71,563798
2021-10-04,Delaware,945934,112,648760,40,563838
2021-10-05,Delaware,945934,61,648821,34,563872
2021-10-06,Delaware,945934,3476,652297,2746,566618
2021-10-07,Delaware,945934,1047,653344,869,567487
2021-10-08,Delaware,945934,1352,654696,1212,568699
2021-10-09,Delaware,945934,174,654870,102,568801
2021-10-10,Delaware,945934,0,654870,0,568801
2021-10-11,Delaware,945934,0,654870,0,568801
2021-10-12,Delaware,945934,2301,657171,1515,570316
2021-10-13,Delaware,945934,519,657690,447,570763
2021-10-14,Delaware,945934,1105,658795,1409,572172
2021-10-15,Delaware,945934,911,659706,847,573019
2021-10-16,Delaware,945934,663,660369,505,573524
2021-10-17,Delaware,945934,1127,661496,1078,574602
2021-10-18,Delaware,945934,798,662294,638,575240
2021-10-19,Delaware,945934,553,662847,499,575739
2021-10-20,Delaware,945934,684,663531,630,576369
2021-10-21,Delaware,945934,907,664438,926,577295
2021-10-22,Delaware,945934,1289,665727,1042,578337
2021-10-23,Delaware,945934,818,666545,716,579053
2021-10-24,Delaware,945934,948,667493,754,579807
2021-10-25,Delaware,945934,687,668180,559,580366
2021-10-26,Delaware,945934,581,668761,363,580729
2021-10-27,Delaware,945934,781,669542,540,581269
2021-10-28,Delaware,945934,307,669849,106,581375
2021-10-29,Delaware,945934,138,669987,58,581433
2021-10-30,Delaware,945934,190,670177,50,581483
2021-10-31,Delaware,945934,269,670446,101,581584
2021-11-01,Delaware,945934,156,670602,55,581639
2021-11-02,Delaware,945934,5624,676226,3786,585425
2021-11-03,Delaware,945934,245,676471,71,585496
2021-11-04,Delaware,945934,282,676753,119,585615
2021-11-05,Delaware,945934,185,676938,90,585705
2021-11-06,Delaware,945934,257,677195,106,585811
2021-11-07,Delaware,945934,229,677424,90,585901
2021-11-08,Delaware,945934,113,677537,107,586008
2021-11-09,Delaware,945934,5113,682650,2963,588971
2021-11-10,Delaware,945934,200,682850,78,589049
2021-11-11,Delaware,945934,0,682850,0,589049
2021-11-12,Delaware,945934,428,683278,136,589185
2021-11-13,Delaware,945934,297,683575,82,589267
2021-11-14,Delaware,945934,206,683781,65,589332
2021-11-15,Delaware,945934,169,683950,21,589353
2021-11-16,Delaware,945934,207,684157,50,589403
2021-11-17,Delaware,945934,9362,693519,3746,593149
2021-11-18,Delaware,945934,0,693519,0,593149
2021-11-19,Delaware,945934,255,693774,92,593241
2021-11-20,Delaware,945934,213,693987,80,593321
2021-11-21,Delaware,945934,291,694278,77,593398
2021-11-22,Delaware,945934,428,694706,90,593488
2021-11-23,Delaware,945934,0,694706,0,593488
2021-11-24,Delaware,945934,255,694961,-193,593295
2021-11-25,Delaware,945934,0,694961,0,593295
2021-11-26,Delaware,945934,0,694961,0,593295
2021-11-27,Delaware,945934,0,694961,0,593295
2021-11-28,Delaware,945934,0,694961,0,593295
2021-11-29,Delaware,945934,0,694961,0,593295
2021-11-30,Delaware,945934,16564,711525,6537,599832
2021-12-01,Delaware,945934,159,711684,67,599899
2021-12-02,Delaware,945934,2254,713938,1728,601627
2021-12-03,Delaware,945934,1147,715085,736,602363
2021-12-04,Delaware,945934,280,715365,87,602450
2021-12-05,Delaware,945934,172,715537,37,602487
2021-12-06,Delaware,945934,235,715772,98,602585
2021-12-07,Delaware,945934,210,715982,81,602666
2021-12-08,Delaware,945934,6273,722255,4952,607618
2021-12-09,Delaware,945934,2193,724448,1597,609215
2021-12-10,Delaware,945934,1618,726066,1007,610222
2021-12-11,Delaware,945934,1705,727771,1232,611454
2021-12-12,Delaware,945934,213,727984,54,611508
2021-12-13,Delaware,945934,164,728148,52,611560
2021-12-14,Delaware,945934,127,728275,52,611612
2021-12-15,Delaware,945934,0,728275,0,611612
2021-12-16,Delaware,945934,3912,732187,3779,615391
2021-12-17,Delaware,945934,2312,734499,1999,617390
2021-12-18,Delaware,945934,0,734499,0,617390
2021-12-19,Delaware,945934,1645,736144,895,618285
2021-12-20,Delaware,945934,231,736375,58,618343
2021-12-21,Delaware,945934,-499,735876,461,618804
2021-12-22,Delaware,945934,3593,739469,2247,621051
2021-12-23,Delaware,945934,1569,741038,840,621891
2021-12-24,Delaware,945934,0,741038,0,621891
2021-12-25,Delaware,945934,0,741038,0,621891
2021-12-26,Delaware,945934,0,741038,0,621891
2021-12-27,Delaware,945934,1898,742936,933,622824
2021-12-28,Delaware,945934,1254,744190,659,623483
2021-12-29,Delaware,945934,1005,745195,595,624078
2021-12-30,Delaware,945934,1283,746478,730,624808
2021-12-31,Delaware,945934,0,746478,0,624808
2022-01-01,Delaware,945934,0,746478,0,624808
2022-01-02,Delaware,945934,0,746478,0,624808
2022-01-03,Delaware,945934,0,746478,0,624808
2022-01-04,Delaware,945934,4437,750915,2434,627242
2022-01-05,Delaware,945934,682,751597,523,627765
2022-01-06,Delaware,945934,0,751597,0,627765
2022-01-07,Delaware,945934,238,751835,43,627808
2022-01-08,Delaware,945934,3585,755420,1924,629732
2022-01-09,Delaware,945934,254,755674,53,629785
2022-01-10,Delaware,945934,146,755820,37,629822
2022-01-11,Delaware,945934,2317,758137,1465,631287
2022-01-12,Delaware,945934,242,758379,58,631345
2022-01-13,Delaware,945934,1904,760283,1178,632523
2022-01-14,Delaware,945934,1406,761689,807,633330
2022-01-15,Delaware,945934,0,761689,0,633330
2022-01-16,Delaware,945934,1642,763331,666,633996
2022-01-17,Delaware,945934,0,763331,0,633996
2022-01-18,Delaware,945934,544,763875,72,634068
2022-01-19,Delaware,945934,8116,771991,4603,638671
2022-01-20,Delaware,945934,1117,773108,675,639346
2022-01-21,Delaware,945934,1098,774206,724,640070
2022-01-22,Delaware,945934,1347,775553,767,640837
2022-01-23,Delaware,945934,181,775734,60,640897
2022-01-24,Delaware,945934,135,775869,25,640922
2022-01-25,Delaware,945934,2343,778212,1258,642180
2022-01-26,Delaware,945934,765,778977,436,642616
2022-01-27,Delaware,945934,969,779946,597,643213
2022-01-28,Delaware,945934,975,780921,661,643874
2022-01-29,Delaware,945934,1026,781947,716,644590
2022-01-30,Delaware,945934,119,782066,53,644643
2022-01-31,Delaware,945934,0,782066,0,644643
2022-02-01,Delaware,945934,1656,783722,1144,645787
2022-02-02,Delaware,945934,486,784208,407,646194
2022-02-03,Delaware,945934,0,784208,0,646194
2022-02-04,Delaware,945934,1427,785635,1231,647425
2022-02-05,Delaware,945934,806,786441,702,648127
2022-02-06,Delaware,945934,106,786547,55,648182
2022-02-07,Delaware,945934,53,786600,33,648215
2022-02-08,Delaware,945934,1374,787974,1387,649602
2022-02-09,Delaware,945934,0,787974,0,649602
2021-07-01,Florida,20271272,26391,11546951,26352,9868893
2021-07-02,Florida,20271272,26114,11573065,30645,9899538
2021-07-03,Florida,20271272,23729,11596794,23022,9922560
2021-07-04,Florida,20271272,45342,11642136,45787,9968347
2021-07-05,Florida,20271272,0,11642136,0,9968347
2021-07-06,Florida,20271272,17865,11660001,14932,9983279
2021-07-07,Florida,20271272,7861,11667862,7376,9990655
2021-07-08,Florida,20271272,25350,11693212,25182,10015837
2021-07-09,Florida,20271272,24165,11717377,23743,10039580
2021-07-10,Florida,20271272,23544,11740921,25183,10064763
2021-07-11,Florida,20271272,22733,11763654,22042,10086805
2021-07-12,Florida,20271272,24294,11787948,22716,10109521
2021-07-13,Florida,20271272,18736,11806684,15185,10124706
2021-07-14,Florida,20271272,18528,11825212,18150,10142856
2021-07-15,Florida,20271272,24498,11849710,23495,10166351
2021-07-16,Florida,20271272,1444,11851154,1385,10167736
2021-07-17,Florida,20271272,52002,11903156,53098,10220834
2021-07-18,Florida,20271272,24147,11927303,20163,10240997
2021-07-19,Florida,20271272,25015,11952318,19283,10260280
2021-07-20,Florida,20271272,0,11952318,0,10260280
2021-07-21,Florida,20271272,46276,11998594,35826,10296106
2021-07-22,Florida,20271272,32471,12031065,24847,10320953
2021-07-23,Florida,20271272,32689,12063754,21109,10342062
2021-07-24,Florida,20271272,25928,12089682,16396,10358458
2021-07-25,Florida,20271272,88277,12177959,49085,10407543
2021-07-26,Florida,20271272,723,12178682,246,10407789
2021-07-27,Florida,20271272,32164,12210846,14610,10422399
2021-07-28,Florida,20271272,37498,12248344,13396,10435795
2021-07-29,Florida,20271272,47424,12295768,20555,10456350
2021-07-30,Florida,20271272,48656,12344424,18624,10474974
2021-07-31,Florida,20271272,48571,12392995,22238,10497212
2021-08-01,Florida,20271272,56526,12449521,21307,10518519
2021-08-02,Florida,20271272,47617,12497138,16555,10535074
2021-08-03,Florida,20271272,41813,12538951,16857,10551931
2021-08-04,Florida,20271272,42613,12581564,16064,10567995
2021-08-05,Florida,20271272,56313,12637877,20377,10588372
2021-08-06,Florida,20271272,57422,12695299,20967,10609339
2021-08-07,Florida,20271272,57659,12752958,21351,10630690
2021-08-08,Florida,20271272,54921,12807879,20381,10651071
2021-08-09,Florida,20271272,48776,12856655,19312,10670383
2021-08-10,Florida,20271272,35393,12892048,14500,10684883
2021-08-11,Florida,20271272,41829,12933877,19224,10704107
2021-08-12,Florida,20271272,33226,12967103,16676,10720783
2021-08-13,Florida,20271272,55673,13022776,26210,10746993
2021-08-14,Florida,20271272,60328,13083104,33751,10780744
2021-08-15,Florida,20271272,51241,13134345,32542,10813286
2021-08-16,Florida,20271272,40594,13174939,29507,10842793
2021-08-17,Florida,20271272,34177,13209116,20711,10863504
2021-08-18,Florida,20271272,33145,13242261,28428,10891932
2021-08-19,Florida,20271272,41678,13283939,34243,10926175
2021-08-20,Florida,20271272,44449,13328388,35820,10961995
2021-08-21,Florida,20271272,42000,13370388,36499,10998494
2021-08-22,Florida,20271272,69992,13440380,75395,11073889
2021-08-23,Florida,20271272,1486,13441866,609,11074498
2021-08-24,Florida,20271272,25508,13467374,27986,11102484
2021-08-25,Florida,20271272,33166,13500540,34800,11137284
2021-08-26,Florida,20271272,2312,13502852,1149,11138433
2021-08-27,Florida,20271272,71511,13574363,81554,11219987
2021-08-28,Florida,20271272,0,13574363,0,11219987
2021-08-29,Florida,20271272,76219,13650582,85565,11305552
2021-08-30,Florida,20271272,31504,13682086,45099,11350651
2021-08-31,Florida,20271272,22972,13705058,32821,11383472
2021-09-01,Florida,20271272,31318,13736376,39987,11423459
2021-09-02,Florida,20271272,36773,13773149,44913,11468372
2021-09-03,Florida,20271272,33419,13806568,39878,11508250
2021-09-04,Florida,20271272,33056,13839624,38590,11546840
2021-09-05,Florida,20271272,0,13839624,0,11546840
2021-09-06,Florida,20271272,0,13839624,0,11546840
2021-09-07,Florida,20271272,3964,13843588,1698,11548538
2021-09-08,Florida,20271272,97747,13941335,124609,11673147
2021-09-09,Florida,20271272,14289,13955624,18116,11691263
2021-09-10,Florida,20271272,27770,13983394,45299,11736562
2021-09-11,Florida,20271272,27847,14011241,36050,11772612
2021-09-12,Florida,20271272,27968,14039209,36802,11809414
2021-09-13,Florida,20271272,0,14039209,0,11809414
2021-09-14,Florida,20271272,46749,14085958,63152,11872566
2021-09-15,Florida,20271272,21652,14107610,28065,11900631
2021-09-16,Florida,20271272,26264,14133874,33509,11934140
2021-09-17,Florida,20271272,22856,14156730,32153,11966293
2021-09-18,Florida,20271272,18813,14175543,26212,11992505
2021-09-19,Florida,20271272,2121,14177664,1227,11993732
2021-09-20,Florida,20271272,41499,14219163,65528,12059260
2021-09-21,Florida,20271272,14530,14233693,22551,12081811
2021-09-22,Florida,20271272,12700,14246393,19025,12100836
2021-09-23,Florida,20271272,19084,14265477,29794,12130630
2021-09-24,Florida,20271272,15359,14280836,23649,12154279
2021-09-25,Florida,20271272,19924,14300760,33413,12187692
2021-09-26,Florida,20271272,18609,14319369,30813,12218505
2021-09-27,Florida,20271272,15875,14335244,26120,12244625
2021-09-28,Florida,20271272,0,14335244,0,12244625
2021-09-29,Florida,20271272,14149,14349393,19485,12264110
2021-09-30,Florida,20271272,27718,14377111,36932,12301042
2021-10-01,Florida,20271272,14972,14392083,18142,12319184
2021-10-02,Florida,20271272,10561,14402644,12543,12331727
2021-10-03,Florida,20271272,3493,14406137,810,12332537
2021-10-04,Florida,20271272,43249,14449386,70546,12403083
2021-10-05,Florida,20271272,11879,14461265,18206,12421289
2021-10-06,Florida,20271272,14929,14476194,20112,12441401
2021-10-07,Florida,20271272,11136,14487330,12570,12453971
2021-10-08,Florida,20271272,25453,14512783,32002,12485973
2021-10-09,Florida,20271272,15618,14528401,19116,12505089
2021-10-10,Florida,20271272,0,14528401,0,12505089
2021-10-11,Florida,20271272,0,14528401,0,12505089
2021-10-12,Florida,20271272,29835,14558236,40711,12545800
2021-10-13,Florida,20271272,12623,14570859,14964,12560764
2021-10-14,Florida,20271272,18397,14589256,23455,12584219
2021-10-15,Florida,20271272,14578,14603834,17304,12601523
2021-10-16,Florida,20271272,13790,14617624,15362,12616885
2021-10-17,Florida,20271272,15999,14633623,19172,12636057
2021-10-18,Florida,20271272,11934,14645557,14936,12650993
2021-10-19,Florida,20271272,8555,14654112,9659,12660652
2021-10-20,Florida,20271272,13668,14667780,15016,12675668
2021-10-21,Florida,20271272,1814,14669594,1019,12676687
2021-10-22,Florida,20271272,54472,14724066,45222,12721909
2021-10-23,Florida,20271272,12735,14736801,13205,12735114
2021-10-24,Florida,20271272,12332,14749133,12553,12747667
2021-10-25,Florida,20271272,8862,14757995,8790,12756457
2021-10-26,Florida,20271272,8692,14766687,7974,12764431
2021-10-27,Florida,20271272,15584,14782271,13415,12777846
2021-10-28,Florida,20271272,18335,14800606,15430,12793276
2021-10-29,Florida,20271272,13266,14813872,11168,12804444
2021-10-30,Florida,20271272,16085,14829957,13195,12817639
2021-10-31,Florida,20271272,16733,14846690,14796,12832435
2021-11-01,Florida,20271272,11892,14858582,10824,12843259
2021-11-02,Florida,20271272,8419,14867001,6964,12850223
2021-11-03,Florida,20271272,12878,14879879,10570,12860793
2021-11-04,Florida,20271272,14370,14894249,12160,12872953
2021-11-05,Florida,20271272,11433,14905682,9227,12882180
2021-11-06,Florida,20271272,12246,14917928,9653,12891833
2021-11-07,Florida,20271272,15928,14933856,12562,12904395
2021-11-08,Florida,20271272,22935,14956791,19290,12923685
2021-11-09,Florida,20271272,17071,14973862,6185,12929870
2021-11-10,Florida,20271272,19878,14993740,9776,12939646
2021-11-11,Florida,20271272,0,14993740,0,12939646
2021-11-12,Florida,20271272,55587,15049327,28861,12968507
2021-11-13,Florida,20271272,27317,15076644,14683,12983190
2021-11-14,Florida,20271272,30392,15107036,16923,13000113
2021-11-15,Florida,20271272,24109,15131145,9486,13009599
2021-11-16,Florida,20271272,17552,15148697,6881,13016480
2021-11-17,Florida,20271272,24811,15173508,13550,13030030
2021-11-18,Florida,20271272,0,15173508,0,13030030
2021-11-19,Florida,20271272,23231,15196739,12021,13042051
2021-11-20,Florida,20271272,21035,15217774,10876,13052927
2021-11-21,Florida,20271272,21296,15239070,10915,13063842
2021-11-22,Florida,20271272,42840,15281910,20741,13084583
2021-11-23,Florida,20271272,0,15281910,0,13084583
2021-11-24,Florida,20271272,36928,15318838,16210,13100793
2021-11-25,Florida,20271272,0,15318838,0,13100793
2021-11-26,Florida,20271272,0,15318838,0,13100793
2021-11-27,Florida,20271272,0,15318838,0,13100793
2021-11-28,Florida,20271272,0,15318838,0,13100793
2021-11-29,Florida,20271272,0,15318838,0,13100793
2021-11-30,Florida,20271272,103612,15422450,83539,13184332
2021-12-01,Florida,20271272,15085,15437535,14494,13198826
2021-12-02,Florida,20271272,30759,15468294,28826,13227652
2021-12-03,Florida,20271272,17499,15485793,13012,13240664
2021-12-04,Florida,20271272,31156,15516949,24827,13265491
2021-12-05,Florida,20271272,24575,15541524,20472,13285963
2021-12-06,Florida,20271272,21134,15562658,21195,13307158
2021-12-07,Florida,20271272,13477,15576135,14420,13321578
2021-12-08,Florida,20271272,1924,15578059,775,13322353
2021-12-09,Florida,20271272,1765,15579824,507,13322860
2021-12-10,Florida,20271272,61030,15640854,49544,13372404
2021-12-11,Florida,20271272,21339,15662193,16180,13388584
2021-12-12,Florida,20271272,19654,15681847,14569,13403153
2021-12-13,Florida,20271272,19411,15701258,17606,13420759
2021-12-14,Florida,20271272,8737,15709995,6818,13427577
2021-12-15,Florida,20271272,0,15709995,0,13427577
2021-12-16,Florida,20271272,20508,15730503,17891,13445468
2021-12-17,Florida,20271272,36476,15766979,27176,13472644
2021-12-18,Florida,20271272,0,15766979,0,13472644
2021-12-19,Florida,20271272,41934,15808913,23601,13496245
2021-12-20,Florida,20271272,18943,15827856,12425,13508670
2021-12-21,Florida,20271272,14745,15842601,8627,13517297
2021-12-22,Florida,20271272,18961,15861562,10460,13527757
2021-12-23,Florida,20271272,26038,15887600,13589,13541346
2021-12-24,Florida,20271272,0,15887600,0,13541346
2021-12-25,Florida,20271272,0,15887600,0,13541346
2021-12-26,Florida,20271272,0,15887600,0,13541346
2021-12-27,Florida,20271272,27991,15915591,14299,13555645
2021-12-28,Florida,20271272,44459,15960050,26132,13581777
2021-12-29,Florida,20271272,16166,15976216,11142,13592919
2021-12-30,Florida,20271272,24924,16001140,14520,13607439
2021-12-31,Florida,20271272,0,16001140,0,13607439
2022-01-01,Florida,20271272,0,16001140,0,13607439
2022-01-02,Florida,20271272,0,16001140,0,13607439
2022-01-03,Florida,20271272,0,16001140,0,13607439
2022-01-04,Florida,20271272,76530,16077670,41241,13648680
2022-01-05,Florida,20271272,15542,16093212,10431,13659111
2022-01-06,Florida,20271272,0,16093212,0,13659111
2022-01-07,Florida,20271272,1441,16094653,446,13659557
2022-01-08,Florida,20271272,59509,16154162,33731,13693288
2022-01-09,Florida,20271272,20671,16174833,11453,13704741
2022-01-10,Florida,20271272,17878,16192711,11055,13715796
2022-01-11,Florida,20271272,13345,16206056,7553,13723349
2022-01-12,Florida,20271272,16799,16222855,9112,13732461
2022-01-13,Florida,20271272,19414,16242269,11934,13744395
2022-01-14,Florida,20271272,16887,16259156,10483,13754878
2022-01-15,Florida,20271272,0,16259156,0,13754878
2022-01-16,Florida,20271272,17045,16276201,10351,13765229
2022-01-17,Florida,20271272,0,16276201,0,13765229
2022-01-18,Florida,20271272,42554,16318755,21150,13786379
2022-01-19,Florida,20271272,126258,16445013,80178,13866557
2022-01-20,Florida,20271272,-3288,16441725,88,13866645
2022-01-21,Florida,20271272,37863,16479588,26875,13893520
2022-01-22,Florida,20271272,11706,16491294,9573,13903093
2022-01-23,Florida,20271272,11552,16502846,9818,13912911
2022-01-24,Florida,20271272,11597,16514443,7864,13920775
2022-01-25,Florida,20271272,8857,16523300,4564,13925339
2022-01-26,Florida,20271272,11865,16535165,8084,13933423
2022-01-27,Florida,20271272,9635,16544800,10276,13943699
2022-01-28,Florida,20271272,10012,16554812,9688,13953387
2022-01-29,Florida,20271272,9226,16564038,8995,13962382
2022-01-30,Florida,20271272,9573,16573611,9473,13971855
2022-01-31,Florida,20271272,0,16573611,0,13971855
2022-02-01,Florida,20271272,15322,16588933,16030,13987885
2022-02-02,Florida,20271272,8842,16597775,7519,13995404
2022-02-03,Florida,20271272,0,16597775,0,13995404
2022-02-04,Florida,20271272,15042,16612817,16087,14011491
2022-02-05,Florida,20271272,8788,16621605,8648,14020139
2022-02-06,Florida,20271272,8827,16630432,9281,14029420
2022-02-07,Florida,20271272,7712,16638144,9100,14038520
2022-02-08,Florida,20271272,8809,16646953,6401,14044921
2022-02-09,Florida,20271272,0,16646953,0,14044921
2021-07-01,Georgia,10214860,15046,4613167,8662,3893218
2021-07-02,Georgia,10214860,646,4613813,953,3894171
2021-07-03,Georgia,10214860,23191,4637004,16143,3910314
2021-07-04,Georgia,10214860,494,4637498,384,3910698
2021-07-05,Georgia,10214860,0,4637498,0,3910698
2021-07-06,Georgia,10214860,17700,4655198,16134,3926832
2021-07-07,Georgia,10214860,7464,4662662,6136,3932968
2021-07-08,Georgia,10214860,10952,4673614,8502,3941470
2021-07-09,Georgia,10214860,523,4674137,532,3942002
2021-07-10,Georgia,10214860,798,4674935,673,3942675
2021-07-11,Georgia,10214860,842,4675777,871,3943546
2021-07-12,Georgia,10214860,29183,4704960,26255,3969801
2021-07-13,Georgia,10214860,221,4705181,133,3969934
2021-07-14,Georgia,10214860,11511,4716692,9937,3979871
2021-07-15,Georgia,10214860,628,4717320,432,3980303
2021-07-16,Georgia,10214860,613,4717933,688,3980991
2021-07-17,Georgia,10214860,680,4718613,547,3981538
2021-07-18,Georgia,10214860,721,4719334,466,3982004
2021-07-19,Georgia,10214860,49702,4769036,45074,4027078
2021-07-20,Georgia,10214860,0,4769036,0,4027078
2021-07-21,Georgia,10214860,14384,4783420,10058,4037136
2021-07-22,Georgia,10214860,895,4784315,383,4037519
2021-07-23,Georgia,10214860,729,4785044,440,4037959
2021-07-24,Georgia,10214860,723,4785767,493,4038452
2021-07-25,Georgia,10214860,1053,4786820,466,4038918
2021-07-26,Georgia,10214860,329,4787149,120,4039038
2021-07-27,Georgia,10214860,325,4787474,112,4039150
2021-07-28,Georgia,10214860,81198,4868672,45845,4084995
2021-07-29,Georgia,10214860,18065,4886737,8549,4093544
2021-07-30,Georgia,10214860,23532,4910269,10375,4103919
2021-07-31,Georgia,10214860,1299,4911568,860,4104779
2021-08-01,Georgia,10214860,1449,4913017,497,4105276
2021-08-02,Georgia,10214860,587,4913604,190,4105466
2021-08-03,Georgia,10214860,573,4914177,177,4105643
2021-08-04,Georgia,10214860,1124,4915301,579,4106222
2021-08-05,Georgia,10214860,94738,5010039,39647,4145869
2021-08-06,Georgia,10214860,1102,5011141,445,4146314
2021-08-07,Georgia,10214860,1152,5012293,624,4146938
2021-08-08,Georgia,10214860,905,5013198,398,4147336
2021-08-09,Georgia,10214860,702,5013900,202,4147538
2021-08-10,Georgia,10214860,72062,5085962,28140,4175678
2021-08-11,Georgia,10214860,16432,5102394,7106,4182784
2021-08-12,Georgia,10214860,982,5103376,595,4183379
2021-08-13,Georgia,10214860,1187,5104563,720,4184099
2021-08-14,Georgia,10214860,1235,5105798,535,4184634
2021-08-15,Georgia,10214860,945,5106743,552,4185186
2021-08-16,Georgia,10214860,70226,5176969,34162,4219348
2021-08-17,Georgia,10214860,521,5177490,-368,4218980
2021-08-18,Georgia,10214860,987,5178477,539,4219519
2021-08-19,Georgia,10214860,71536,5250013,42667,4262186
2021-08-20,Georgia,10214860,1488,5251501,922,4263108
2021-08-21,Georgia,10214860,44092,5295593,28623,4291731
2021-08-22,Georgia,10214860,1303,5296896,939,4292670
2021-08-23,Georgia,10214860,639,5297535,447,4293117
2021-08-24,Georgia,10214860,714,5298249,361,4293478
2021-08-25,Georgia,10214860,58956,5357205,48576,4342054
2021-08-26,Georgia,10214860,962,5358167,623,4342677
2021-08-27,Georgia,10214860,1504,5359671,1225,4343902
2021-08-28,Georgia,10214860,0,5359671,0,4343902
2021-08-29,Georgia,10214860,39169,5398840,31863,4375765
2021-08-30,Georgia,10214860,526,5399366,401,4376166
2021-08-31,Georgia,10214860,809,5400175,530,4376696
2021-09-01,Georgia,10214860,80431,5480606,67821,4444517
2021-09-02,Georgia,10214860,1489,5482095,823,4445340
2021-09-03,Georgia,10214860,33536,5515631,22485,4467825
2021-09-04,Georgia,10214860,1304,5516935,859,4468684
2021-09-05,Georgia,10214860,0,5516935,0,4468684
2021-09-06,Georgia,10214860,0,5516935,0,4468684
2021-09-07,Georgia,10214860,1500,5518435,921,4469605
2021-09-08,Georgia,10214860,80503,5598938,70130,4539735
2021-09-09,Georgia,10214860,1060,5599998,674,4540409
2021-09-10,Georgia,10214860,1652,5601650,1133,4541542
2021-09-11,Georgia,10214860,1790,5603440,898,4542440
2021-09-12,Georgia,10214860,1897,5605337,933,4543373
2021-09-13,Georgia,10214860,0,5605337,0,4543373
2021-09-14,Georgia,10214860,3333,5608670,1590,4544963
2021-09-15,Georgia,10214860,72377,5681047,77037,4622000
2021-09-16,Georgia,10214860,1461,5682508,898,4622898
2021-09-17,Georgia,10214860,27146,5709654,34383,4657281
2021-09-18,Georgia,10214860,19294,5728948,20680,4677961
2021-09-19,Georgia,10214860,1122,5730070,687,4678648
2021-09-20,Georgia,10214860,526,5730596,483,4679131
2021-09-21,Georgia,10214860,640,5731236,541,4679672
2021-09-22,Georgia,10214860,26569,5757805,38577,4718249
2021-09-23,Georgia,10214860,12531,5770336,18830,4737079
2021-09-24,Georgia,10214860,19595,5789931,28496,4765575
2021-09-25,Georgia,10214860,11282,5801213,18664,4784239
2021-09-26,Georgia,10214860,1027,5802240,1150,4785389
2021-09-27,Georgia,10214860,482,5802722,282,4785671
2021-09-28,Georgia,10214860,0,5802722,0,4785671
2021-09-29,Georgia,10214860,18184,5820906,27940,4813611
2021-09-30,Georgia,10214860,7699,5828605,9720,4823331
2021-10-01,Georgia,10214860,758,5829363,783,4824114
2021-10-02,Georgia,10214860,18871,5848234,29644,4853758
2021-10-03,Georgia,10214860,749,5848983,442,4854200
2021-10-04,Georgia,10214860,884,5849867,529,4854729
2021-10-05,Georgia,10214860,547,5850414,412,4855141
2021-10-06,Georgia,10214860,27434,5877848,46083,4901224
2021-10-07,Georgia,10214860,486,5878334,302,4901526
2021-10-08,Georgia,10214860,1854,5880188,1143,4902669
2021-10-09,Georgia,10214860,20473,5900661,29995,4932664
2021-10-10,Georgia,10214860,0,5900661,0,4932664
2021-10-11,Georgia,10214860,0,5900661,0,4932664
2021-10-12,Georgia,10214860,1156,5901817,660,4933324
2021-10-13,Georgia,10214860,18419,5920236,25330,4958654
2021-10-14,Georgia,10214860,7885,5928121,14597,4973251
2021-10-15,Georgia,10214860,11868,5939989,17381,4990632
2021-10-16,Georgia,10214860,8368,5948357,12344,5002976
2021-10-17,Georgia,10214860,900,5949257,854,5003830
2021-10-18,Georgia,10214860,488,5949745,349,5004179
2021-10-19,Georgia,10214860,1366,5951111,1340,5005519
2021-10-20,Georgia,10214860,893,5952004,620,5006139
2021-10-21,Georgia,10214860,600,5952604,515,5006654
2021-10-22,Georgia,10214860,35158,5987762,43911,5050565
2021-10-23,Georgia,10214860,809,5988571,549,5051114
2021-10-24,Georgia,10214860,662,5989233,559,5051673
2021-10-25,Georgia,10214860,336,5989569,116,5051789
2021-10-26,Georgia,10214860,22079,6011648,31136,5082925
2021-10-27,Georgia,10214860,7190,6018838,8471,5091396
2021-10-28,Georgia,10214860,1372,6020210,520,5091916
2021-10-29,Georgia,10214860,714,6020924,480,5092396
2021-10-30,Georgia,10214860,19588,6040512,23488,5115884
2021-10-31,Georgia,10214860,856,6041368,514,5116398
2021-11-01,Georgia,10214860,767,6042135,364,5116762
2021-11-02,Georgia,10214860,639,6042774,247,5117009
2021-11-03,Georgia,10214860,19825,6062599,24530,5141539
2021-11-04,Georgia,10214860,6717,6069316,7392,5148931
2021-11-05,Georgia,10214860,756,6070072,466,5149397
2021-11-06,Georgia,10214860,12283,6082355,11509,5160906
2021-11-07,Georgia,10214860,864,6083219,381,5161287
2021-11-08,Georgia,10214860,2044,6085263,1484,5162771
2021-11-09,Georgia,10214860,22036,6107299,16016,5178787
2021-11-10,Georgia,10214860,854,6108153,701,5179488
2021-11-11,Georgia,10214860,0,6108153,0,5179488
2021-11-12,Georgia,10214860,2583,6110736,1141,5180629
2021-11-13,Georgia,10214860,1031,6111767,288,5180917
2021-11-14,Georgia,10214860,872,6112639,316,5181233
2021-11-15,Georgia,10214860,666,6113305,147,5181380
2021-11-16,Georgia,10214860,42785,6156090,21246,5202626
2021-11-17,Georgia,10214860,933,6157023,363,5202989
2021-11-18,Georgia,10214860,0,6157023,0,5202989
2021-11-19,Georgia,10214860,21828,6178851,13918,5216907
2021-11-20,Georgia,10214860,1126,6179977,621,5217528
2021-11-21,Georgia,10214860,18554,6198531,11678,5229206
2021-11-22,Georgia,10214860,1746,6200277,553,5229759
2021-11-23,Georgia,10214860,0,6200277,0,5229759
2021-11-24,Georgia,10214860,22904,6223181,12026,5241785
2021-11-25,Georgia,10214860,0,6223181,0,5241785
2021-11-26,Georgia,10214860,0,6223181,0,5241785
2021-11-27,Georgia,10214860,0,6223181,0,5241785
2021-11-28,Georgia,10214860,0,6223181,0,5241785
2021-11-29,Georgia,10214860,0,6223181,0,5241785
2021-11-30,Georgia,10214860,46877,6270058,27787,5269572
2021-12-01,Georgia,10214860,6901,6276959,5485,5275057
2021-12-02,Georgia,10214860,11787,6288746,6398,5281455
2021-12-03,Georgia,10214860,9701,6298447,8143,5289598
2021-12-04,Georgia,10214860,6206,6304653,-48495,5241103
2021-12-05,Georgia,10214860,1136,6305789,519,5241622
2021-12-06,Georgia,10214860,699,6306488,173,5241795
2021-12-07,Georgia,10214860,20007,6326495,24620,5266415
2021-12-08,Georgia,10214860,9813,6336308,8712,5275127
2021-12-09,Georgia,10214860,9392,6345700,9156,5284283
2021-12-10,Georgia,10214860,9046,6354746,8725,5293008
2021-12-11,Georgia,10214860,10123,6364869,9658,5302666
2021-12-12,Georgia,10214860,763,6365632,209,5302875
2021-12-13,Georgia,10214860,530,6366162,152,5303027
2021-12-14,Georgia,10214860,13761,6379923,16050,5319077
2021-12-15,Georgia,10214860,0,6379923,0,5319077
2021-12-16,Georgia,10214860,9362,6389285,9971,5329048
2021-12-17,Georgia,10214860,15212,6404497,17095,5346143
2021-12-18,Georgia,10214860,0,6404497,0,5346143
2021-12-19,Georgia,10214860,8246,6412743,7545,5353688
2021-12-20,Georgia,10214860,647,6413390,155,5353843
2021-12-21,Georgia,10214860,14602,6427992,13795,5367638
2021-12-22,Georgia,10214860,10475,6438467,9298,5376936
2021-12-23,Georgia,10214860,1526,6439993,359,5377295
2021-12-24,Georgia,10214860,0,6439993,0,5377295
2021-12-25,Georgia,10214860,0,6439993,0,5377295
2021-12-26,Georgia,10214860,0,6439993,0,5377295
2021-12-27,Georgia,10214860,2932,6442925,633,5377928
2021-12-28,Georgia,10214860,31197,6474122,24705,5402633
2021-12-29,Georgia,10214860,21736,6495858,13421,5416054
2021-12-30,Georgia,10214860,9335,6505193,7226,5423280
2021-12-31,Georgia,10214860,0,6505193,0,5423280
2022-01-01,Georgia,10214860,0,6505193,0,5423280
2022-01-02,Georgia,10214860,0,6505193,0,5423280
2022-01-03,Georgia,10214860,0,6505193,0,5423280
2022-01-04,Georgia,10214860,22110,6527303,15907,5439187
2022-01-05,Georgia,10214860,16587,6543890,12105,5451292
2022-01-06,Georgia,10214860,0,6543890,0,5451292
2022-01-07,Georgia,10214860,8819,6552709,6756,5458048
2022-01-08,Georgia,10214860,2110,6554819,643,5458691
2022-01-09,Georgia,10214860,741,6555560,189,5458880
2022-01-10,Georgia,10214860,587,6556147,107,5458987
2022-01-11,Georgia,10214860,841,6556988,233,5459220
2022-01-12,Georgia,10214860,37772,6594760,29303,5488523
2022-01-13,Georgia,10214860,8297,6603057,6766,5495289
2022-01-14,Georgia,10214860,7467,6610524,6296,5501585
2022-01-15,Georgia,10214860,0,6610524,0,5501585
2022-01-16,Georgia,10214860,892,6611416,431,5502016
2022-01-17,Georgia,10214860,0,6611416,0,5502016
2022-01-18,Georgia,10214860,1624,6613040,382,5502398
2022-01-19,Georgia,10214860,92713,6705753,55845,5558243
2022-01-20,Georgia,10214860,7319,6713072,5106,5563349
2022-01-21,Georgia,10214860,10461,6723533,10086,5573435
2022-01-22,Georgia,10214860,708,6724241,297,5573732
2022-01-23,Georgia,10214860,889,6725130,328,5574060
2022-01-24,Georgia,10214860,658,6725788,222,5574282
2022-01-25,Georgia,10214860,13479,6739267,14827,5589109
2022-01-26,Georgia,10214860,3282,6742549,2931,5592040
2022-01-27,Georgia,10214860,3952,6746501,4964,5597004
2022-01-28,Georgia,10214860,4782,6751283,6129,5603133
2022-01-29,Georgia,10214860,3993,6755276,5744,5608877
2022-01-30,Georgia,10214860,626,6755902,295,5609172
2022-01-31,Georgia,10214860,0,6755902,0,5609172
2022-02-01,Georgia,10214860,7318,6763220,9412,5618584
2022-02-02,Georgia,10214860,3133,6766353,4221,5622805
2022-02-03,Georgia,10214860,0,6766353,0,5622805
2022-02-04,Georgia,10214860,8512,6774865,8463,5631268
2022-02-05,Georgia,10214860,4282,6779147,5387,5636655
2022-02-06,Georgia,10214860,870,6780017,349,5637004
2022-02-07,Georgia,10214860,298,6780315,126,5637130
2022-02-08,Georgia,10214860,9796,6790111,14568,5651698
2022-02-09,Georgia,10214860,0,6790111,0,5651698
2021-07-01,Guam,161785,720,102154,1181,90755
2021-07-02,Guam,161785,31,102185,44,90799
2021-07-03,Guam,161785,828,103013,1051,91850
2021-07-04,Guam,161785,1,103014,2,91852
2021-07-05,Guam,161785,0,103014,0,91852
2021-07-06,Guam,161785,98,103112,141,91993
2021-07-07,Guam,161785,32,103144,51,92044
2021-07-08,Guam,161785,346,103490,413,92457
2021-07-09,Guam,161785,704,104194,1128,93585
2021-07-10,Guam,161785,37,104231,33,93618
2021-07-11,Guam,161785,8,104239,10,93628
2021-07-12,Guam,161785,412,104651,354,93982
2021-07-13,Guam,161785,17,104668,22,94004
2021-07-14,Guam,161785,14,104682,20,94024
2021-07-15,Guam,161785,617,105299,625,94649
2021-07-16,Guam,161785,218,105517,249,94898
2021-07-17,Guam,161785,369,105886,499,95397
2021-07-18,Guam,161785,1,105887,1,95398
2021-07-19,Guam,161785,2,105889,2,95400
2021-07-20,Guam,161785,0,105889,0,95400
2021-07-21,Guam,161785,481,106370,873,96273
2021-07-22,Guam,161785,4,106374,6,96279
2021-07-23,Guam,161785,514,106888,551,96830
2021-07-24,Guam,161785,24,106912,19,96849
2021-07-25,Guam,161785,176,107088,223,97072
2021-07-26,Guam,161785,1,107089,1,97073
2021-07-27,Guam,161785,5,107094,5,97078
2021-07-28,Guam,161785,33,107127,27,97105
2021-07-29,Guam,161785,609,107736,718,97823
2021-07-30,Guam,161785,279,108015,284,98107
2021-07-31,Guam,161785,414,108429,482,98589
2021-08-01,Guam,161785,6,108435,6,98595
2021-08-02,Guam,161785,177,108612,195,98790
2021-08-03,Guam,161785,1,108613,1,98791
2021-08-04,Guam,161785,208,108821,233,99024
2021-08-05,Guam,161785,150,108971,177,99201
2021-08-06,Guam,161785,32,109003,31,99232
2021-08-07,Guam,161785,306,109309,323,99555
2021-08-08,Guam,161785,2,109311,3,99558
2021-08-09,Guam,161785,1,109312,1,99559
2021-08-10,Guam,161785,25,109337,31,99590
2021-08-11,Guam,161785,237,109574,270,99860
2021-08-12,Guam,161785,356,109930,399,100259
2021-08-13,Guam,161785,23,109953,23,100282
2021-08-14,Guam,161785,41,109994,37,100319
2021-08-15,Guam,161785,4,109998,3,100322
2021-08-16,Guam,161785,756,110754,499,100821
2021-08-17,Guam,161785,5,110759,12,100833
2021-08-18,Guam,161785,151,110910,108,100941
2021-08-19,Guam,161785,244,111154,152,101093
2021-08-20,Guam,161785,20,111174,13,101106
2021-08-21,Guam,161785,957,112131,651,101757
2021-08-22,Guam,161785,4,112135,0,101757
2021-08-23,Guam,161785,2,112137,1,101758
2021-08-24,Guam,161785,32,112169,20,101778
2021-08-25,Guam,161785,950,113119,544,102322
2021-08-26,Guam,161785,1262,114381,810,103132
2021-08-27,Guam,161785,62,114443,35,103167
2021-08-28,Guam,161785,0,114443,0,103167
2021-08-29,Guam,161785,164,114607,80,103247
2021-08-30,Guam,161785,2078,116685,797,104044
2021-08-31,Guam,161785,49,116734,43,104087
2021-09-01,Guam,161785,45,116779,49,104136
2021-09-02,Guam,161785,1099,117878,414,104550
2021-09-03,Guam,161785,94,117972,60,104610
2021-09-04,Guam,161785,716,118688,281,104891
2021-09-05,Guam,161785,0,118688,0,104891
2021-09-06,Guam,161785,0,118688,0,104891
2021-09-07,Guam,161785,933,119621,271,105162
2021-09-08,Guam,161785,226,119847,416,105578
2021-09-09,Guam,161785,271,120118,75,105653
2021-09-10,Guam,161785,776,120894,489,106142
2021-09-11,Guam,161785,1110,122004,695,106837
2021-09-12,Guam,161785,16,122020,16,106853
2021-09-13,Guam,161785,0,122020,0,106853
2021-09-14,Guam,161785,266,122286,94,106947
2021-09-15,Guam,161785,61,122347,39,106986
2021-09-16,Guam,161785,1102,123449,920,107906
2021-09-17,Guam,161785,366,123815,285,108191
2021-09-18,Guam,161785,368,124183,479,108670
2021-09-19,Guam,161785,93,124276,132,108802
2021-09-20,Guam,161785,6,124282,4,108806
2021-09-21,Guam,161785,31,124313,45,108851
2021-09-22,Guam,161785,755,125068,1267,110118
2021-09-23,Guam,161785,17,125085,28,110146
2021-09-24,Guam,161785,990,126075,1070,111216
2021-09-25,Guam,161785,21,126096,30,111246
2021-09-26,Guam,161785,617,126713,560,111806
2021-09-27,Guam,161785,0,126713,1,111807
2021-09-28,Guam,161785,0,126713,0,111807
2021-09-29,Guam,161785,541,127254,874,112681
2021-09-30,Guam,161785,351,127605,577,113258
2021-10-01,Guam,161785,204,127809,515,113773
2021-10-02,Guam,161785,244,128053,381,114154
2021-10-03,Guam,161785,1,128054,0,114154
2021-10-04,Guam,161785,1,128055,1,114155
2021-10-05,Guam,161785,406,128461,667,114822
2021-10-06,Guam,161785,293,128754,454,115276
2021-10-07,Guam,161785,1,128755,1,115277
2021-10-08,Guam,161785,196,128951,422,115699
2021-10-09,Guam,161785,197,129148,408,116107
2021-10-10,Guam,161785,0,129148,0,116107
2021-10-11,Guam,161785,0,129148,0,116107
2021-10-12,Guam,161785,187,129335,380,116487
2021-10-13,Guam,161785,73,129408,151,116638
2021-10-14,Guam,161785,207,129615,462,117100
2021-10-15,Guam,161785,233,129848,540,117640
2021-10-16,Guam,161785,436,130284,670,118310
2021-10-17,Guam,161785,1,130285,4,118314
2021-10-18,Guam,161785,0,130285,0,118314
2021-10-19,Guam,161785,83,130368,129,118443
2021-10-20,Guam,161785,15,130383,27,118470
2021-10-21,Guam,161785,14,130397,26,118496
2021-10-22,Guam,161785,28,130425,33,118529
2021-10-23,Guam,161785,1150,131575,1718,120247
2021-10-24,Guam,161785,160,131735,283,120530
2021-10-25,Guam,161785,4,131739,15,120545
2021-10-26,Guam,161785,8,131747,12,120557
2021-10-27,Guam,161785,87,131834,167,120724
2021-10-28,Guam,161785,98,131932,118,120842
2021-10-29,Guam,161785,139,132071,129,120971
2021-10-30,Guam,161785,1,132072,1,120972
2021-10-31,Guam,161785,117,132189,215,121187
2021-11-01,Guam,161785,23,132212,22,121209
2021-11-02,Guam,161785,18,132230,11,121220
2021-11-03,Guam,161785,21,132251,12,121232
2021-11-04,Guam,161785,124,132375,178,121410
2021-11-05,Guam,161785,89,132464,71,121481
2021-11-06,Guam,161785,238,132702,357,121838
2021-11-07,Guam,161785,15,132717,9,121847
2021-11-08,Guam,161785,3,132720,1,121848
2021-11-09,Guam,161785,24,132744,22,121870
2021-11-10,Guam,161785,105,132849,126,121996
2021-11-11,Guam,161785,0,132849,0,121996
2021-11-12,Guam,161785,182,133031,131,122127
2021-11-13,Guam,161785,93,133124,104,122231
2021-11-14,Guam,161785,0,133124,0,122231
2021-11-15,Guam,161785,22,133146,18,122249
2021-11-16,Guam,161785,132,133278,70,122319
2021-11-17,Guam,161785,246,133524,242,122561
2021-11-18,Guam,161785,0,133524,0,122561
2021-11-19,Guam,161785,158,133682,64,122625
2021-11-20,Guam,161785,249,133931,103,122728
2021-11-21,Guam,161785,265,134196,233,122961
2021-11-22,Guam,161785,2,134198,0,122961
2021-11-23,Guam,161785,0,134198,0,122961
2021-11-24,Guam,161785,816,135014,312,123273
2021-11-25,Guam,161785,0,135014,0,123273
2021-11-26,Guam,161785,0,135014,0,123273
2021-11-27,Guam,161785,0,135014,0,123273
2021-11-28,Guam,161785,0,135014,0,123273
2021-11-29,Guam,161785,0,135014,0,123273
2021-11-30,Guam,161785,604,135618,299,123572
2021-12-01,Guam,161785,337,135955,141,123713
2021-12-02,Guam,161785,327,136282,144,123857
2021-12-03,Guam,161785,304,136586,136,123993
2021-12-04,Guam,161785,355,136941,154,124147
2021-12-05,Guam,161785,16,136957,4,124151
2021-12-06,Guam,161785,1,136958,0,124151
2021-12-07,Guam,161785,651,137609,267,124418
2021-12-08,Guam,161785,466,138075,185,124603
2021-12-09,Guam,161785,163,138238,82,124685
2021-12-10,Guam,161785,218,138456,135,124820
2021-12-11,Guam,161785,5,138461,4,124824
2021-12-12,Guam,161785,161,138622,38,124862
2021-12-13,Guam,161785,40,138662,19,124881
2021-12-14,Guam,161785,224,138886,263,125144
2021-12-15,Guam,161785,0,138886,0,125144
2021-12-16,Guam,161785,358,139244,346,125490
2021-12-17,Guam,161785,481,139725,530,126020
2021-12-18,Guam,161785,0,139725,0,126020
2021-12-19,Guam,161785,152,139877,140,126160
2021-12-20,Guam,161785,158,140035,54,126214
2021-12-21,Guam,161785,14,140049,5,126219
2021-12-22,Guam,161785,144,140193,112,126331
2021-12-23,Guam,161785,223,140416,251,126582
2021-12-24,Guam,161785,0,140416,0,126582
2021-12-25,Guam,161785,0,140416,0,126582
2021-12-26,Guam,161785,0,140416,0,126582
2021-12-27,Guam,161785,105,140521,98,126680
2021-12-28,Guam,161785,2,140523,0,126680
2021-12-29,Guam,161785,133,140656,162,126842
2021-12-30,Guam,161785,219,140875,165,127007
2021-12-31,Guam,161785,0,140875,0,127007
2022-01-01,Guam,161785,0,140875,0,127007
2022-01-02,Guam,161785,0,140875,0,127007
2022-01-03,Guam,161785,0,140875,0,127007
2022-01-04,Guam,161785,187,141062,139,127146
2022-01-05,Guam,161785,165,141227,169,127315
2022-01-06,Guam,161785,0,141227,0,127315
2022-01-07,Guam,161785,290,141517,204,127519
2022-01-08,Guam,161785,216,141733,159,127678
2022-01-09,Guam,161785,25,141758,29,127707
2022-01-10,Guam,161785,152,141910,144,127851
2022-01-11,Guam,161785,143,142053,189,128040
2022-01-12,Guam,161785,34,142087,22,128062
2022-01-13,Guam,161785,52,142139,43,128105
2022-01-14,Guam,161785,527,142666,511,128616
2022-01-15,Guam,161785,0,142666,0,128616
2022-01-16,Guam,161785,253,142919,144,128760
2022-01-17,Guam,161785,0,142919,0,128760
2022-01-18,Guam,161785,28,142947,16,128776
2022-01-19,Guam,161785,302,143249,161,128937
2022-01-20,Guam,161785,249,143498,215,129152
2022-01-21,Guam,161785,166,143664,143,129295
2022-01-22,Guam,161785,306,143970,222,129517
2022-01-23,Guam,161785,116,144086,43,129560
2022-01-24,Guam,161785,4,144090,7,129567
2022-01-25,Guam,161785,267,144357,276,129843
2022-01-26,Guam,161785,18,144375,5,129848
2022-01-27,Guam,161785,436,144811,475,130323
2022-01-28,Guam,161785,183,144994,242,130565
2022-01-29,Guam,161785,178,145172,225,130790
2022-01-30,Guam,161785,26,145198,11,130801
2022-01-31,Guam,161785,0,145198,0,130801
2022-02-01,Guam,161785,136,145334,115,130916
2022-02-02,Guam,161785,436,145770,403,131319
2022-02-03,Guam,161785,0,145770,0,131319
2022-02-04,Guam,161785,369,146139,236,131555
2022-02-05,Guam,161785,8,146147,7,131562
2022-02-06,Guam,161785,165,146312,195,131757
2022-02-07,Guam,161785,183,146495,208,131965
2022-02-08,Guam,161785,7,146502,0,131965
2022-02-09,Guam,161785,0,146502,0,131965
2021-07-01,Hawaii,1431603,909,989417,1411,733872
2021-07-02,Hawaii,1431603,1684,991101,2881,736753
2021-07-03,Hawaii,1431603,959,992060,1172,737925
2021-07-04,Hawaii,1431603,842,992902,1004,738929
2021-07-05,Hawaii,1431603,0,992902,0,738929
2021-07-06,Hawaii,1431603,259,993161,336,739265
2021-07-07,Hawaii,1431603,409,993570,884,740149
2021-07-08,Hawaii,1431603,700,994270,1038,741187
2021-07-09,Hawaii,1431603,713,994983,1099,742286
2021-07-10,Hawaii,1431603,1033,996016,1403,743689
2021-07-11,Hawaii,1431603,880,996896,1485,745174
2021-07-12,Hawaii,1431603,163,997059,191,745365
2021-07-13,Hawaii,1431603,373,997432,470,745835
2021-07-14,Hawaii,1431603,682,998114,801,746636
2021-07-15,Hawaii,1431603,674,998788,773,747409
2021-07-16,Hawaii,1431603,885,999673,959,748368
2021-07-17,Hawaii,1431603,877,1000550,1020,749388
2021-07-18,Hawaii,1431603,1012,1001562,1076,750464
2021-07-19,Hawaii,1431603,221,1001783,233,750697
2021-07-20,Hawaii,1431603,0,1001783,0,750697
2021-07-21,Hawaii,1431603,-148,1001635,653,751350
2021-07-22,Hawaii,1431603,869,1002504,710,752060
2021-07-23,Hawaii,1431603,1054,1003558,835,752895
2021-07-24,Hawaii,1431603,149,1003707,163,753058
2021-07-25,Hawaii,1431603,1266,1004973,1089,754147
2021-07-26,Hawaii,1431603,1149,1006122,805,754952
2021-07-27,Hawaii,1431603,39,1006161,15,754967
2021-07-28,Hawaii,1431603,1725,1007886,949,755916
2021-07-29,Hawaii,1431603,1103,1008989,724,756640
2021-07-30,Hawaii,1431603,989,1009978,696,757336
2021-07-31,Hawaii,1431603,1195,1011173,816,758152
2021-08-01,Hawaii,1431603,1187,1012360,931,759083
2021-08-02,Hawaii,1431603,190,1012550,88,759171
2021-08-03,Hawaii,1431603,958,1013508,435,759606
2021-08-04,Hawaii,1431603,1189,1014697,619,760225
2021-08-05,Hawaii,1431603,1361,1016058,708,760933
2021-08-06,Hawaii,1431603,1356,1017414,661,761594
2021-08-07,Hawaii,1431603,1816,1019230,855,762449
2021-08-08,Hawaii,1431603,1591,1020821,725,763174
2021-08-09,Hawaii,1431603,491,1021312,238,763412
2021-08-10,Hawaii,1431603,922,1022234,634,764046
2021-08-11,Hawaii,1431603,1401,1023635,753,764799
2021-08-12,Hawaii,1431603,1689,1025324,943,765742
2021-08-13,Hawaii,1431603,1673,1026997,966,766708
2021-08-14,Hawaii,1431603,1656,1028653,966,767674
2021-08-15,Hawaii,1431603,1627,1030280,940,768614
2021-08-16,Hawaii,1431603,634,1030914,330,768944
2021-08-17,Hawaii,1431603,1111,1032025,631,769575
2021-08-18,Hawaii,1431603,261,1032286,201,769776
2021-08-19,Hawaii,1431603,2657,1034943,1571,771347
2021-08-20,Hawaii,1431603,1775,1036718,1007,772354
2021-08-21,Hawaii,1431603,1363,1038081,785,773139
2021-08-22,Hawaii,1431603,821,1038902,823,773962
2021-08-23,Hawaii,1431603,351,1039253,287,774249
2021-08-24,Hawaii,1431603,857,1040110,525,774774
2021-08-25,Hawaii,1431603,1320,1041430,1001,775775
2021-08-26,Hawaii,1431603,1491,1042921,1088,776863
2021-08-27,Hawaii,1431603,1515,1044436,1173,778036
2021-08-28,Hawaii,1431603,0,1044436,0,778036
2021-08-29,Hawaii,1431603,3266,1047702,2976,781012
2021-08-30,Hawaii,1431603,586,1048288,704,781716
2021-08-31,Hawaii,1431603,757,1049045,586,782302
2021-09-01,Hawaii,1431603,1787,1050832,1500,783802
2021-09-02,Hawaii,1431603,395,1051227,237,784039
2021-09-03,Hawaii,1431603,3070,1054297,2464,786503
2021-09-04,Hawaii,1431603,2745,1057042,1811,788314
2021-09-05,Hawaii,1431603,0,1057042,0,788314
2021-09-06,Hawaii,1431603,0,1057042,0,788314
2021-09-07,Hawaii,1431603,2811,1059853,2274,790588
2021-09-08,Hawaii,1431603,803,1060656,739,791327
2021-09-09,Hawaii,1431603,1990,1062646,1733,793060
2021-09-10,Hawaii,1431603,2443,1065089,1818,794878
2021-09-11,Hawaii,1431603,2362,1067451,1733,796611
2021-09-12,Hawaii,1431603,1807,1069258,1578,798189
2021-09-13,Hawaii,1431603,0,1069258,0,798189
2021-09-14,Hawaii,1431603,2004,1071262,1540,799729
2021-09-15,Hawaii,1431603,1534,1072796,1251,800980
2021-09-16,Hawaii,1431603,1812,1074608,1628,802608
2021-09-17,Hawaii,1431603,1602,1076210,1555,804163
2021-09-18,Hawaii,1431603,1447,1077657,1555,805718
2021-09-19,Hawaii,1431603,1311,1078968,1468,807186
2021-09-20,Hawaii,1431603,299,1079267,387,807573
2021-09-21,Hawaii,1431603,813,1080080,825,808398
2021-09-22,Hawaii,1431603,-1283,1078797,980,809378
2021-09-23,Hawaii,1431603,1212,1080009,1501,810879
2021-09-24,Hawaii,1431603,1114,1081123,1474,812353
2021-09-25,Hawaii,1431603,1159,1082282,1850,814203
2021-09-26,Hawaii,1431603,1112,1083394,1686,815889
2021-09-27,Hawaii,1431603,343,1083737,651,816540
2021-09-28,Hawaii,1431603,0,1083737,0,816540
2021-09-29,Hawaii,1431603,1790,1085527,1689,818229
2021-09-30,Hawaii,1431603,840,1086367,1269,819498
2021-10-01,Hawaii,1431603,1410,1087777,2122,821620
2021-10-02,Hawaii,1431603,958,1088735,1217,822837
2021-10-03,Hawaii,1431603,187,1088922,104,822941
2021-10-04,Hawaii,1431603,969,1089891,1305,824246
2021-10-05,Hawaii,1431603,741,1090632,872,825118
2021-10-06,Hawaii,1431603,1134,1091766,1187,826305
2021-10-07,Hawaii,1431603,1000,1092766,1042,827347
2021-10-08,Hawaii,1431603,1040,1093806,1060,828407
2021-10-09,Hawaii,1431603,173,1093979,50,828457
2021-10-10,Hawaii,1431603,0,1093979,0,828457
2021-10-11,Hawaii,1431603,0,1093979,0,828457
2021-10-12,Hawaii,1431603,2308,1096287,2415,830872
2021-10-13,Hawaii,1431603,794,1097081,893,831765
2021-10-14,Hawaii,1431603,1095,1098176,1509,833274
2021-10-15,Hawaii,1431603,888,1099064,746,834020
2021-10-16,Hawaii,1431603,990,1100054,871,834891
2021-10-17,Hawaii,1431603,750,1100804,572,835463
2021-10-18,Hawaii,1431603,296,1101100,181,835644
2021-10-19,Hawaii,1431603,2255,1103355,2265,837909
2021-10-20,Hawaii,1431603,1083,1104438,906,838815
2021-10-21,Hawaii,1431603,954,1105392,830,839645
2021-10-22,Hawaii,1431603,1864,1107256,1432,841077
2021-10-23,Hawaii,1431603,894,1108150,781,841858
2021-10-24,Hawaii,1431603,793,1108943,677,842535
2021-10-25,Hawaii,1431603,339,1109282,209,842744
2021-10-26,Hawaii,1431603,644,1109926,568,843312
2021-10-27,Hawaii,1431603,1189,1111115,742,844054
2021-10-28,Hawaii,1431603,1270,1112385,686,844740
2021-10-29,Hawaii,1431603,269,1112654,99,844839
2021-10-30,Hawaii,1431603,2324,1114978,1236,846075
2021-10-31,Hawaii,1431603,970,1115948,718,846793
2021-11-01,Hawaii,1431603,353,1116301,241,847034
2021-11-02,Hawaii,1431603,1661,1117962,352,847386
2021-11-03,Hawaii,1431603,1441,1119403,849,848235
2021-11-04,Hawaii,1431603,1160,1120563,817,849052
2021-11-05,Hawaii,1431603,1595,1122158,718,849770
2021-11-06,Hawaii,1431603,2008,1124166,740,850510
2021-11-07,Hawaii,1431603,2012,1126178,665,851175
2021-11-08,Hawaii,1431603,804,1126982,160,851335
2021-11-09,Hawaii,1431603,85,1127067,25,851360
2021-11-10,Hawaii,1431603,1803,1128870,741,852101
2021-11-11,Hawaii,1431603,0,1128870,0,852101
2021-11-12,Hawaii,1431603,6194,1135064,1890,853991
2021-11-13,Hawaii,1431603,1708,1136772,592,854583
2021-11-14,Hawaii,1431603,220,1136992,62,854645
2021-11-15,Hawaii,1431603,2492,1139484,616,855261
2021-11-16,Hawaii,1431603,1787,1141271,388,855649
2021-11-17,Hawaii,1431603,2238,1143509,651,856300
2021-11-18,Hawaii,1431603,0,1143509,0,856300
2021-11-19,Hawaii,1431603,1626,1145135,656,856956
2021-11-20,Hawaii,1431603,2374,1147509,644,857600
2021-11-21,Hawaii,1431603,1933,1149442,567,858167
2021-11-22,Hawaii,1431603,2985,1152427,636,858803
2021-11-23,Hawaii,1431603,0,1152427,0,858803
2021-11-24,Hawaii,1431603,3870,1156297,1190,859993
2021-11-25,Hawaii,1431603,0,1156297,0,859993
2021-11-26,Hawaii,1431603,0,1156297,0,859993
2021-11-27,Hawaii,1431603,0,1156297,0,859993
2021-11-28,Hawaii,1431603,0,1156297,0,859993
2021-11-29,Hawaii,1431603,0,1156297,0,859993
2021-11-30,Hawaii,1431603,6045,1162342,3891,863884
2021-12-01,Hawaii,1431603,303,1162645,72,863956
2021-12-02,Hawaii,1431603,3431,1166076,3125,867081
2021-12-03,Hawaii,1431603,1965,1168041,1870,868951
2021-12-04,Hawaii,1431603,1917,1169958,1432,870383
2021-12-05,Hawaii,1431603,1727,1171685,2184,872567
2021-12-06,Hawaii,1431603,580,1172265,515,873082
2021-12-07,Hawaii,1431603,1199,1173464,1959,875041
2021-12-08,Hawaii,1431603,1916,1175380,1829,876870
2021-12-09,Hawaii,1431603,1835,1177215,1209,878079
2021-12-10,Hawaii,1431603,1856,1179071,1732,879811
2021-12-11,Hawaii,1431603,1690,1180761,1421,881232
2021-12-12,Hawaii,1431603,1261,1182022,1560,882792
2021-12-13,Hawaii,1431603,514,1182536,309,883101
2021-12-14,Hawaii,1431603,1284,1183820,1506,884607
2021-12-15,Hawaii,1431603,0,1183820,0,884607
2021-12-16,Hawaii,1431603,1474,1185294,1244,885851
2021-12-17,Hawaii,1431603,662,1185956,128,885979
2021-12-18,Hawaii,1431603,0,1185956,0,885979
2021-12-19,Hawaii,1431603,603,1186559,90,886069
2021-12-20,Hawaii,1431603,328,1186887,60,886129
2021-12-21,Hawaii,1431603,20663,1207550,5109,891238
2021-12-22,Hawaii,1431603,5706,1213256,1663,892901
2021-12-23,Hawaii,1431603,6375,1219631,1360,894261
2021-12-24,Hawaii,1431603,0,1219631,0,894261
2021-12-25,Hawaii,1431603,0,1219631,0,894261
2021-12-26,Hawaii,1431603,0,1219631,0,894261
2021-12-27,Hawaii,1431603,12905,1232536,3147,897408
2021-12-28,Hawaii,1431603,2012,1234548,444,897852
2021-12-29,Hawaii,1431603,8565,1243113,1712,899564
2021-12-30,Hawaii,1431603,6027,1249140,1354,900918
2021-12-31,Hawaii,1431603,0,1249140,0,900918
2022-01-01,Hawaii,1431603,0,1249140,0,900918
2022-01-02,Hawaii,1431603,0,1249140,0,900918
2022-01-03,Hawaii,1431603,0,1249140,0,900918
2022-01-04,Hawaii,1431603,15131,1264271,3287,904205
2022-01-05,Hawaii,1431603,5351,1269622,1263,905468
2022-01-06,Hawaii,1431603,0,1269622,0,905468
2022-01-07,Hawaii,1431603,5085,1274707,1273,906741
2022-01-08,Hawaii,1431603,12567,1287274,3421,910162
2022-01-09,Hawaii,1431603,6683,1293957,2210,912372
2022-01-10,Hawaii,1431603,3532,1297489,1721,914093
2022-01-11,Hawaii,1431603,1826,1299315,635,914728
2022-01-12,Hawaii,1431603,277,1299592,55,914783
2022-01-13,Hawaii,1431603,-114504,1185088,140210,1054993
2022-01-14,Hawaii,1431603,1873,1186961,1207,1056200
2022-01-15,Hawaii,1431603,0,1186961,0,1056200
2022-01-16,Hawaii,1431603,1038,1187999,488,1056688
2022-01-17,Hawaii,1431603,0,1187999,0,1056688
2022-01-18,Hawaii,1431603,2485,1190484,1076,1057764
2022-01-19,Hawaii,1431603,16736,1207220,13268,1071032
2022-01-20,Hawaii,1431603,-14389,1192831,-3574,1067458
2022-01-21,Hawaii,1431603,1453,1194284,869,1068327
2022-01-22,Hawaii,1431603,1194,1195478,838,1069165
2022-01-23,Hawaii,1431603,1454,1196932,929,1070094
2022-01-24,Hawaii,1431603,751,1197683,281,1070375
2022-01-25,Hawaii,1431603,370,1198053,224,1070599
2022-01-26,Hawaii,1431603,1383,1199436,855,1071454
2022-01-27,Hawaii,1431603,254,1199690,509,1071963
2022-01-28,Hawaii,1431603,146,1199836,64,1072027
2022-01-29,Hawaii,1431603,2256,1202092,1802,1073829
2022-01-30,Hawaii,1431603,822,1202914,651,1074480
2022-01-31,Hawaii,1431603,0,1202914,0,1074480
2022-02-01,Hawaii,1431603,836,1203750,789,1075269
2022-02-02,Hawaii,1431603,1588,1205338,1374,1076643
2022-02-03,Hawaii,1431603,0,1205338,0,1076643
2022-02-04,Hawaii,1431603,1768,1207106,1552,1078195
2022-02-05,Hawaii,1431603,1018,1208124,618,1078813
2022-02-06,Hawaii,1431603,1165,1209289,1181,1079994
2022-02-07,Hawaii,1431603,541,1209830,600,1080594
2022-02-08,Hawaii,1431603,248,1210078,356,1080950
2022-02-09,Hawaii,1431603,0,1210078,0,1080950
2021-07-01,Iowa,3046355,1960,1623187,2485,1515827
2021-07-02,Iowa,3046355,818,1624005,1068,1516895
2021-07-03,Iowa,3046355,2529,1626534,5343,1522238
2021-07-04,Iowa,3046355,1651,1628185,2198,1524436
2021-07-05,Iowa,3046355,0,1628185,0,1524436
2021-07-06,Iowa,3046355,2091,1630276,2317,1526753
2021-07-07,Iowa,3046355,401,1630677,516,1527269
2021-07-08,Iowa,3046355,1542,1632219,2618,1529887
2021-07-09,Iowa,3046355,1942,1634161,2651,1532538
2021-07-10,Iowa,3046355,2001,1636162,2325,1534863
2021-07-11,Iowa,3046355,2011,1638173,2351,1537214
2021-07-12,Iowa,3046355,2683,1640856,303,1537517
2021-07-13,Iowa,3046355,421,1641277,337,1537854
2021-07-14,Iowa,3046355,1447,1642724,1654,1539508
2021-07-15,Iowa,3046355,1680,1644404,1704,1541212
2021-07-16,Iowa,3046355,2555,1646959,2414,1543626
2021-07-17,Iowa,3046355,1957,1648916,1699,1545325
2021-07-18,Iowa,3046355,80,1648996,56,1545381
2021-07-19,Iowa,3046355,100,1649096,64,1545445
2021-07-20,Iowa,3046355,0,1649096,0,1545445
2021-07-21,Iowa,3046355,6158,1655254,5117,1550562
2021-07-22,Iowa,3046355,2616,1657870,1886,1552448
2021-07-23,Iowa,3046355,2685,1660555,1723,1554171
2021-07-24,Iowa,3046355,2800,1663355,1888,1556059
2021-07-25,Iowa,3046355,120,1663475,58,1556117
2021-07-26,Iowa,3046355,50,1663525,12,1556129
2021-07-27,Iowa,3046355,6255,1669780,3754,1559883
2021-07-28,Iowa,3046355,2397,1672177,1182,1561065
2021-07-29,Iowa,3046355,3060,1675237,1566,1562631
2021-07-30,Iowa,3046355,3314,1678551,1813,1564444
2021-07-31,Iowa,3046355,2478,1681029,1440,1565884
2021-08-01,Iowa,3046355,164,1681193,87,1565971
2021-08-02,Iowa,3046355,86,1681279,42,1566013
2021-08-03,Iowa,3046355,7973,1689252,4585,1570598
2021-08-04,Iowa,3046355,3074,1692326,1480,1572078
2021-08-05,Iowa,3046355,4118,1696444,2040,1574118
2021-08-06,Iowa,3046355,3790,1700234,1839,1575957
2021-08-07,Iowa,3046355,4584,1704818,1848,1577805
2021-08-08,Iowa,3046355,111,1704929,52,1577857
2021-08-09,Iowa,3046355,149,1705078,67,1577924
2021-08-10,Iowa,3046355,9079,1714157,4328,1582252
2021-08-11,Iowa,3046355,3148,1717305,1634,1583886
2021-08-12,Iowa,3046355,2010,1719315,1090,1584976
2021-08-13,Iowa,3046355,5521,1724836,3172,1588148
2021-08-14,Iowa,3046355,3973,1728809,2343,1590491
2021-08-15,Iowa,3046355,74,1728883,43,1590534
2021-08-16,Iowa,3046355,258,1729141,127,1590661
2021-08-17,Iowa,3046355,7417,1736558,5086,1595747
2021-08-18,Iowa,3046355,2695,1739253,1884,1597631
2021-08-19,Iowa,3046355,3592,1742845,2747,1600378
2021-08-20,Iowa,3046355,3355,1746200,2766,1603144
2021-08-21,Iowa,3046355,3560,1749760,2605,1605749
2021-08-22,Iowa,3046355,165,1749925,97,1605846
2021-08-23,Iowa,3046355,64,1749989,52,1605898
2021-08-24,Iowa,3046355,7087,1757076,6578,1612476
2021-08-25,Iowa,3046355,2439,1759515,2188,1614664
2021-08-26,Iowa,3046355,3072,1762587,3541,1618205
2021-08-27,Iowa,3046355,2836,1765423,2838,1621043
2021-08-28,Iowa,3046355,0,1765423,0,1621043
2021-08-29,Iowa,3046355,3428,1768851,3374,1624417
2021-08-30,Iowa,3046355,68,1768919,41,1624458
2021-08-31,Iowa,3046355,7032,1775951,7747,1632205
2021-09-01,Iowa,3046355,2426,1778377,2695,1634900
2021-09-02,Iowa,3046355,1935,1780312,2239,1637139
2021-09-03,Iowa,3046355,3292,1783604,3764,1640903
2021-09-04,Iowa,3046355,2457,1786061,2930,1643833
2021-09-05,Iowa,3046355,0,1786061,0,1643833
2021-09-06,Iowa,3046355,0,1786061,0,1643833
2021-09-07,Iowa,3046355,303,1786364,227,1644060
2021-09-08,Iowa,3046355,6179,1792543,7861,1651921
2021-09-09,Iowa,3046355,1529,1794072,2144,1654065
2021-09-10,Iowa,3046355,2273,1796345,3311,1657376
2021-09-11,Iowa,3046355,2270,1798615,3049,1660425
2021-09-12,Iowa,3046355,122,1798737,146,1660571
2021-09-13,Iowa,3046355,0,1798737,0,1660571
2021-09-14,Iowa,3046355,5793,1804530,6857,1667428
2021-09-15,Iowa,3046355,1979,1806509,2142,1669570
2021-09-16,Iowa,3046355,2258,1808767,2802,1672372
2021-09-17,Iowa,3046355,2453,1811220,2680,1675052
2021-09-18,Iowa,3046355,2141,1813361,2670,1677722
2021-09-19,Iowa,3046355,92,1813453,92,1677814
2021-09-20,Iowa,3046355,3725,1817178,5576,1683390
2021-09-21,Iowa,3046355,1099,1818277,2106,1685496
2021-09-22,Iowa,3046355,1666,1819943,1814,1687310
2021-09-23,Iowa,3046355,1902,1821845,2381,1689691
2021-09-24,Iowa,3046355,1680,1823525,2236,1691927
2021-09-25,Iowa,3046355,1991,1825516,2836,1694763
2021-09-26,Iowa,3046355,109,1825625,80,1694843
2021-09-27,Iowa,3046355,117,1825742,85,1694928
2021-09-28,Iowa,3046355,0,1825742,0,1694928
2021-09-29,Iowa,3046355,5780,1831522,6829,1701757
2021-09-30,Iowa,3046355,1208,1832730,1085,1702842
2021-10-01,Iowa,3046355,2767,1835497,2490,1705332
2021-10-02,Iowa,3046355,1726,1837223,1681,1707013
2021-10-03,Iowa,3046355,171,1837394,101,1707114
2021-10-04,Iowa,3046355,96,1837490,26,1707140
2021-10-05,Iowa,3046355,4371,1841861,5274,1712414
2021-10-06,Iowa,3046355,1347,1843208,1521,1713935
2021-10-07,Iowa,3046355,1412,1844620,1512,1715447
2021-10-08,Iowa,3046355,2227,1846847,2323,1717770
2021-10-09,Iowa,3046355,1292,1848139,1500,1719270
2021-10-10,Iowa,3046355,0,1848139,0,1719270
2021-10-11,Iowa,3046355,0,1848139,0,1719270
2021-10-12,Iowa,3046355,3449,1851588,4326,1723596
2021-10-13,Iowa,3046355,1322,1852910,1670,1725266
2021-10-14,Iowa,3046355,1202,1854112,1305,1726571
2021-10-15,Iowa,3046355,1778,1855890,2079,1728650
2021-10-16,Iowa,3046355,1083,1856973,1074,1729724
2021-10-17,Iowa,3046355,144,1857117,75,1729799
2021-10-18,Iowa,3046355,171,1857288,37,1729836
2021-10-19,Iowa,3046355,3987,1861275,4807,1734643
2021-10-20,Iowa,3046355,1138,1862413,1304,1735947
2021-10-21,Iowa,3046355,1429,1863842,1553,1737500
2021-10-22,Iowa,3046355,3334,1867176,2918,1740418
2021-10-23,Iowa,3046355,1459,1868635,1456,1741874
2021-10-24,Iowa,3046355,123,1868758,50,1741924
2021-10-25,Iowa,3046355,119,1868877,20,1741944
2021-10-26,Iowa,3046355,3941,1872818,3419,1745363
2021-10-27,Iowa,3046355,1885,1874703,1250,1746613
2021-10-28,Iowa,3046355,2611,1877314,1638,1748251
2021-10-29,Iowa,3046355,1341,1878655,2539,1750790
2021-10-30,Iowa,3046355,2553,1881208,1673,1752463
2021-10-31,Iowa,3046355,377,1881585,113,1752576
2021-11-01,Iowa,3046355,152,1881737,37,1752613
2021-11-02,Iowa,3046355,4355,1886092,3597,1756210
2021-11-03,Iowa,3046355,1716,1887808,1302,1757512
2021-11-04,Iowa,3046355,1581,1889389,1177,1758689
2021-11-05,Iowa,3046355,2918,1892307,1700,1760389
2021-11-06,Iowa,3046355,2513,1894820,1398,1761787
2021-11-07,Iowa,3046355,413,1895233,82,1761869
2021-11-08,Iowa,3046355,141,1895374,94,1761963
2021-11-09,Iowa,3046355,8618,1903992,3399,1765362
2021-11-10,Iowa,3046355,3680,1907672,1043,1766405
2021-11-11,Iowa,3046355,0,1907672,0,1766405
2021-11-12,Iowa,3046355,5092,1912764,1543,1767948
2021-11-13,Iowa,3046355,9606,1922370,2462,1770410
2021-11-14,Iowa,3046355,322,1922692,105,1770515
2021-11-15,Iowa,3046355,130,1922822,32,1770547
2021-11-16,Iowa,3046355,11191,1934013,2796,1773343
2021-11-17,Iowa,3046355,4345,1938358,1344,1774687
2021-11-18,Iowa,3046355,0,1938358,0,1774687
2021-11-19,Iowa,3046355,4345,1942703,1473,1776160
2021-11-20,Iowa,3046355,4058,1946761,1352,1777512
2021-11-21,Iowa,3046355,4491,1951252,1419,1778931
2021-11-22,Iowa,3046355,643,1951895,153,1779084
2021-11-23,Iowa,3046355,0,1951895,0,1779084
2021-11-24,Iowa,3046355,10746,1962641,3682,1782766
2021-11-25,Iowa,3046355,0,1962641,0,1782766
2021-11-26,Iowa,3046355,0,1962641,0,1782766
2021-11-27,Iowa,3046355,0,1962641,0,1782766
2021-11-28,Iowa,3046355,0,1962641,0,1782766
2021-11-29,Iowa,3046355,0,1962641,0,1782766
2021-11-30,Iowa,3046355,13068,1975709,7235,1790001
2021-12-01,Iowa,3046355,2303,1978012,2625,1792626
2021-12-02,Iowa,3046355,3081,1981093,3328,1795954
2021-12-03,Iowa,3046355,2931,1984024,3394,1799348
2021-12-04,Iowa,3046355,3835,1987859,4352,1803700
2021-12-05,Iowa,3046355,300,1988159,105,1803805
2021-12-06,Iowa,3046355,161,1988320,67,1803872
2021-12-07,Iowa,3046355,6118,1994438,9532,1813404
2021-12-08,Iowa,3046355,2608,1997046,2728,1816132
2021-12-09,Iowa,3046355,3197,2000243,3704,1819836
2021-12-10,Iowa,3046355,3229,2003472,3552,1823388
2021-12-11,Iowa,3046355,3019,2006491,3109,1826497
2021-12-12,Iowa,3046355,251,2006742,74,1826571
2021-12-13,Iowa,3046355,153,2006895,47,1826618
2021-12-14,Iowa,3046355,5677,2012572,7264,1833882
2021-12-15,Iowa,3046355,0,2012572,0,1833882
2021-12-16,Iowa,3046355,2406,2014978,2300,1836182
2021-12-17,Iowa,3046355,5110,2020088,4968,1841150
2021-12-18,Iowa,3046355,0,2020088,0,1841150
2021-12-19,Iowa,3046355,2599,2022687,1993,1843143
2021-12-20,Iowa,3046355,119,2022806,23,1843166
2021-12-21,Iowa,3046355,7411,2030217,3462,1846628
2021-12-22,Iowa,3046355,2123,2032340,1810,1848438
2021-12-23,Iowa,3046355,3180,2035520,2642,1851080
2021-12-24,Iowa,3046355,0,2035520,0,1851080
2021-12-25,Iowa,3046355,0,2035520,0,1851080
2021-12-26,Iowa,3046355,0,2035520,0,1851080
2021-12-27,Iowa,3046355,585,2036105,150,1851230
2021-12-28,Iowa,3046355,7698,2043803,6051,1857281
2021-12-29,Iowa,3046355,1822,2045625,1808,1859089
2021-12-30,Iowa,3046355,2051,2047676,1060,1860149
2021-12-31,Iowa,3046355,0,2047676,0,1860149
2022-01-01,Iowa,3046355,0,2047676,0,1860149
2022-01-02,Iowa,3046355,0,2047676,0,1860149
2022-01-03,Iowa,3046355,0,2047676,0,1860149
2022-01-04,Iowa,3046355,8000,2055676,6119,1866268
2022-01-05,Iowa,3046355,1538,2057214,1525,1867793
2022-01-06,Iowa,3046355,0,2057214,0,1867793
2022-01-07,Iowa,3046355,2060,2059274,1700,1869493
2022-01-08,Iowa,3046355,4489,2063763,3448,1872941
2022-01-09,Iowa,3046355,236,2063999,83,1873024
2022-01-10,Iowa,3046355,107,2064106,9,1873033
2022-01-11,Iowa,3046355,3944,2068050,3242,1876275
2022-01-12,Iowa,3046355,1775,2069825,1436,1877711
2022-01-13,Iowa,3046355,2182,2072007,1675,1879386
2022-01-14,Iowa,3046355,2119,2074126,1598,1880984
2022-01-15,Iowa,3046355,0,2074126,0,1880984
2022-01-16,Iowa,3046355,1947,2076073,1634,1882618
2022-01-17,Iowa,3046355,0,2076073,0,1882618
2022-01-18,Iowa,3046355,250,2076323,62,1882680
2022-01-19,Iowa,3046355,12981,2089304,8487,1891167
2022-01-20,Iowa,3046355,1555,2090859,1393,1892560
2022-01-21,Iowa,3046355,1475,2092334,1532,1894092
2022-01-22,Iowa,3046355,1397,2093731,1494,1895586
2022-01-23,Iowa,3046355,106,2093837,54,1895640
2022-01-24,Iowa,3046355,77,2093914,31,1895671
2022-01-25,Iowa,3046355,2448,2096362,2180,1897851
2022-01-26,Iowa,3046355,1504,2097866,1404,1899255
2022-01-27,Iowa,3046355,1074,2098940,1099,1900354
2022-01-28,Iowa,3046355,1342,2100282,1611,1901965
2022-01-29,Iowa,3046355,1172,2101454,1302,1903267
2022-01-30,Iowa,3046355,103,2101557,51,1903318
2022-01-31,Iowa,3046355,0,2101557,0,1903318
2022-02-01,Iowa,3046355,3220,2104777,3430,1906748
2022-02-02,Iowa,3046355,1334,2106111,1121,1907869
2022-02-03,Iowa,3046355,0,2106111,0,1907869
2022-02-04,Iowa,3046355,1274,2107385,1191,1909060
2022-02-05,Iowa,3046355,960,2108345,1379,1910439
2022-02-06,Iowa,3046355,116,2108461,36,1910475
2022-02-07,Iowa,3046355,60,2108521,19,1910494
2022-02-08,Iowa,3046355,1895,2110416,2385,1912879
2022-02-09,Iowa,3046355,0,2110416,0,1912879
2021-07-01,Idaho,1654930,1162,707755,1381,645372
2021-07-02,Idaho,1654930,880,708635,1012,646384
2021-07-03,Idaho,1654930,897,709532,1146,647530
2021-07-04,Idaho,1654930,1491,711023,1336,648866
2021-07-05,Idaho,1654930,0,711023,0,648866
2021-07-06,Idaho,1654930,748,711771,1020,649886
2021-07-07,Idaho,1654930,334,712105,397,650283
2021-07-08,Idaho,1654930,898,713003,1119,651402
2021-07-09,Idaho,1654930,1110,714113,1231,652633
2021-07-10,Idaho,1654930,910,715023,997,653630
2021-07-11,Idaho,1654930,1079,716102,1123,654753
2021-07-12,Idaho,1654930,551,716653,564,655317
2021-07-13,Idaho,1654930,420,717073,385,655702
2021-07-14,Idaho,1654930,935,718008,1112,656814
2021-07-15,Idaho,1654930,1033,719041,520,657334
2021-07-16,Idaho,1654930,1051,720092,878,658212
2021-07-17,Idaho,1654930,890,720982,751,658963
2021-07-18,Idaho,1654930,881,721863,734,659697
2021-07-19,Idaho,1654930,559,722422,425,660122
2021-07-20,Idaho,1654930,0,722422,0,660122
2021-07-21,Idaho,1654930,743,723165,813,660935
2021-07-22,Idaho,1654930,1139,724304,818,661753
2021-07-23,Idaho,1654930,1175,725479,683,662436
2021-07-24,Idaho,1654930,1208,726687,804,663240
2021-07-25,Idaho,1654930,1414,728101,850,664090
2021-07-26,Idaho,1654930,973,729074,494,664584
2021-07-27,Idaho,1654930,569,729643,296,664880
2021-07-28,Idaho,1654930,1264,730907,729,665609
2021-07-29,Idaho,1654930,1545,732452,835,666444
2021-07-30,Idaho,1654930,1500,733952,848,667292
2021-07-31,Idaho,1654930,1663,735615,906,668198
2021-08-01,Idaho,1654930,1859,737474,1133,669331
2021-08-02,Idaho,1654930,1146,738620,474,669805
2021-08-03,Idaho,1654930,680,739300,343,670148
2021-08-04,Idaho,1654930,1358,740658,673,670821
2021-08-05,Idaho,1654930,1759,742417,888,671709
2021-08-06,Idaho,1654930,1864,744281,876,672585
2021-08-07,Idaho,1654930,1750,746031,865,673450
2021-08-08,Idaho,1654930,1792,747823,923,674373
2021-08-09,Idaho,1654930,1269,749092,579,674952
2021-08-10,Idaho,1654930,646,749738,309,675261
2021-08-11,Idaho,1654930,1376,751114,791,676052
2021-08-12,Idaho,1654930,1425,752539,826,676878
2021-08-13,Idaho,1654930,1962,754501,1116,677994
2021-08-14,Idaho,1654930,2249,756750,1165,679159
2021-08-15,Idaho,1654930,2310,759060,1190,680349
2021-08-16,Idaho,1654930,1672,760732,752,681101
2021-08-17,Idaho,1654930,934,761666,439,681540
2021-08-18,Idaho,1654930,1970,763636,1101,682641
2021-08-19,Idaho,1654930,2473,766109,1362,684003
2021-08-20,Idaho,1654930,2195,768304,1234,685237
2021-08-21,Idaho,1654930,2229,770533,1307,686544
2021-08-22,Idaho,1654930,3102,773635,1779,688323
2021-08-23,Idaho,1654930,2877,776512,2516,690839
2021-08-24,Idaho,1654930,834,777346,574,691413
2021-08-25,Idaho,1654930,1842,779188,1337,692750
2021-08-26,Idaho,1654930,2236,781424,1479,694229
2021-08-27,Idaho,1654930,2184,783608,1431,695660
2021-08-28,Idaho,1654930,0,783608,0,695660
2021-08-29,Idaho,1654930,4288,787896,3059,698719
2021-08-30,Idaho,1654930,1460,789356,1178,699897
2021-08-31,Idaho,1654930,430,789786,354,700251
2021-09-01,Idaho,1654930,1818,791604,1316,701567
2021-09-02,Idaho,1654930,2086,793690,1504,703071
2021-09-03,Idaho,1654930,2715,796405,1928,704999
2021-09-04,Idaho,1654930,2165,798570,1373,706372
2021-09-05,Idaho,1654930,0,798570,0,706372
2021-09-06,Idaho,1654930,0,798570,0,706372
2021-09-07,Idaho,1654930,4317,802887,3357,709729
2021-09-08,Idaho,1654930,809,803696,572,710301
2021-09-09,Idaho,1654930,1447,805143,1274,711575
2021-09-10,Idaho,1654930,2348,807491,2191,713766
2021-09-11,Idaho,1654930,2349,809840,1685,715451
2021-09-12,Idaho,1654930,2155,811995,1931,717382
2021-09-13,Idaho,1654930,0,811995,0,717382
2021-09-14,Idaho,1654930,2858,814853,2384,719766
2021-09-15,Idaho,1654930,1758,816611,1568,721334
2021-09-16,Idaho,1654930,2196,818807,1921,723255
2021-09-17,Idaho,1654930,1911,820718,1782,725037
2021-09-18,Idaho,1654930,1814,822532,1725,726762
2021-09-19,Idaho,1654930,2045,824577,1927,728689
2021-09-20,Idaho,1654930,1486,826063,1260,729949
2021-09-21,Idaho,1654930,1128,827191,1043,730992
2021-09-22,Idaho,1654930,1652,828843,1591,732583
2021-09-23,Idaho,1654930,1661,830504,1743,734326
2021-09-24,Idaho,1654930,1606,832110,1578,735904
2021-09-25,Idaho,1654930,1732,833842,1732,737636
2021-09-26,Idaho,1654930,1910,835752,1777,739413
2021-09-27,Idaho,1654930,1125,836877,1016,740429
2021-09-28,Idaho,1654930,0,836877,0,740429
2021-09-29,Idaho,1654930,2520,839397,2039,742468
2021-09-30,Idaho,1654930,1429,840826,1267,743735
2021-10-01,Idaho,1654930,1507,842333,1304,745039
2021-10-02,Idaho,1654930,1216,843549,1298,746337
2021-10-03,Idaho,1654930,1916,845465,2113,748450
2021-10-04,Idaho,1654930,1158,846623,1403,749853
2021-10-05,Idaho,1654930,933,847556,971,750824
2021-10-06,Idaho,1654930,1428,848984,1436,752260
2021-10-07,Idaho,1654930,1538,850522,1333,753593
2021-10-08,Idaho,1654930,1760,852282,1842,755435
2021-10-09,Idaho,1654930,1297,853579,1493,756928
2021-10-10,Idaho,1654930,0,853579,0,756928
2021-10-11,Idaho,1654930,0,853579,0,756928
2021-10-12,Idaho,1654930,1671,855250,1897,758825
2021-10-13,Idaho,1654930,1003,856253,1233,760058
2021-10-14,Idaho,1654930,1427,857680,1661,761719
2021-10-15,Idaho,1654930,1195,858875,1554,763273
2021-10-16,Idaho,1654930,1189,860064,1338,764611
2021-10-17,Idaho,1654930,1218,861282,1575,766186
2021-10-18,Idaho,1654930,623,861905,947,767133
2021-10-19,Idaho,1654930,480,862385,597,767730
2021-10-20,Idaho,1654930,1050,863435,1199,768929
2021-10-21,Idaho,1654930,1202,864637,1391,770320
2021-10-22,Idaho,1654930,2016,866653,2046,772366
2021-10-23,Idaho,1654930,1126,867779,2146,774512
2021-10-24,Idaho,1654930,1273,869052,1702,776214
2021-10-25,Idaho,1654930,761,869813,1080,777294
2021-10-26,Idaho,1654930,751,870564,852,778146
2021-10-27,Idaho,1654930,1188,871752,1281,779427
2021-10-28,Idaho,1654930,1330,873082,1428,780855
2021-10-29,Idaho,1654930,1618,874700,1512,782367
2021-10-30,Idaho,1654930,1482,876182,1176,783543
2021-10-31,Idaho,1654930,1369,877551,1341,784884
2021-11-01,Idaho,1654930,887,878438,587,785471
2021-11-02,Idaho,1654930,889,879327,467,785938
2021-11-03,Idaho,1654930,1218,880545,990,786928
2021-11-04,Idaho,1654930,1332,881877,1145,788073
2021-11-05,Idaho,1654930,1072,882949,1025,789098
2021-11-06,Idaho,1654930,1174,884123,977,790075
2021-11-07,Idaho,1654930,1458,885581,1423,791498
2021-11-08,Idaho,1654930,1015,886596,958,792456
2021-11-09,Idaho,1654930,670,887266,404,792860
2021-11-10,Idaho,1654930,1138,888404,1096,793956
2021-11-11,Idaho,1654930,0,888404,0,793956
2021-11-12,Idaho,1654930,1636,890040,1109,795065
2021-11-13,Idaho,1654930,1062,891102,926,795991
2021-11-14,Idaho,1654930,1254,892356,1154,797145
2021-11-15,Idaho,1654930,611,892967,537,797682
2021-11-16,Idaho,1654930,635,893602,444,798126
2021-11-17,Idaho,1654930,1117,894719,977,799103
2021-11-18,Idaho,1654930,0,894719,0,799103
2021-11-19,Idaho,1654930,1166,895885,920,800023
2021-11-20,Idaho,1654930,1374,897259,1102,801125
2021-11-21,Idaho,1654930,1333,898592,1208,802333
2021-11-22,Idaho,1654930,1966,900558,1517,803850
2021-11-23,Idaho,1654930,0,900558,0,803850
2021-11-24,Idaho,1654930,1830,902388,1260,805110
2021-11-25,Idaho,1654930,0,902388,0,805110
2021-11-26,Idaho,1654930,0,902388,0,805110
2021-11-27,Idaho,1654930,0,902388,0,805110
2021-11-28,Idaho,1654930,0,902388,0,805110
2021-11-29,Idaho,1654930,0,902388,0,805110
2021-11-30,Idaho,1654930,4195,906583,2937,808047
2021-12-01,Idaho,1654930,1305,907888,1059,809106
2021-12-02,Idaho,1654930,1158,909046,964,810070
2021-12-03,Idaho,1654930,1307,910353,853,810923
2021-12-04,Idaho,1654930,1381,911734,889,811812
2021-12-05,Idaho,1654930,1220,912954,936,812748
2021-12-06,Idaho,1654930,725,913679,590,813338
2021-12-07,Idaho,1654930,612,914291,407,813745
2021-12-08,Idaho,1654930,1075,915366,784,814529
2021-12-09,Idaho,1654930,1046,916412,843,815372
2021-12-10,Idaho,1654930,1166,917578,790,816162
2021-12-11,Idaho,1654930,1116,918694,817,816979
2021-12-12,Idaho,1654930,979,919673,778,817757
2021-12-13,Idaho,1654930,515,920188,420,818177
2021-12-14,Idaho,1654930,411,920599,253,818430
2021-12-15,Idaho,1654930,0,920599,0,818430
2021-12-16,Idaho,1654930,912,921511,790,819220
2021-12-17,Idaho,1654930,2012,923523,1530,820750
2021-12-18,Idaho,1654930,0,923523,0,820750
2021-12-19,Idaho,1654930,1895,925418,1316,822066
2021-12-20,Idaho,1654930,545,925963,342,822408
2021-12-21,Idaho,1654930,478,926441,232,822640
2021-12-22,Idaho,1654930,968,927409,666,823306
2021-12-23,Idaho,1654930,1185,928594,749,824055
2021-12-24,Idaho,1654930,0,928594,0,824055
2021-12-25,Idaho,1654930,0,928594,0,824055
2021-12-26,Idaho,1654930,0,928594,0,824055
2021-12-27,Idaho,1654930,1211,929805,724,824779
2021-12-28,Idaho,1654930,254,930059,131,824910
2021-12-29,Idaho,1654930,731,930790,511,825421
2021-12-30,Idaho,1654930,898,931688,666,826087
2021-12-31,Idaho,1654930,0,931688,0,826087
2022-01-01,Idaho,1654930,0,931688,0,826087
2022-01-02,Idaho,1654930,0,931688,0,826087
2022-01-03,Idaho,1654930,0,931688,0,826087
2022-01-04,Idaho,1654930,2560,934248,1687,827774
2022-01-05,Idaho,1654930,722,934970,531,828305
2022-01-06,Idaho,1654930,0,934970,0,828305
2022-01-07,Idaho,1654930,779,935749,580,828885
2022-01-08,Idaho,1654930,1686,937435,1127,830012
2022-01-09,Idaho,1654930,887,938322,630,830642
2022-01-10,Idaho,1654930,517,938839,325,830967
2022-01-11,Idaho,1654930,415,939254,240,831207
2022-01-12,Idaho,1654930,721,939975,499,831706
2022-01-13,Idaho,1654930,1058,941033,653,832359
2022-01-14,Idaho,1654930,881,941914,516,832875
2022-01-15,Idaho,1654930,0,941914,0,832875
2022-01-16,Idaho,1654930,890,942804,477,833352
2022-01-17,Idaho,1654930,0,942804,0,833352
2022-01-18,Idaho,1654930,1748,944552,817,834169
2022-01-19,Idaho,1654930,20015,964567,15736,849905
2022-01-20,Idaho,1654930,621,965188,399,850304
2022-01-21,Idaho,1654930,615,965803,412,850716
2022-01-22,Idaho,1654930,671,966474,415,851131
2022-01-23,Idaho,1654930,715,967189,486,851617
2022-01-24,Idaho,1654930,368,967557,211,851828
2022-01-25,Idaho,1654930,92396,1059953,77168,928996
2022-01-26,Idaho,1654930,1301,1061254,1115,930111
2022-01-27,Idaho,1654930,712,1061966,597,930708
2022-01-28,Idaho,1654930,773,1062739,679,931387
2022-01-29,Idaho,1654930,547,1063286,385,931772
2022-01-30,Idaho,1654930,514,1063800,480,932252
2022-01-31,Idaho,1654930,0,1063800,0,932252
2022-02-01,Idaho,1654930,1417,1065217,1639,933891
2022-02-02,Idaho,1654930,607,1065824,600,934491
2022-02-03,Idaho,1654930,0,1065824,0,934491
2022-02-04,Idaho,1654930,1316,1067140,1290,935781
2022-02-05,Idaho,1654930,729,1067869,816,936597
2022-02-06,Idaho,1654930,606,1068475,638,937235
2022-02-07,Idaho,1654930,225,1068700,209,937444
2022-02-08,Idaho,1654930,279,1068979,326,937770
2022-02-09,Idaho,1654930,0,1068979,0,937770
2021-07-01,Illinois,12859995,15001,7543744,15532,5865479
2021-07-02,Illinois,12859995,14242,7557986,14710,5880189
2021-07-03,Illinois,12859995,13815,7571801,15157,5895346
2021-07-04,Illinois,12859995,13868,7585669,14029,5909375
2021-07-05,Illinois,12859995,0,7585669,0,5909375
2021-07-06,Illinois,12859995,14722,7600391,13495,5922870
2021-07-07,Illinois,12859995,804,7601195,907,5923777
2021-07-08,Illinois,12859995,6337,7607532,8111,5931888
2021-07-09,Illinois,12859995,11711,7619243,13919,5945807
2021-07-10,Illinois,12859995,13199,7632442,13612,5959419
2021-07-11,Illinois,12859995,12037,7644479,12188,5971607
2021-07-12,Illinois,12859995,10157,7654636,9518,5981125
2021-07-13,Illinois,12859995,8409,7663045,6418,5987543
2021-07-14,Illinois,12859995,14373,7677418,12242,5999785
2021-07-15,Illinois,12859995,13116,7690534,10589,6010374
2021-07-16,Illinois,12859995,12407,7702941,10423,6020797
2021-07-17,Illinois,12859995,12259,7715200,10280,6031077
2021-07-18,Illinois,12859995,12348,7727548,10137,6041214
2021-07-19,Illinois,12859995,10676,7738224,8080,6049294
2021-07-20,Illinois,12859995,0,7738224,0,6049294
2021-07-21,Illinois,12859995,18442,7756666,12827,6062121
2021-07-22,Illinois,12859995,15055,7771721,11489,6073610
2021-07-23,Illinois,12859995,15086,7786807,10588,6084198
2021-07-24,Illinois,12859995,11718,7798525,7863,6092061
2021-07-25,Illinois,12859995,13091,7811616,7986,6100047
2021-07-26,Illinois,12859995,9114,7820730,4739,6104786
2021-07-27,Illinois,12859995,5961,7826691,2836,6107622
2021-07-28,Illinois,12859995,10224,7836915,4669,6112291
2021-07-29,Illinois,12859995,16966,7853881,11411,6123702
2021-07-30,Illinois,12859995,30633,7884514,18351,6142053
2021-07-31,Illinois,12859995,16389,7900903,9501,6151554
2021-08-01,Illinois,12859995,22659,7923562,12005,6163559
2021-08-02,Illinois,12859995,13910,7937472,7253,6170812
2021-08-03,Illinois,12859995,9018,7946490,5542,6176354
2021-08-04,Illinois,12859995,13164,7959654,7806,6184160
2021-08-05,Illinois,12859995,17642,7977296,10536,6194696
2021-08-06,Illinois,12859995,16990,7994286,9713,6204409
2021-08-07,Illinois,12859995,17463,8011749,9971,6214380
2021-08-08,Illinois,12859995,16980,8028729,9837,6224217
2021-08-09,Illinois,12859995,17292,8046021,9410,6233627
2021-08-10,Illinois,12859995,10789,8056810,6476,6240103
2021-08-11,Illinois,12859995,11183,8067993,7776,6247879
2021-08-12,Illinois,12859995,11108,8079101,7469,6255348
2021-08-13,Illinois,12859995,22106,8101207,14617,6269965
2021-08-14,Illinois,12859995,17966,8119173,12412,6282377
2021-08-15,Illinois,12859995,22745,8141918,17906,6300283
2021-08-16,Illinois,12859995,15310,8157228,13099,6313382
2021-08-17,Illinois,12859995,9948,8167176,8711,6322093
2021-08-18,Illinois,12859995,10924,8178100,9328,6331421
2021-08-19,Illinois,12859995,14872,8192972,13048,6344469
2021-08-20,Illinois,12859995,15395,8208367,13449,6357918
2021-08-21,Illinois,12859995,13851,8222218,11651,6369569
2021-08-22,Illinois,12859995,13418,8235636,11292,6380861
2021-08-23,Illinois,12859995,11825,8247461,11313,6392174
2021-08-24,Illinois,12859995,8051,8255512,7631,6399805
2021-08-25,Illinois,12859995,10288,8265800,9878,6409683
2021-08-26,Illinois,12859995,15325,8281125,13973,6423656
2021-08-27,Illinois,12859995,14541,8295666,13344,6437000
2021-08-28,Illinois,12859995,0,8295666,0,6437000
2021-08-29,Illinois,12859995,32509,8328175,25969,6462969
2021-08-30,Illinois,12859995,16972,8345147,14458,6477427
2021-08-31,Illinois,12859995,13780,8358927,11840,6489267
2021-09-01,Illinois,12859995,12905,8371832,10694,6499961
2021-09-02,Illinois,12859995,14914,8386746,12946,6512907
2021-09-03,Illinois,12859995,15195,8401941,12268,6525175
2021-09-04,Illinois,12859995,15401,8417342,11213,6536388
2021-09-05,Illinois,12859995,0,8417342,0,6536388
2021-09-06,Illinois,12859995,0,8417342,0,6536388
2021-09-07,Illinois,12859995,36705,8454047,28167,6564555
2021-09-08,Illinois,12859995,6775,8460822,5197,6569752
2021-09-09,Illinois,12859995,709,8461531,534,6570286
2021-09-10,Illinois,12859995,18493,8480024,18644,6588930
2021-09-11,Illinois,12859995,12142,8492166,11203,6600133
2021-09-12,Illinois,12859995,12267,8504433,10857,6610990
2021-09-13,Illinois,12859995,0,8504433,0,6610990
2021-09-14,Illinois,12859995,17953,8522386,16694,6627684
2021-09-15,Illinois,12859995,8867,8531253,8126,6635810
2021-09-16,Illinois,12859995,11363,8542616,11094,6646904
2021-09-17,Illinois,12859995,10897,8553513,10406,6657310
2021-09-18,Illinois,12859995,10417,8563930,10234,6667544
2021-09-19,Illinois,12859995,10381,8574311,10578,6678122
2021-09-20,Illinois,12859995,9170,8583481,10311,6688433
2021-09-21,Illinois,12859995,6417,8589898,7497,6695930
2021-09-22,Illinois,12859995,6943,8596841,7496,6703426
2021-09-23,Illinois,12859995,10876,8607717,11979,6715405
2021-09-24,Illinois,12859995,8202,8615919,8852,6724257
2021-09-25,Illinois,12859995,11134,8627053,12441,6736698
2021-09-26,Illinois,12859995,10307,8637360,11759,6748457
2021-09-27,Illinois,12859995,8580,8645940,9258,6757715
2021-09-28,Illinois,12859995,0,8645940,0,6757715
2021-09-29,Illinois,12859995,18974,8664914,17456,6775171
2021-09-30,Illinois,12859995,6792,8671706,5500,6780671
2021-10-01,Illinois,12859995,9261,8680967,7164,6787835
2021-10-02,Illinois,12859995,5449,8686416,4869,6792704
2021-10-03,Illinois,12859995,13317,8699733,11716,6804420
2021-10-04,Illinois,12859995,18653,8718386,14978,6819398
2021-10-05,Illinois,12859995,6325,8724711,5447,6824845
2021-10-06,Illinois,12859995,9649,8734360,10044,6834889
2021-10-07,Illinois,12859995,7241,8741601,6089,6840978
2021-10-08,Illinois,12859995,21427,8763028,16916,6857894
2021-10-09,Illinois,12859995,10258,8773286,8342,6866236
2021-10-10,Illinois,12859995,0,8773286,0,6866236
2021-10-11,Illinois,12859995,0,8773286,0,6866236
2021-10-12,Illinois,12859995,21639,8794925,17385,6883621
2021-10-13,Illinois,12859995,417,8795342,229,6883850
2021-10-14,Illinois,12859995,2701,8798043,2498,6886348
2021-10-15,Illinois,12859995,927,8798970,703,6887051
2021-10-16,Illinois,12859995,693,8799663,411,6887462
2021-10-17,Illinois,12859995,769,8800432,532,6887994
2021-10-18,Illinois,12859995,458,8800890,192,6888186
2021-10-19,Illinois,12859995,568,8801458,342,6888528
2021-10-20,Illinois,12859995,716,8802174,595,6889123
2021-10-21,Illinois,12859995,759,8802933,373,6889496
2021-10-22,Illinois,12859995,10988,8813921,7179,6896675
2021-10-23,Illinois,12859995,771,8814692,435,6897110
2021-10-24,Illinois,12859995,764,8815456,334,6897444
2021-10-25,Illinois,12859995,679,8816135,240,6897684
2021-10-26,Illinois,12859995,848,8816983,270,6897954
2021-10-27,Illinois,12859995,1300,8818283,422,6898376
2021-10-28,Illinois,12859995,1532,8819815,443,6898819
2021-10-29,Illinois,12859995,-541315,8278500,731528,7630347
2021-10-30,Illinois,12859995,16125,8294625,11970,7642317
2021-10-31,Illinois,12859995,19501,8314126,14488,7656805
2021-11-01,Illinois,12859995,11058,8325184,6419,7663224
2021-11-02,Illinois,12859995,8279,8333463,4805,7668029
2021-11-03,Illinois,12859995,13771,8347234,10206,7678235
2021-11-04,Illinois,12859995,16734,8363968,12116,7690351
2021-11-05,Illinois,12859995,9683,8373651,6451,7696802
2021-11-06,Illinois,12859995,15936,8389587,11751,7708553
2021-11-07,Illinois,12859995,16415,8406002,10785,7719338
2021-11-08,Illinois,12859995,17467,8423469,11248,7730586
2021-11-09,Illinois,12859995,6285,8429754,4136,7734722
2021-11-10,Illinois,12859995,12249,8442003,8014,7742736
2021-11-11,Illinois,12859995,0,8442003,0,7742736
2021-11-12,Illinois,12859995,20202,8462205,13491,7756227
2021-11-13,Illinois,12859995,2337,8464542,822,7757049
2021-11-14,Illinois,12859995,41633,8506175,24382,7781431
2021-11-15,Illinois,12859995,12791,8518966,6383,7787814
2021-11-16,Illinois,12859995,7497,8526463,3661,7791475
2021-11-17,Illinois,12859995,14601,8541064,8404,7799879
2021-11-18,Illinois,12859995,0,8541064,0,7799879
2021-11-19,Illinois,12859995,-125246,8415818,-99676,7700203
2021-11-20,Illinois,12859995,23360,8439178,16673,7716876
2021-11-21,Illinois,12859995,19049,8458227,12639,7729515
2021-11-22,Illinois,12859995,34020,8492247,18515,7748030
2021-11-23,Illinois,12859995,0,8492247,0,7748030
2021-11-24,Illinois,12859995,211419,8703666,28062,7776092
2021-11-25,Illinois,12859995,0,8703666,0,7776092
2021-11-26,Illinois,12859995,0,8703666,0,7776092
2021-11-27,Illinois,12859995,0,8703666,0,7776092
2021-11-28,Illinois,12859995,0,8703666,0,7776092
2021-11-29,Illinois,12859995,0,8703666,0,7776092
2021-11-30,Illinois,12859995,95593,8799259,45027,7821119
2021-12-01,Illinois,12859995,16776,8816035,14557,7835676
2021-12-02,Illinois,12859995,-55578,8760457,-30390,7805286
2021-12-03,Illinois,12859995,20213,8780670,16422,7821708
2021-12-04,Illinois,12859995,29108,8809778,28587,7850295
2021-12-05,Illinois,12859995,28723,8838501,27814,7878109
2021-12-06,Illinois,12859995,17098,8855599,21374,7899483
2021-12-07,Illinois,12859995,12670,8868269,16836,7916319
2021-12-08,Illinois,12859995,22900,8891169,21391,7937710
2021-12-09,Illinois,12859995,-5582,8885587,4544,7942254
2021-12-10,Illinois,12859995,26224,8911811,21514,7963768
2021-12-11,Illinois,12859995,29230,8941041,24058,7987826
2021-12-12,Illinois,12859995,22592,8963633,17138,8004964
2021-12-13,Illinois,12859995,16456,8980089,14757,8019721
2021-12-14,Illinois,12859995,8309,8988398,5908,8025629
2021-12-15,Illinois,12859995,0,8988398,0,8025629
2021-12-16,Illinois,12859995,23397,9011795,20725,8046354
2021-12-17,Illinois,12859995,-23405,8988390,-2870,8043484
2021-12-18,Illinois,12859995,0,8988390,0,8043484
2021-12-19,Illinois,12859995,55080,9043470,35646,8079130
2021-12-20,Illinois,12859995,17202,9060672,9642,8088772
2021-12-21,Illinois,12859995,20214,9080886,13749,8102521
2021-12-22,Illinois,12859995,21066,9101952,11103,8113624
2021-12-23,Illinois,12859995,-32177,9069775,-21657,8091967
2021-12-24,Illinois,12859995,0,9069775,0,8091967
2021-12-25,Illinois,12859995,0,9069775,0,8091967
2021-12-26,Illinois,12859995,0,9069775,0,8091967
2021-12-27,Illinois,12859995,75133,9144908,43720,8135687
2021-12-28,Illinois,12859995,5849,9150757,2197,8137884
2021-12-29,Illinois,12859995,19946,9170703,12719,8150603
2021-12-30,Illinois,12859995,-51819,9118884,-35964,8114639
2021-12-31,Illinois,12859995,0,9118884,0,8114639
2022-01-01,Illinois,12859995,0,9118884,0,8114639
2022-01-02,Illinois,12859995,0,9118884,0,8114639
2022-01-03,Illinois,12859995,0,9118884,0,8114639
2022-01-04,Illinois,12859995,82892,9201776,47419,8162058
2022-01-05,Illinois,12859995,20041,9221817,12797,8174855
2022-01-06,Illinois,12859995,0,9221817,0,8174855
2022-01-07,Illinois,12859995,30226,9252043,18606,8193461
2022-01-08,Illinois,12859995,4338,9256381,731,8194192
2022-01-09,Illinois,12859995,29446,9285827,15460,8209652
2022-01-10,Illinois,12859995,17971,9303798,7923,8217575
2022-01-11,Illinois,12859995,10612,9314410,4895,8222470
2022-01-12,Illinois,12859995,25053,9339463,15065,8237535
2022-01-13,Illinois,12859995,23163,9362626,11688,8249223
2022-01-14,Illinois,12859995,-26314,9336312,-13532,8235691
2022-01-15,Illinois,12859995,0,9336312,0,8235691
2022-01-16,Illinois,12859995,23804,9360116,14353,8250044
2022-01-17,Illinois,12859995,0,9360116,0,8250044
2022-01-18,Illinois,12859995,51415,9411531,22284,8272328
2022-01-19,Illinois,12859995,37247,9448778,22171,8294499
2022-01-20,Illinois,12859995,25326,9474104,16451,8310950
2022-01-21,Illinois,12859995,-36129,9437975,-17432,8293518
2022-01-22,Illinois,12859995,22556,9460531,16526,8310044
2022-01-23,Illinois,12859995,20221,9480752,14417,8324461
2022-01-24,Illinois,12859995,13424,9494176,5565,8330026
2022-01-25,Illinois,12859995,10711,9504887,4987,8335013
2022-01-26,Illinois,12859995,14206,9519093,10621,8345634
2022-01-27,Illinois,12859995,15010,9534103,12225,8357859
2022-01-28,Illinois,12859995,-30660,9503443,-8038,8349821
2022-01-29,Illinois,12859995,18401,9521844,15231,8365052
2022-01-30,Illinois,12859995,15027,9536871,13632,8378684
2022-01-31,Illinois,12859995,0,9536871,0,8378684
2022-02-01,Illinois,12859995,24445,9561316,25564,8404248
2022-02-02,Illinois,12859995,14394,9575710,12959,8417207
2022-02-03,Illinois,12859995,0,9575710,0,8417207
2022-02-04,Illinois,12859995,-23133,9552577,-12697,8404510
2022-02-05,Illinois,12859995,9657,9562234,10061,8414571
2022-02-06,Illinois,12859995,11519,9573753,11691,8426262
2022-02-07,Illinois,12859995,7505,9581258,8928,8435190
2022-02-08,Illinois,12859995,5064,9586322,5596,8440786
2022-02-09,Illinois,12859995,0,9586322,0,8440786
2021-07-01,Indiana,6619680,6072,3005438,6784,2693550
2021-07-02,Indiana,6619680,6036,3011474,6622,2700172
2021-07-03,Indiana,6619680,45212,3056686,165368,2865540
2021-07-04,Indiana,6619680,3935,3060621,5264,2870804
2021-07-05,Indiana,6619680,0,3060621,0,2870804
2021-07-06,Indiana,6619680,3454,3064075,4603,2875407
2021-07-07,Indiana,6619680,1172,3065247,1621,2877028
2021-07-08,Indiana,6619680,4388,3069635,6849,2883877
2021-07-09,Indiana,6619680,4606,3074241,5939,2889816
2021-07-10,Indiana,6619680,4283,3078524,5290,2895106
2021-07-11,Indiana,6619680,4348,3082872,5658,2900764
2021-07-12,Indiana,6619680,3294,3086166,4354,2905118
2021-07-13,Indiana,6619680,2003,3088169,2010,2907128
2021-07-14,Indiana,6619680,3302,3091471,3601,2910729
2021-07-15,Indiana,6619680,4144,3095615,4537,2915266
2021-07-16,Indiana,6619680,4553,3100168,4807,2920073
2021-07-17,Indiana,6619680,4781,3104949,4548,2924621
2021-07-18,Indiana,6619680,4941,3109890,4370,2928991
2021-07-19,Indiana,6619680,3471,3113361,3335,2932326
2021-07-20,Indiana,6619680,0,3113361,0,2932326
2021-07-21,Indiana,6619680,6624,3119985,5329,2937655
2021-07-22,Indiana,6619680,6499,3126484,5914,2943569
2021-07-23,Indiana,6619680,6288,3132772,4994,2948563
2021-07-24,Indiana,6619680,6066,3138838,4635,2953198
2021-07-25,Indiana,6619680,6432,3145270,4274,2957472
2021-07-26,Indiana,6619680,5634,3150904,2916,2960388
2021-07-27,Indiana,6619680,2867,3153771,1386,2961774
2021-07-28,Indiana,6619680,5786,3159557,2831,2964605
2021-07-29,Indiana,6619680,6816,3166373,4033,2968638
2021-07-30,Indiana,6619680,7223,3173596,4723,2973361
2021-07-31,Indiana,6619680,7072,3180668,4071,2977432
2021-08-01,Indiana,6619680,7705,3188373,4258,2981690
2021-08-02,Indiana,6619680,5737,3194110,3496,2985186
2021-08-03,Indiana,6619680,3313,3197423,1815,2987001
2021-08-04,Indiana,6619680,6243,3203666,3309,2990310
2021-08-05,Indiana,6619680,7779,3211445,4371,2994681
2021-08-06,Indiana,6619680,7310,3218755,3968,2998649
2021-08-07,Indiana,6619680,7352,3226107,4142,3002791
2021-08-08,Indiana,6619680,7406,3233513,4362,3007153
2021-08-09,Indiana,6619680,6173,3239686,3599,3010752
2021-08-10,Indiana,6619680,3725,3243411,1920,3012672
2021-08-11,Indiana,6619680,5577,3248988,3498,3016170
2021-08-12,Indiana,6619680,5747,3254735,3983,3020153
2021-08-13,Indiana,6619680,7271,3262006,4842,3024995
2021-08-14,Indiana,6619680,7207,3269213,5355,3030350
2021-08-15,Indiana,6619680,6572,3275785,5075,3035425
2021-08-16,Indiana,6619680,5429,3281214,4665,3040090
2021-08-17,Indiana,6619680,3526,3284740,2335,3042425
2021-08-18,Indiana,6619680,5372,3290112,4399,3046824
2021-08-19,Indiana,6619680,6937,3297049,6525,3053349
2021-08-20,Indiana,6619680,6992,3304041,5513,3058862
2021-08-21,Indiana,6619680,6975,3311016,5569,3064431
2021-08-22,Indiana,6619680,7839,3318855,6131,3070562
2021-08-23,Indiana,6619680,5871,3324726,5044,3075606
2021-08-24,Indiana,6619680,3678,3328404,2825,3078431
2021-08-25,Indiana,6619680,5871,3334275,5073,3083504
2021-08-26,Indiana,6619680,7716,3341991,6110,3089614
2021-08-27,Indiana,6619680,8214,3350205,6093,3095707
2021-08-28,Indiana,6619680,0,3350205,0,3095707
2021-08-29,Indiana,6619680,15516,3365721,11680,3107387
2021-08-30,Indiana,6619680,6582,3372303,5642,3113029
2021-08-31,Indiana,6619680,4036,3376339,3378,3116407
2021-09-01,Indiana,6619680,6298,3382637,5271,3121678
2021-09-02,Indiana,6619680,7533,3390170,6548,3128226
2021-09-03,Indiana,6619680,6161,3396331,5264,3133490
2021-09-04,Indiana,6619680,7136,3403467,5460,3138950
2021-09-05,Indiana,6619680,0,3403467,0,3138950
2021-09-06,Indiana,6619680,0,3403467,0,3138950
2021-09-07,Indiana,6619680,7138,3410605,5805,3144755
2021-09-08,Indiana,6619680,2447,3413052,2135,3146890
2021-09-09,Indiana,6619680,3580,3416632,4009,3150899
2021-09-10,Indiana,6619680,6232,3422864,6317,3157216
2021-09-11,Indiana,6619680,5859,3428723,5505,3162721
2021-09-12,Indiana,6619680,7086,3435809,6321,3169042
2021-09-13,Indiana,6619680,0,3435809,0,3169042
2021-09-14,Indiana,6619680,9219,3445028,8266,3177308
2021-09-15,Indiana,6619680,4562,3449590,4800,3182108
2021-09-16,Indiana,6619680,5796,3455386,6006,3188114
2021-09-17,Indiana,6619680,5514,3460900,6476,3194590
2021-09-18,Indiana,6619680,4151,3465051,5302,3199892
2021-09-19,Indiana,6619680,8970,3474021,10348,3210240
2021-09-20,Indiana,6619680,4974,3478995,6051,3216291
2021-09-21,Indiana,6619680,2505,3481500,3292,3219583
2021-09-22,Indiana,6619680,3341,3484841,4513,3224096
2021-09-23,Indiana,6619680,4242,3489083,6065,3230161
2021-09-24,Indiana,6619680,3744,3492827,5079,3235240
2021-09-25,Indiana,6619680,4737,3497564,6054,3241294
2021-09-26,Indiana,6619680,4815,3502379,6310,3247604
2021-09-27,Indiana,6619680,5190,3507569,2616,3250220
2021-09-28,Indiana,6619680,0,3507569,0,3250220
2021-09-29,Indiana,6619680,5924,3513493,3849,3254069
2021-09-30,Indiana,6619680,2868,3516361,2737,3256806
2021-10-01,Indiana,6619680,3793,3520154,3326,3260132
2021-10-02,Indiana,6619680,2746,3522900,2963,3263095
2021-10-03,Indiana,6619680,5287,3528187,6505,3269600
2021-10-04,Indiana,6619680,5541,3533728,6060,3275660
2021-10-05,Indiana,6619680,2127,3535855,2137,3277797
2021-10-06,Indiana,6619680,2468,3538323,2632,3280429
2021-10-07,Indiana,6619680,2837,3541160,2907,3283336
2021-10-08,Indiana,6619680,9148,3550308,9260,3292596
2021-10-09,Indiana,6619680,3887,3554195,4046,3296642
2021-10-10,Indiana,6619680,0,3554195,0,3296642
2021-10-11,Indiana,6619680,0,3554195,0,3296642
2021-10-12,Indiana,6619680,3603,3557798,4196,3300838
2021-10-13,Indiana,6619680,3052,3560850,3263,3304101
2021-10-14,Indiana,6619680,3828,3564678,3923,3308024
2021-10-15,Indiana,6619680,3217,3567895,3409,3311433
2021-10-16,Indiana,6619680,3401,3571296,3166,3314599
2021-10-17,Indiana,6619680,4000,3575296,4311,3318910
2021-10-18,Indiana,6619680,2671,3577967,2918,3321828
2021-10-19,Indiana,6619680,1390,3579357,1482,3323310
2021-10-20,Indiana,6619680,2398,3581755,2440,3325750
2021-10-21,Indiana,6619680,2581,3584336,2569,3328319
2021-10-22,Indiana,6619680,6742,3591078,4829,3333148
2021-10-23,Indiana,6619680,2981,3594059,2698,3335846
2021-10-24,Indiana,6619680,2865,3596924,2649,3338495
2021-10-25,Indiana,6619680,1993,3598917,1794,3340289
2021-10-26,Indiana,6619680,1626,3600543,1386,3341675
2021-10-27,Indiana,6619680,1499,3602042,1189,3342864
2021-10-28,Indiana,6619680,3766,3605808,2662,3345526
2021-10-29,Indiana,6619680,5150,3610958,5340,3350866
2021-10-30,Indiana,6619680,4032,3614990,2817,3353683
2021-10-31,Indiana,6619680,5058,3620048,3748,3357431
2021-11-01,Indiana,6619680,3227,3623275,1536,3358967
2021-11-02,Indiana,6619680,1662,3624937,862,3359829
2021-11-03,Indiana,6619680,2564,3627501,1790,3361619
2021-11-04,Indiana,6619680,3509,3631010,2396,3364015
2021-11-05,Indiana,6619680,3999,3635009,1623,3365638
2021-11-06,Indiana,6619680,3810,3638819,1684,3367322
2021-11-07,Indiana,6619680,6244,3645063,3036,3370358
2021-11-08,Indiana,6619680,5457,3650520,2927,3373285
2021-11-09,Indiana,6619680,1335,3651855,844,3374129
2021-11-10,Indiana,6619680,2933,3654788,919,3375048
2021-11-11,Indiana,6619680,0,3654788,0,3375048
2021-11-12,Indiana,6619680,5014,3659802,1352,3376400
2021-11-13,Indiana,6619680,4619,3664421,1610,3378010
2021-11-14,Indiana,6619680,11842,3676263,3852,3381862
2021-11-15,Indiana,6619680,9179,3685442,2610,3384472
2021-11-16,Indiana,6619680,3085,3688527,998,3385470
2021-11-17,Indiana,6619680,5378,3693905,1739,3387209
2021-11-18,Indiana,6619680,0,3693905,0,3387209
2021-11-19,Indiana,6619680,2262,3696167,886,3388095
2021-11-20,Indiana,6619680,7804,3703971,2404,3390499
2021-11-21,Indiana,6619680,6677,3710648,2132,3392631
2021-11-22,Indiana,6619680,17279,3727927,5764,3398395
2021-11-23,Indiana,6619680,0,3727927,0,3398395
2021-11-24,Indiana,6619680,9634,3737561,3102,3401497
2021-11-25,Indiana,6619680,0,3737561,0,3401497
2021-11-26,Indiana,6619680,0,3737561,0,3401497
2021-11-27,Indiana,6619680,0,3737561,0,3401497
2021-11-28,Indiana,6619680,0,3737561,0,3401497
2021-11-29,Indiana,6619680,0,3737561,0,3401497
2021-11-30,Indiana,6619680,10511,3748072,3586,3405083
2021-12-01,Indiana,6619680,4914,3752986,3972,3409055
2021-12-02,Indiana,6619680,8280,3761266,5914,3414969
2021-12-03,Indiana,6619680,7256,3768522,2527,3417496
2021-12-04,Indiana,6619680,10818,3779340,4860,3422356
2021-12-05,Indiana,6619680,4204,3783544,3368,3425724
2021-12-06,Indiana,6619680,5057,3788601,5713,3431437
2021-12-07,Indiana,6619680,2664,3791265,2317,3433754
2021-12-08,Indiana,6619680,4710,3795975,3868,3437622
2021-12-09,Indiana,6619680,7015,3802990,5361,3442983
2021-12-10,Indiana,6619680,7909,3810899,5538,3448521
2021-12-11,Indiana,6619680,5476,3816375,4409,3452930
2021-12-12,Indiana,6619680,5844,3822219,4893,3457823
2021-12-13,Indiana,6619680,4220,3826439,5322,3463145
2021-12-14,Indiana,6619680,1687,3828126,1435,3464580
2021-12-15,Indiana,6619680,0,3828126,0,3464580
2021-12-16,Indiana,6619680,4598,3832724,4139,3468719
2021-12-17,Indiana,6619680,11984,3844708,6629,3475348
2021-12-18,Indiana,6619680,0,3844708,0,3475348
2021-12-19,Indiana,6619680,12872,3857580,4901,3480249
2021-12-20,Indiana,6619680,4468,3862048,1660,3481909
2021-12-21,Indiana,6619680,2410,3864458,1262,3483171
2021-12-22,Indiana,6619680,6054,3870512,2889,3486060
2021-12-23,Indiana,6619680,7373,3877885,3520,3489580
2021-12-24,Indiana,6619680,0,3877885,0,3489580
2021-12-25,Indiana,6619680,0,3877885,0,3489580
2021-12-26,Indiana,6619680,0,3877885,0,3489580
2021-12-27,Indiana,6619680,7869,3885754,3739,3493319
2021-12-28,Indiana,6619680,1257,3887011,628,3493947
2021-12-29,Indiana,6619680,4801,3891812,3033,3496980
2021-12-30,Indiana,6619680,6160,3897972,3807,3500787
2021-12-31,Indiana,6619680,0,3897972,0,3500787
2022-01-01,Indiana,6619680,0,3897972,0,3500787
2022-01-02,Indiana,6619680,0,3897972,0,3500787
2022-01-03,Indiana,6619680,0,3897972,0,3500787
2022-01-04,Indiana,6619680,9036,3907008,4558,3505345
2022-01-05,Indiana,6619680,4285,3911293,2793,3508138
2022-01-06,Indiana,6619680,0,3911293,0,3508138
2022-01-07,Indiana,6619680,6591,3917884,3820,3511958
2022-01-08,Indiana,6619680,11913,3929797,6704,3518662
2022-01-09,Indiana,6619680,6809,3936606,4011,3522673
2022-01-10,Indiana,6619680,4158,3940764,2602,3525275
2022-01-11,Indiana,6619680,2810,3943574,1421,3526696
2022-01-12,Indiana,6619680,4550,3948124,2921,3529617
2022-01-13,Indiana,6619680,5988,3954112,3798,3533415
2022-01-14,Indiana,6619680,6101,3960213,3524,3536939
2022-01-15,Indiana,6619680,0,3960213,0,3536939
2022-01-16,Indiana,6619680,6624,3966837,2949,3539888
2022-01-17,Indiana,6619680,0,3966837,0,3539888
2022-01-18,Indiana,6619680,13852,3980689,7977,3547865
2022-01-19,Indiana,6619680,14487,3995176,8113,3555978
2022-01-20,Indiana,6619680,4392,3999568,3041,3559019
2022-01-21,Indiana,6619680,4156,4003724,3159,3562178
2022-01-22,Indiana,6619680,4814,4008538,1769,3563947
2022-01-23,Indiana,6619680,5515,4014053,1743,3565690
2022-01-24,Indiana,6619680,3289,4017342,1104,3566794
2022-01-25,Indiana,6619680,1745,4019087,731,3567525
2022-01-26,Indiana,6619680,2785,4021872,2345,3569870
2022-01-27,Indiana,6619680,3354,4025226,3211,3573081
2022-01-28,Indiana,6619680,3294,4028520,3343,3576424
2022-01-29,Indiana,6619680,3545,4032065,2809,3579233
2022-01-30,Indiana,6619680,3689,4035754,3095,3582328
2022-01-31,Indiana,6619680,0,4035754,0,3582328
2022-02-01,Indiana,6619680,3881,4039635,3575,3585903
2022-02-02,Indiana,6619680,2622,4042257,2669,3588572
2022-02-03,Indiana,6619680,0,4042257,0,3588572
2022-02-04,Indiana,6619680,4412,4046669,5384,3593956
2022-02-05,Indiana,6619680,1013,4047682,1144,3595100
2022-02-06,Indiana,6619680,1236,4048918,1656,3596756
2022-02-07,Indiana,6619680,1388,4050306,2128,3598884
2022-02-08,Indiana,6619680,898,4051204,1433,3600317
2022-02-09,Indiana,6619680,0,4051204,0,3600317
2021-07-01,Kansas,2911641,3713,1434799,4104,1224715
2021-07-02,Kansas,2911641,2300,1437099,2553,1227268
2021-07-03,Kansas,2911641,2264,1439363,2298,1229566
2021-07-04,Kansas,2911641,2364,1441727,2232,1231798
2021-07-05,Kansas,2911641,0,1441727,0,1231798
2021-07-06,Kansas,2911641,1681,1443408,1460,1233258
2021-07-07,Kansas,2911641,476,1443884,529,1233787
2021-07-08,Kansas,2911641,2019,1445903,2265,1236052
2021-07-09,Kansas,2911641,2142,1448045,2071,1238123
2021-07-10,Kansas,2911641,2081,1450126,1961,1240084
2021-07-11,Kansas,2911641,2531,1452657,2212,1242296
2021-07-12,Kansas,2911641,1341,1453998,948,1243244
2021-07-13,Kansas,2911641,935,1454933,560,1243804
2021-07-14,Kansas,2911641,1749,1456682,1457,1245261
2021-07-15,Kansas,2911641,2354,1459036,1836,1247097
2021-07-16,Kansas,2911641,2587,1461623,2175,1249272
2021-07-17,Kansas,2911641,2770,1464393,2219,1251491
2021-07-18,Kansas,2911641,2993,1467386,2090,1253581
2021-07-19,Kansas,2911641,1629,1469015,1003,1254584
2021-07-20,Kansas,2911641,0,1469015,0,1254584
2021-07-21,Kansas,2911641,3325,1472340,2852,1257436
2021-07-22,Kansas,2911641,3569,1475909,2113,1259549
2021-07-23,Kansas,2911641,3290,1479199,2132,1261681
2021-07-24,Kansas,2911641,47725,1526924,43426,1305107
2021-07-25,Kansas,2911641,4756,1531680,2524,1307631
2021-07-26,Kansas,2911641,3050,1534730,1206,1308837
2021-07-27,Kansas,2911641,1959,1536689,854,1309691
2021-07-28,Kansas,2911641,3204,1539893,1277,1310968
2021-07-29,Kansas,2911641,3930,1543823,1756,1312724
2021-07-30,Kansas,2911641,4880,1548703,2248,1314972
2021-07-31,Kansas,2911641,4965,1553668,2291,1317263
2021-08-01,Kansas,2911641,5104,1558772,2341,1319604
2021-08-02,Kansas,2911641,3813,1562585,1615,1321219
2021-08-03,Kansas,2911641,2142,1564727,954,1322173
2021-08-04,Kansas,2911641,3972,1568699,2043,1324216
2021-08-05,Kansas,2911641,4844,1573543,2562,1326778
2021-08-06,Kansas,2911641,4684,1578227,3015,1329793
2021-08-07,Kansas,2911641,4971,1583198,2544,1332337
2021-08-08,Kansas,2911641,4839,1588037,2621,1334958
2021-08-09,Kansas,2911641,3001,1591038,1735,1336693
2021-08-10,Kansas,2911641,2009,1593047,1085,1337778
2021-08-11,Kansas,2911641,3523,1596570,2308,1340086
2021-08-12,Kansas,2911641,3762,1600332,2602,1342688
2021-08-13,Kansas,2911641,4917,1605249,3185,1345873
2021-08-14,Kansas,2911641,5996,1611245,3681,1349554
2021-08-15,Kansas,2911641,4881,1616126,3397,1352951
2021-08-16,Kansas,2911641,2547,1618673,2344,1355295
2021-08-17,Kansas,2911641,2045,1620718,1607,1356902
2021-08-18,Kansas,2911641,3155,1623873,2643,1359545
2021-08-19,Kansas,2911641,4157,1628030,3581,1363126
2021-08-20,Kansas,2911641,3929,1631959,3452,1366578
2021-08-21,Kansas,2911641,4174,1636133,3965,1370543
2021-08-22,Kansas,2911641,4245,1640378,4154,1374697
2021-08-23,Kansas,2911641,3828,1644206,4353,1379050
2021-08-24,Kansas,2911641,1993,1646199,2210,1381260
2021-08-25,Kansas,2911641,2985,1649184,3305,1384565
2021-08-26,Kansas,2911641,4053,1653237,4088,1388653
2021-08-27,Kansas,2911641,3877,1657114,3807,1392460
2021-08-28,Kansas,2911641,0,1657114,0,1392460
2021-08-29,Kansas,2911641,8521,1665635,8220,1400680
2021-08-30,Kansas,2911641,2585,1668220,2963,1403643
2021-08-31,Kansas,2911641,1779,1669999,2096,1405739
2021-09-01,Kansas,2911641,3115,1673114,3178,1408917
2021-09-02,Kansas,2911641,4347,1677461,4432,1413349
2021-09-03,Kansas,2911641,3626,1681087,3471,1416820
2021-09-04,Kansas,2911641,4132,1685219,3518,1420338
2021-09-05,Kansas,2911641,0,1685219,0,1420338
2021-09-06,Kansas,2911641,0,1685219,0,1420338
2021-09-07,Kansas,2911641,3609,1688828,3729,1424067
2021-09-08,Kansas,2911641,4908,1693736,5137,1429204
2021-09-09,Kansas,2911641,1948,1695684,2365,1431569
2021-09-10,Kansas,2911641,3602,1699286,4402,1435971
2021-09-11,Kansas,2911641,3071,1702357,3232,1439203
2021-09-12,Kansas,2911641,2800,1705157,3402,1442605
2021-09-13,Kansas,2911641,0,1705157,0,1442605
2021-09-14,Kansas,2911641,3794,1708951,4418,1447023
2021-09-15,Kansas,2911641,2265,1711216,2667,1449690
2021-09-16,Kansas,2911641,2969,1714185,3540,1453230
2021-09-17,Kansas,2911641,2355,1716540,3063,1456293
2021-09-18,Kansas,2911641,2401,1718941,3093,1459386
2021-09-19,Kansas,2911641,2173,1721114,3121,1462507
2021-09-20,Kansas,2911641,1615,1722729,2513,1465020
2021-09-21,Kansas,2911641,1259,1723988,1960,1466980
2021-09-22,Kansas,2911641,1706,1725694,2424,1469404
2021-09-23,Kansas,2911641,2651,1728345,2972,1472376
2021-09-24,Kansas,2911641,1777,1730122,2405,1474781
2021-09-25,Kansas,2911641,2308,1732430,3193,1477974
2021-09-26,Kansas,2911641,2304,1734734,3123,1481097
2021-09-27,Kansas,2911641,1756,1736490,1897,1482994
2021-09-28,Kansas,2911641,0,1736490,0,1482994
2021-09-29,Kansas,2911641,6189,1742679,5396,1488390
2021-09-30,Kansas,2911641,2366,1745045,1746,1490136
2021-10-01,Kansas,2911641,2370,1747415,2145,1492281
2021-10-02,Kansas,2911641,1560,1748975,1643,1493924
2021-10-03,Kansas,2911641,3817,1752792,3399,1497323
2021-10-04,Kansas,2911641,2736,1755528,2626,1499949
2021-10-05,Kansas,2911641,939,1756467,1272,1501221
2021-10-06,Kansas,2911641,2156,1758623,1911,1503132
2021-10-07,Kansas,2911641,2164,1760787,1700,1504832
2021-10-08,Kansas,2911641,3576,1764363,3087,1507919
2021-10-09,Kansas,2911641,2816,1767179,1878,1509797
2021-10-10,Kansas,2911641,0,1767179,0,1509797
2021-10-11,Kansas,2911641,0,1767179,0,1509797
2021-10-12,Kansas,2911641,5336,1772515,6216,1516013
2021-10-13,Kansas,2911641,1978,1774493,1628,1517641
2021-10-14,Kansas,2911641,2953,1777446,2581,1520222
2021-10-15,Kansas,2911641,2068,1779514,1743,1521965
2021-10-16,Kansas,2911641,1997,1781511,1467,1523432
2021-10-17,Kansas,2911641,2591,1784102,2221,1525653
2021-10-18,Kansas,2911641,1637,1785739,1295,1526948
2021-10-19,Kansas,2911641,1162,1786901,941,1527889
2021-10-20,Kansas,2911641,2215,1789116,1752,1529641
2021-10-21,Kansas,2911641,2566,1791682,2094,1531735
2021-10-22,Kansas,2911641,5643,1797325,3949,1535684
2021-10-23,Kansas,2911641,1954,1799279,1436,1537120
2021-10-24,Kansas,2911641,3574,1802853,2746,1539866
2021-10-25,Kansas,2911641,2033,1804886,1122,1540988
2021-10-26,Kansas,2911641,1187,1806073,663,1541651
2021-10-27,Kansas,2911641,2568,1808641,1587,1543238
2021-10-28,Kansas,2911641,3505,1812146,1779,1545017
2021-10-29,Kansas,2911641,3510,1815656,1909,1546926
2021-10-30,Kansas,2911641,3821,1819477,2007,1548933
2021-10-31,Kansas,2911641,3389,1822866,2005,1550938
2021-11-01,Kansas,2911641,1995,1824861,1075,1552013
2021-11-02,Kansas,2911641,1326,1826187,929,1552942
2021-11-03,Kansas,2911641,2581,1828768,1410,1554352
2021-11-04,Kansas,2911641,2905,1831673,1422,1555774
2021-11-05,Kansas,2911641,2502,1834175,1326,1557100
2021-11-06,Kansas,2911641,3678,1837853,1930,1559030
2021-11-07,Kansas,2911641,4756,1842609,2215,1561245
2021-11-08,Kansas,2911641,3520,1846129,1703,1562948
2021-11-09,Kansas,2911641,1983,1848112,612,1563560
2021-11-10,Kansas,2911641,3528,1851640,1270,1564830
2021-11-11,Kansas,2911641,0,1851640,0,1564830
2021-11-12,Kansas,2911641,6025,1857665,2014,1566844
2021-11-13,Kansas,2911641,8905,1866570,2827,1569671
2021-11-14,Kansas,2911641,5690,1872260,1624,1571295
2021-11-15,Kansas,2911641,4367,1876627,1110,1572405
2021-11-16,Kansas,2911641,1565,1878192,544,1572949
2021-11-17,Kansas,2911641,4604,1882796,1270,1574219
2021-11-18,Kansas,2911641,0,1882796,0,1574219
2021-11-19,Kansas,2911641,4499,1887295,1571,1575790
2021-11-20,Kansas,2911641,4688,1891983,1594,1577384
2021-11-21,Kansas,2911641,5279,1897262,1841,1579225
2021-11-22,Kansas,2911641,8550,1905812,3078,1582303
2021-11-23,Kansas,2911641,0,1905812,0,1582303
2021-11-24,Kansas,2911641,7109,1912921,2614,1584917
2021-11-25,Kansas,2911641,0,1912921,0,1584917
2021-11-26,Kansas,2911641,0,1912921,0,1584917
2021-11-27,Kansas,2911641,0,1912921,0,1584917
2021-11-28,Kansas,2911641,0,1912921,0,1584917
2021-11-29,Kansas,2911641,0,1912921,0,1584917
2021-11-30,Kansas,2911641,16274,1929195,7195,1592112
2021-12-01,Kansas,2911641,3416,1932611,2818,1594930
2021-12-02,Kansas,2911641,4226,1936837,3658,1598588
2021-12-03,Kansas,2911641,586,1937423,276,1598864
2021-12-04,Kansas,2911641,4687,1942110,3938,1602802
2021-12-05,Kansas,2911641,4856,1946966,4224,1607026
2021-12-06,Kansas,2911641,2674,1949640,3257,1610283
2021-12-07,Kansas,2911641,1732,1951372,1505,1611788
2021-12-08,Kansas,2911641,3421,1954793,2653,1614441
2021-12-09,Kansas,2911641,3902,1958695,2942,1617383
2021-12-10,Kansas,2911641,4025,1962720,3624,1621007
2021-12-11,Kansas,2911641,3906,1966626,3231,1624238
2021-12-12,Kansas,2911641,3873,1970499,3131,1627369
2021-12-13,Kansas,2911641,2099,1972598,2331,1629700
2021-12-14,Kansas,2911641,1053,1973651,692,1630392
2021-12-15,Kansas,2911641,0,1973651,0,1630392
2021-12-16,Kansas,2911641,3180,1976831,3071,1633463
2021-12-17,Kansas,2911641,7003,1983834,5664,1639127
2021-12-18,Kansas,2911641,0,1983834,0,1639127
2021-12-19,Kansas,2911641,7029,1990863,4744,1643871
2021-12-20,Kansas,2911641,2559,1993422,1186,1645057
2021-12-21,Kansas,2911641,1263,1994685,695,1645752
2021-12-22,Kansas,2911641,3195,1997880,1938,1647690
2021-12-23,Kansas,2911641,4314,2002194,2596,1650286
2021-12-24,Kansas,2911641,0,2002194,0,1650286
2021-12-25,Kansas,2911641,0,2002194,0,1650286
2021-12-26,Kansas,2911641,0,2002194,0,1650286
2021-12-27,Kansas,2911641,4359,2006553,1868,1652154
2021-12-28,Kansas,2911641,5965,2012518,4825,1656979
2021-12-29,Kansas,2911641,2443,2014961,1874,1658853
2021-12-30,Kansas,2911641,3900,2018861,2317,1661170
2021-12-31,Kansas,2911641,0,2018861,0,1661170
2022-01-01,Kansas,2911641,0,2018861,0,1661170
2022-01-02,Kansas,2911641,0,2018861,0,1661170
2022-01-03,Kansas,2911641,0,2018861,0,1661170
2022-01-04,Kansas,2911641,10689,2029550,5617,1666787
2022-01-05,Kansas,2911641,2371,2031921,1540,1668327
2022-01-06,Kansas,2911641,0,2031921,0,1668327
2022-01-07,Kansas,2911641,3274,2035195,1808,1670135
2022-01-08,Kansas,2911641,6369,2041564,3603,1673738
2022-01-09,Kansas,2911641,3252,2044816,2010,1675748
2022-01-10,Kansas,2911641,1803,2046619,1197,1676945
2022-01-11,Kansas,2911641,1630,2048249,975,1677920
2022-01-12,Kansas,2911641,2524,2050773,1429,1679349
2022-01-13,Kansas,2911641,3286,2054059,2172,1681521
2022-01-14,Kansas,2911641,2891,2056950,1981,1683502
2022-01-15,Kansas,2911641,0,2056950,0,1683502
2022-01-16,Kansas,2911641,3304,2060254,1836,1685338
2022-01-17,Kansas,2911641,0,2060254,0,1685338
2022-01-18,Kansas,2911641,2394,2062648,722,1686060
2022-01-19,Kansas,2911641,26014,2088662,17249,1703309
2022-01-20,Kansas,2911641,3657,2092319,2633,1705942
2022-01-21,Kansas,2911641,2545,2094864,2086,1708028
2022-01-22,Kansas,2911641,2525,2097389,1670,1709698
2022-01-23,Kansas,2911641,2163,2099552,1610,1711308
2022-01-24,Kansas,2911641,1458,2101010,859,1712167
2022-01-25,Kansas,2911641,1161,2102171,443,1712610
2022-01-26,Kansas,2911641,1774,2103945,1474,1714084
2022-01-27,Kansas,2911641,1724,2105669,1514,1715598
2022-01-28,Kansas,2911641,1794,2107463,1685,1717283
2022-01-29,Kansas,2911641,1726,2109189,1602,1718885
2022-01-30,Kansas,2911641,1689,2110878,1708,1720593
2022-01-31,Kansas,2911641,0,2110878,0,1720593
2022-02-01,Kansas,2911641,1683,2112561,1638,1722231
2022-02-02,Kansas,2911641,1360,2113921,1228,1723459
2022-02-03,Kansas,2911641,0,2113921,0,1723459
2022-02-04,Kansas,2911641,3460,2117381,3720,1727179
2022-02-05,Kansas,2911641,963,2118344,1042,1728221
2022-02-06,Kansas,2911641,1388,2119732,1731,1729952
2022-02-07,Kansas,2911641,604,2120336,934,1730886
2022-02-08,Kansas,2911641,494,2120830,572,1731458
2022-02-09,Kansas,2911641,0,2120830,0,1731458
2021-07-01,Kentucky,4425092,4186,2213979,5054,1947461
2021-07-02,Kentucky,4425092,3723,2217702,4434,1951895
2021-07-03,Kentucky,4425092,3883,2221585,4586,1956481
2021-07-04,Kentucky,4425092,3590,2225175,4291,1960772
2021-07-05,Kentucky,4425092,0,2225175,0,1960772
2021-07-06,Kentucky,4425092,3021,2228196,3819,1964591
2021-07-07,Kentucky,4425092,1214,2229410,1421,1966012
2021-07-08,Kentucky,4425092,2913,2232323,4124,1970136
2021-07-09,Kentucky,4425092,2764,2235087,3590,1973726
2021-07-10,Kentucky,4425092,3910,2238997,3914,1977640
2021-07-11,Kentucky,4425092,5011,2244008,5562,1983202
2021-07-12,Kentucky,4425092,486,2244494,398,1983600
2021-07-13,Kentucky,4425092,1583,2246077,1525,1985125
2021-07-14,Kentucky,4425092,3139,2249216,2965,1988090
2021-07-15,Kentucky,4425092,3805,2253021,3628,1991718
2021-07-16,Kentucky,4425092,3679,2256700,3246,1994964
2021-07-17,Kentucky,4425092,4294,2260994,3499,1998463
2021-07-18,Kentucky,4425092,3697,2264691,2987,2001450
2021-07-19,Kentucky,4425092,2721,2267412,1898,2003348
2021-07-20,Kentucky,4425092,0,2267412,0,2003348
2021-07-21,Kentucky,4425092,5161,2272573,3389,2006737
2021-07-22,Kentucky,4425092,5166,2277739,3333,2010070
2021-07-23,Kentucky,4425092,5571,2283310,3708,2013778
2021-07-24,Kentucky,4425092,5257,2288567,3022,2016800
2021-07-25,Kentucky,4425092,6675,2295242,3056,2019856
2021-07-26,Kentucky,4425092,4576,2299818,1773,2021629
2021-07-27,Kentucky,4425092,2821,2302639,1146,2022775
2021-07-28,Kentucky,4425092,4758,2307397,2049,2024824
2021-07-29,Kentucky,4425092,5790,2313187,4365,2029189
2021-07-30,Kentucky,4425092,6993,2320180,3160,2032349
2021-07-31,Kentucky,4425092,6701,2326881,3108,2035457
2021-08-01,Kentucky,4425092,8799,2335680,7274,2042731
2021-08-02,Kentucky,4425092,5312,2340992,2034,2044765
2021-08-03,Kentucky,4425092,3602,2344594,1508,2046273
2021-08-04,Kentucky,4425092,8621,2353215,3466,2049739
2021-08-05,Kentucky,4425092,7540,2360755,3327,2053066
2021-08-06,Kentucky,4425092,8695,2369450,3563,2056629
2021-08-07,Kentucky,4425092,15631,2385081,6723,2063352
2021-08-08,Kentucky,4425092,1249,2386330,586,2063938
2021-08-09,Kentucky,4425092,6080,2392410,2781,2066719
2021-08-10,Kentucky,4425092,3679,2396089,1781,2068500
2021-08-11,Kentucky,4425092,5616,2401705,2891,2071391
2021-08-12,Kentucky,4425092,7350,2409055,3415,2074806
2021-08-13,Kentucky,4425092,8681,2417736,4477,2079283
2021-08-14,Kentucky,4425092,9636,2427372,4986,2084269
2021-08-15,Kentucky,4425092,7214,2434586,4202,2088471
2021-08-16,Kentucky,4425092,5788,2440374,3444,2091915
2021-08-17,Kentucky,4425092,3724,2444098,2560,2094475
2021-08-18,Kentucky,4425092,6871,2450969,4377,2098852
2021-08-19,Kentucky,4425092,8491,2459460,5002,2103854
2021-08-20,Kentucky,4425092,8990,2468450,5492,2109346
2021-08-21,Kentucky,4425092,16191,2484641,10684,2120030
2021-08-22,Kentucky,4425092,6256,2490897,4928,2124958
2021-08-23,Kentucky,4425092,1468,2492365,958,2125916
2021-08-24,Kentucky,4425092,3845,2496210,2979,2128895
2021-08-25,Kentucky,4425092,6573,2502783,5189,2134084
2021-08-26,Kentucky,4425092,8147,2510930,5838,2139922
2021-08-27,Kentucky,4425092,8878,2519808,6202,2146124
2021-08-28,Kentucky,4425092,0,2519808,0,2146124
2021-08-29,Kentucky,4425092,18496,2538304,13180,2159304
2021-08-30,Kentucky,4425092,6340,2544644,5142,2164446
2021-08-31,Kentucky,4425092,3778,2548422,3152,2167598
2021-09-01,Kentucky,4425092,7911,2556333,6422,2174020
2021-09-02,Kentucky,4425092,8129,2564462,6516,2180536
2021-09-03,Kentucky,4425092,8840,2573302,6744,2187280
2021-09-04,Kentucky,4425092,8180,2581482,6256,2193536
2021-09-05,Kentucky,4425092,0,2581482,0,2193536
2021-09-06,Kentucky,4425092,0,2581482,0,2193536
2021-09-07,Kentucky,4425092,16433,2597915,14217,2207753
2021-09-08,Kentucky,4425092,3026,2600941,2740,2210493
2021-09-09,Kentucky,4425092,4415,2605356,4415,2214908
2021-09-10,Kentucky,4425092,7446,2612802,7848,2222756
2021-09-11,Kentucky,4425092,6967,2619769,6519,2229275
2021-09-12,Kentucky,4425092,6798,2626567,6387,2235662
2021-09-13,Kentucky,4425092,0,2626567,0,2235662
2021-09-14,Kentucky,4425092,8038,2634605,8317,2243979
2021-09-15,Kentucky,4425092,5420,2640025,5212,2249191
2021-09-16,Kentucky,4425092,7003,2647028,6392,2255583
2021-09-17,Kentucky,4425092,7357,2654385,7952,2263535
2021-09-18,Kentucky,4425092,5734,2660119,6287,2269822
2021-09-19,Kentucky,4425092,814,2660933,886,2270708
2021-09-20,Kentucky,4425092,556,2661489,487,2271195
2021-09-21,Kentucky,4425092,11537,2673026,16151,2287346
2021-09-22,Kentucky,4425092,3747,2676773,4746,2292092
2021-09-23,Kentucky,4425092,4437,2681210,6411,2298503
2021-09-24,Kentucky,4425092,4424,2685634,6077,2304580
2021-09-25,Kentucky,4425092,9287,2694921,14218,2318798
2021-09-26,Kentucky,4425092,3412,2698333,4704,2323502
2021-09-27,Kentucky,4425092,639,2698972,362,2323864
2021-09-28,Kentucky,4425092,0,2698972,0,2323864
2021-09-29,Kentucky,4425092,7037,2706009,7730,2331594
2021-09-30,Kentucky,4425092,6113,2712122,6346,2337940
2021-10-01,Kentucky,4425092,4739,2716861,4954,2342894
2021-10-02,Kentucky,4425092,7939,2724800,10712,2353606
2021-10-03,Kentucky,4425092,4498,2729298,6684,2360290
2021-10-04,Kentucky,4425092,1591,2730889,535,2360825
2021-10-05,Kentucky,4425092,1832,2732721,2256,2363081
2021-10-06,Kentucky,4425092,4372,2737093,4251,2367332
2021-10-07,Kentucky,4425092,3286,2740379,3231,2370563
2021-10-08,Kentucky,4425092,5935,2746314,6683,2377246
2021-10-09,Kentucky,4425092,4673,2750987,5048,2382294
2021-10-10,Kentucky,4425092,0,2750987,0,2382294
2021-10-11,Kentucky,4425092,0,2750987,0,2382294
2021-10-12,Kentucky,4425092,6776,2757763,9201,2391495
2021-10-13,Kentucky,4425092,4122,2761885,3802,2395297
2021-10-14,Kentucky,4425092,3238,2765123,4590,2399887
2021-10-15,Kentucky,4425092,2794,2767917,3927,2403814
2021-10-16,Kentucky,4425092,2272,2770189,3252,2407066
2021-10-17,Kentucky,4425092,3623,2773812,5096,2412162
2021-10-18,Kentucky,4425092,1748,2775560,2650,2414812
2021-10-19,Kentucky,4425092,1459,2777019,1927,2416739
2021-10-20,Kentucky,4425092,1913,2778932,2607,2419346
2021-10-21,Kentucky,4425092,2950,2781882,3606,2422952
2021-10-22,Kentucky,4425092,4200,2786082,4247,2427199
2021-10-23,Kentucky,4425092,2476,2788558,3018,2430217
2021-10-24,Kentucky,4425092,2693,2791251,3168,2433385
2021-10-25,Kentucky,4425092,2077,2793328,2005,2435390
2021-10-26,Kentucky,4425092,1357,2794685,1047,2436437
2021-10-27,Kentucky,4425092,2738,2797423,2458,2438895
2021-10-28,Kentucky,4425092,3790,2801213,2871,2441766
2021-10-29,Kentucky,4425092,-239444,2561769,-183555,2258211
2021-10-30,Kentucky,4425092,3619,2565388,2846,2261057
2021-10-31,Kentucky,4425092,3668,2569056,4736,2265793
2021-11-01,Kentucky,4425092,2456,2571512,1919,2267712
2021-11-02,Kentucky,4425092,1261,2572773,928,2268640
2021-11-03,Kentucky,4425092,2787,2575560,3678,2272318
2021-11-04,Kentucky,4425092,3414,2578974,2648,2274966
2021-11-05,Kentucky,4425092,2546,2581520,1731,2276697
2021-11-06,Kentucky,4425092,3324,2584844,2098,2278795
2021-11-07,Kentucky,4425092,4574,2589418,3266,2282061
2021-11-08,Kentucky,4425092,4235,2593653,2864,2284925
2021-11-09,Kentucky,4425092,2152,2595805,841,2285766
2021-11-10,Kentucky,4425092,3661,2599466,1868,2287634
2021-11-11,Kentucky,4425092,0,2599466,0,2287634
2021-11-12,Kentucky,4425092,12065,2611531,4857,2292491
2021-11-13,Kentucky,4425092,5758,2617289,2068,2294559
2021-11-14,Kentucky,4425092,6368,2623657,4908,2299467
2021-11-15,Kentucky,4425092,4996,2628653,1309,2300776
2021-11-16,Kentucky,4425092,3488,2632141,818,2301594
2021-11-17,Kentucky,4425092,5765,2637906,1756,2303350
2021-11-18,Kentucky,4425092,0,2637906,0,2303350
2021-11-19,Kentucky,4425092,5997,2643903,2367,2305717
2021-11-20,Kentucky,4425092,6773,2650676,2340,2308057
2021-11-21,Kentucky,4425092,5729,2656405,2531,2310588
2021-11-22,Kentucky,4425092,11420,2667825,5709,2316297
2021-11-23,Kentucky,4425092,0,2667825,0,2316297
2021-11-24,Kentucky,4425092,6897,2674722,2549,2318846
2021-11-25,Kentucky,4425092,0,2674722,0,2318846
2021-11-26,Kentucky,4425092,0,2674722,0,2318846
2021-11-27,Kentucky,4425092,0,2674722,0,2318846
2021-11-28,Kentucky,4425092,0,2674722,0,2318846
2021-11-29,Kentucky,4425092,0,2674722,0,2318846
2021-11-30,Kentucky,4425092,17172,2691894,10051,2328897
2021-12-01,Kentucky,4425092,3230,2695124,3408,2332305
2021-12-02,Kentucky,4425092,5857,2700981,4897,2337202
2021-12-03,Kentucky,4425092,3975,2704956,3448,2340650
2021-12-04,Kentucky,4425092,6369,2711325,8609,2349259
2021-12-05,Kentucky,4425092,4836,2716161,4559,2353818
2021-12-06,Kentucky,4425092,3322,2719483,4468,2358286
2021-12-07,Kentucky,4425092,1916,2721399,2889,2361175
2021-12-08,Kentucky,4425092,4381,2725780,4481,2365656
2021-12-09,Kentucky,4425092,4037,2729817,3821,2369477
2021-12-10,Kentucky,4425092,4523,2734340,4766,2374243
2021-12-11,Kentucky,4425092,7845,2742185,7897,2382140
2021-12-12,Kentucky,4425092,2539,2744724,2813,2384953
2021-12-13,Kentucky,4425092,229,2744953,107,2385060
2021-12-14,Kentucky,4425092,1021,2745974,1378,2386438
2021-12-15,Kentucky,4425092,0,2745974,0,2386438
2021-12-16,Kentucky,4425092,3239,2749213,4463,2390901
2021-12-17,Kentucky,4425092,6735,2755948,7247,2398148
2021-12-18,Kentucky,4425092,0,2755948,0,2398148
2021-12-19,Kentucky,4425092,7095,2763043,4792,2402940
2021-12-20,Kentucky,4425092,2337,2765380,1788,2404728
2021-12-21,Kentucky,4425092,1582,2766962,1066,2405794
2021-12-22,Kentucky,4425092,3471,2770433,2548,2408342
2021-12-23,Kentucky,4425092,3399,2773832,2444,2410786
2021-12-24,Kentucky,4425092,0,2773832,0,2410786
2021-12-25,Kentucky,4425092,0,2773832,0,2410786
2021-12-26,Kentucky,4425092,0,2773832,0,2410786
2021-12-27,Kentucky,4425092,9233,2783065,5711,2416497
2021-12-28,Kentucky,4425092,853,2783918,635,2417132
2021-12-29,Kentucky,4425092,2648,2786566,2198,2419330
2021-12-30,Kentucky,4425092,3805,2790371,2808,2422138
2021-12-31,Kentucky,4425092,0,2790371,0,2422138
2022-01-01,Kentucky,4425092,0,2790371,0,2422138
2022-01-02,Kentucky,4425092,0,2790371,0,2422138
2022-01-03,Kentucky,4425092,0,2790371,0,2422138
2022-01-04,Kentucky,4425092,12243,2802614,7895,2430033
2022-01-05,Kentucky,4425092,2819,2805433,2078,2432111
2022-01-06,Kentucky,4425092,0,2805433,0,2432111
2022-01-07,Kentucky,4425092,3603,2809036,2539,2434650
2022-01-08,Kentucky,4425092,7109,2816145,4399,2439049
2022-01-09,Kentucky,4425092,2256,2818401,1372,2440421
2022-01-10,Kentucky,4425092,2128,2820529,1257,2441678
2022-01-11,Kentucky,4425092,1525,2822054,886,2442564
2022-01-12,Kentucky,4425092,2631,2824685,1802,2444366
2022-01-13,Kentucky,4425092,3437,2828122,2291,2446657
2022-01-14,Kentucky,4425092,3736,2831858,2369,2449026
2022-01-15,Kentucky,4425092,0,2831858,0,2449026
2022-01-16,Kentucky,4425092,3490,2835348,2101,2451127
2022-01-17,Kentucky,4425092,0,2835348,0,2451127
2022-01-18,Kentucky,4425092,7308,2842656,3993,2455120
2022-01-19,Kentucky,4425092,22124,2864780,13219,2468339
2022-01-20,Kentucky,4425092,2620,2867400,1971,2470310
2022-01-21,Kentucky,4425092,2519,2869919,2049,2472359
2022-01-22,Kentucky,4425092,2277,2872196,1828,2474187
2022-01-23,Kentucky,4425092,2334,2874530,1764,2475951
2022-01-24,Kentucky,4425092,1466,2875996,1146,2477097
2022-01-25,Kentucky,4425092,929,2876925,578,2477675
2022-01-26,Kentucky,4425092,1798,2878723,1624,2479299
2022-01-27,Kentucky,4425092,2054,2880777,1994,2481293
2022-01-28,Kentucky,4425092,2168,2882945,2050,2483343
2022-01-29,Kentucky,4425092,1938,2884883,1760,2485103
2022-01-30,Kentucky,4425092,1916,2886799,1742,2486845
2022-01-31,Kentucky,4425092,0,2886799,0,2486845
2022-02-01,Kentucky,4425092,1776,2888575,1857,2488702
2022-02-02,Kentucky,4425092,1469,2890044,1524,2490226
2022-02-03,Kentucky,4425092,0,2890044,0,2490226
2022-02-04,Kentucky,4425092,3206,2893250,3608,2493834
2022-02-05,Kentucky,4425092,1170,2894420,1182,2495016
2022-02-06,Kentucky,4425092,845,2895265,811,2495827
2022-02-07,Kentucky,4425092,606,2895871,1096,2496923
2022-02-08,Kentucky,4425092,483,2896354,685,2497608
2022-02-09,Kentucky,4425092,0,2896354,0,2497608
2021-07-01,Louisiana,4533372,19271,1789830,19513,1627321
2021-07-02,Louisiana,4533372,3725,1793555,4428,1631749
2021-07-03,Louisiana,4533372,6620,1800175,9565,1641314
2021-07-04,Louisiana,4533372,113,1800288,88,1641402
2021-07-05,Louisiana,4533372,0,1800288,0,1641402
2021-07-06,Louisiana,4533372,6462,1806750,6194,1647596
2021-07-07,Louisiana,4533372,1164,1807914,1676,1649272
2021-07-08,Louisiana,4533372,3465,1811379,3599,1652871
2021-07-09,Louisiana,4533372,3768,1815147,3802,1656673
2021-07-10,Louisiana,4533372,3765,1818912,3426,1660099
2021-07-11,Louisiana,4533372,4361,1823273,3676,1663775
2021-07-12,Louisiana,4533372,2673,1825946,1673,1665448
2021-07-13,Louisiana,4533372,1856,1827802,1132,1666580
2021-07-14,Louisiana,4533372,3185,1830987,2599,1669179
2021-07-15,Louisiana,4533372,4099,1835086,3125,1672304
2021-07-16,Louisiana,4533372,5036,1840122,3730,1676034
2021-07-17,Louisiana,4533372,6004,1846126,2140,1678174
2021-07-18,Louisiana,4533372,125,1846251,86,1678260
2021-07-19,Louisiana,4533372,10528,1856779,4720,1682980
2021-07-20,Louisiana,4533372,0,1856779,0,1682980
2021-07-21,Louisiana,4533372,8272,1865051,3737,1686717
2021-07-22,Louisiana,4533372,7588,1872639,3327,1690044
2021-07-23,Louisiana,4533372,8737,1881376,3311,1693355
2021-07-24,Louisiana,4533372,10653,1892029,3139,1696494
2021-07-25,Louisiana,4533372,12375,1904404,3520,1700014
2021-07-26,Louisiana,4533372,8616,1913020,1870,1701884
2021-07-27,Louisiana,4533372,5626,1918646,1233,1703117
2021-07-28,Louisiana,4533372,10514,1929160,2338,1705455
2021-07-29,Louisiana,4533372,14217,1943377,3500,1708955
2021-07-30,Louisiana,4533372,14722,1958099,3708,1712663
2021-07-31,Louisiana,4533372,15015,1973114,3893,1716556
2021-08-01,Louisiana,4533372,14554,1987668,3669,1720225
2021-08-02,Louisiana,4533372,10340,1998008,2283,1722508
2021-08-03,Louisiana,4533372,155,1998163,49,1722557
2021-08-04,Louisiana,4533372,17581,2015744,4588,1727145
2021-08-05,Louisiana,4533372,334,2016078,119,1727264
2021-08-06,Louisiana,4533372,32396,2048474,8464,1735728
2021-08-07,Louisiana,4533372,17182,2065656,4939,1740667
2021-08-08,Louisiana,4533372,17671,2083327,5597,1746264
2021-08-09,Louisiana,4533372,9773,2093100,3462,1749726
2021-08-10,Louisiana,4533372,6307,2099407,2304,1752030
2021-08-11,Louisiana,4533372,11873,2111280,4534,1756564
2021-08-12,Louisiana,4533372,11152,2122432,5226,1761790
2021-08-13,Louisiana,4533372,379,2122811,190,1761980
2021-08-14,Louisiana,4533372,33466,2156277,20098,1782078
2021-08-15,Louisiana,4533372,158,2156435,121,1782199
2021-08-16,Louisiana,4533372,21588,2178023,14668,1796867
2021-08-17,Louisiana,4533372,7376,2185399,4434,1801301
2021-08-18,Louisiana,4533372,10478,2195877,7729,1809030
2021-08-19,Louisiana,4533372,11721,2207598,10107,1819137
2021-08-20,Louisiana,4533372,11508,2219106,10442,1829579
2021-08-21,Louisiana,4533372,11508,2230614,11348,1840927
2021-08-22,Louisiana,4533372,11727,2242341,12060,1852987
2021-08-23,Louisiana,4533372,6673,2249014,8308,1861295
2021-08-24,Louisiana,4533372,4402,2253416,5200,1866495
2021-08-25,Louisiana,4533372,7764,2261180,9725,1876220
2021-08-26,Louisiana,4533372,9897,2271077,12210,1888430
2021-08-27,Louisiana,4533372,9808,2280885,11993,1900423
2021-08-28,Louisiana,4533372,0,2280885,0,1900423
2021-08-29,Louisiana,4533372,18331,2299216,25577,1926000
2021-08-30,Louisiana,4533372,145,2299361,95,1926095
2021-08-31,Louisiana,4533372,185,2299546,95,1926190
2021-09-01,Louisiana,4533372,5183,2304729,8577,1934767
2021-09-02,Louisiana,4533372,333,2305062,197,1934964
2021-09-03,Louisiana,4533372,13917,2318979,19092,1954056
2021-09-04,Louisiana,4533372,6454,2325433,12158,1966214
2021-09-05,Louisiana,4533372,0,2325433,0,1966214
2021-09-06,Louisiana,4533372,0,2325433,0,1966214
2021-09-07,Louisiana,4533372,6237,2331670,11919,1978133
2021-09-08,Louisiana,4533372,1655,2333325,2444,1980577
2021-09-09,Louisiana,4533372,3263,2336588,6615,1987192
2021-09-10,Louisiana,4533372,4398,2340986,8417,1995609
2021-09-11,Louisiana,4533372,4751,2345737,8384,2003993
2021-09-12,Louisiana,4533372,4335,2350072,8929,2012922
2021-09-13,Louisiana,4533372,0,2350072,0,2012922
2021-09-14,Louisiana,4533372,4092,2354164,7043,2019965
2021-09-15,Louisiana,4533372,3326,2357490,7279,2027244
2021-09-16,Louisiana,4533372,4702,2362192,9033,2036277
2021-09-17,Louisiana,4533372,3623,2365815,7556,2043833
2021-09-18,Louisiana,4533372,4784,2370599,9399,2053232
2021-09-19,Louisiana,4533372,4135,2374734,9155,2062387
2021-09-20,Louisiana,4533372,2181,2376915,4583,2066970
2021-09-21,Louisiana,4533372,1566,2378481,2697,2069667
2021-09-22,Louisiana,4533372,3277,2381758,5401,2075068
2021-09-23,Louisiana,4533372,3677,2385435,6299,2081367
2021-09-24,Louisiana,4533372,3359,2388794,5518,2086885
2021-09-25,Louisiana,4533372,3769,2392563,5748,2092633
2021-09-26,Louisiana,4533372,3642,2396205,5923,2098556
2021-09-27,Louisiana,4533372,1934,2398139,3053,2101609
2021-09-28,Louisiana,4533372,0,2398139,0,2101609
2021-09-29,Louisiana,4533372,4234,2402373,5982,2107591
2021-09-30,Louisiana,4533372,2725,2405098,4150,2111741
2021-10-01,Louisiana,4533372,3056,2408154,4034,2115775
2021-10-02,Louisiana,4533372,2696,2410850,3528,2119303
2021-10-03,Louisiana,4533372,4493,2415343,5827,2125130
2021-10-04,Louisiana,4533372,3416,2418759,3722,2128852
2021-10-05,Louisiana,4533372,1565,2420324,1708,2130560
2021-10-06,Louisiana,4533372,2820,2423144,3338,2133898
2021-10-07,Louisiana,4533372,2769,2425913,3287,2137185
2021-10-08,Louisiana,4533372,3777,2429690,4183,2141368
2021-10-09,Louisiana,4533372,3336,2433026,3700,2145068
2021-10-10,Louisiana,4533372,0,2433026,0,2145068
2021-10-11,Louisiana,4533372,0,2433026,0,2145068
2021-10-12,Louisiana,4533372,6000,2439026,7136,2152204
2021-10-13,Louisiana,4533372,2073,2441099,2608,2154812
2021-10-14,Louisiana,4533372,3449,2444548,5753,2160565
2021-10-15,Louisiana,4533372,3308,2447856,3762,2164327
2021-10-16,Louisiana,4533372,3332,2451188,5198,2169525
2021-10-17,Louisiana,4533372,3093,2454281,3656,2173181
2021-10-18,Louisiana,4533372,1618,2455899,1721,2174902
2021-10-19,Louisiana,4533372,1251,2457150,1247,2176149
2021-10-20,Louisiana,4533372,2427,2459577,2489,2178638
2021-10-21,Louisiana,4533372,2630,2462207,2926,2181564
2021-10-22,Louisiana,4533372,20479,2482686,13018,2194582
2021-10-23,Louisiana,4533372,2922,2485608,3132,2197714
2021-10-24,Louisiana,4533372,2733,2488341,3041,2200755
2021-10-25,Louisiana,4533372,1187,2489528,1351,2202106
2021-10-26,Louisiana,4533372,1007,2490535,1044,2203150
2021-10-27,Louisiana,4533372,2647,2493182,2604,2205754
2021-10-28,Louisiana,4533372,3230,2496412,3106,2208860
2021-10-29,Louisiana,4533372,2900,2499312,2843,2211703
2021-10-30,Louisiana,4533372,3275,2502587,3410,2215113
2021-10-31,Louisiana,4533372,3314,2505901,3049,2218162
2021-11-01,Louisiana,4533372,181,2506082,100,2218262
2021-11-02,Louisiana,4533372,917,2506999,964,2219226
2021-11-03,Louisiana,4533372,2496,2509495,2246,2221472
2021-11-04,Louisiana,4533372,2331,2511826,2273,2223745
2021-11-05,Louisiana,4533372,1383,2513209,1418,2225163
2021-11-06,Louisiana,4533372,2365,2515574,2364,2227527
2021-11-07,Louisiana,4533372,2944,2518518,2792,2230319
2021-11-08,Louisiana,4533372,2101,2520619,2053,2232372
2021-11-09,Louisiana,4533372,839,2521458,812,2233184
2021-11-10,Louisiana,4533372,2171,2523629,2082,2235266
2021-11-11,Louisiana,4533372,0,2523629,0,2235266
2021-11-12,Louisiana,4533372,7638,2531267,5301,2240567
2021-11-13,Louisiana,4533372,3367,2534634,2139,2242706
2021-11-14,Louisiana,4533372,3882,2538516,2223,2244929
2021-11-15,Louisiana,4533372,2830,2541346,1103,2246032
2021-11-16,Louisiana,4533372,1126,2542472,738,2246770
2021-11-17,Louisiana,4533372,2945,2545417,1903,2248673
2021-11-18,Louisiana,4533372,0,2545417,0,2248673
2021-11-19,Louisiana,4533372,3742,2549159,2321,2250994
2021-11-20,Louisiana,4533372,3752,2552911,2502,2253496
2021-11-21,Louisiana,4533372,3751,2556662,2575,2256071
2021-11-22,Louisiana,4533372,6584,2563246,3380,2259451
2021-11-23,Louisiana,4533372,0,2563246,0,2259451
2021-11-24,Louisiana,4533372,5533,2568779,2702,2262153
2021-11-25,Louisiana,4533372,0,2568779,0,2262153
2021-11-26,Louisiana,4533372,0,2568779,0,2262153
2021-11-27,Louisiana,4533372,0,2568779,0,2262153
2021-11-28,Louisiana,4533372,0,2568779,0,2262153
2021-11-29,Louisiana,4533372,0,2568779,0,2262153
2021-11-30,Louisiana,4533372,15070,2583849,10517,2272670
2021-12-01,Louisiana,4533372,4275,2588124,2436,2275106
2021-12-02,Louisiana,4533372,4676,2592800,3210,2278316
2021-12-03,Louisiana,4533372,384,2593184,146,2278462
2021-12-04,Louisiana,4533372,5289,2598473,3539,2282001
2021-12-05,Louisiana,4533372,4110,2602583,3403,2285404
2021-12-06,Louisiana,4533372,2253,2604836,2397,2287801
2021-12-07,Louisiana,4533372,1548,2606384,1124,2288925
2021-12-08,Louisiana,4533372,3443,2609827,2370,2291295
2021-12-09,Louisiana,4533372,3952,2613779,2980,2294275
2021-12-10,Louisiana,4533372,3535,2617314,2842,2297117
2021-12-11,Louisiana,4533372,3261,2620575,2963,2300080
2021-12-12,Louisiana,4533372,3226,2623801,2911,2302991
2021-12-13,Louisiana,4533372,1845,2625646,1931,2304922
2021-12-14,Louisiana,4533372,743,2626389,789,2305711
2021-12-15,Louisiana,4533372,0,2626389,0,2305711
2021-12-16,Louisiana,4533372,2993,2629382,2643,2308354
2021-12-17,Louisiana,4533372,5599,2634981,5345,2313699
2021-12-18,Louisiana,4533372,0,2634981,0,2313699
2021-12-19,Louisiana,4533372,5624,2640605,4278,2317977
2021-12-20,Louisiana,4533372,2005,2642610,1367,2319344
2021-12-21,Louisiana,4533372,900,2643510,694,2320038
2021-12-22,Louisiana,4533372,3003,2646513,2327,2322365
2021-12-23,Louisiana,4533372,4636,2651149,3281,2325646
2021-12-24,Louisiana,4533372,0,2651149,0,2325646
2021-12-25,Louisiana,4533372,0,2651149,0,2325646
2021-12-26,Louisiana,4533372,0,2651149,0,2325646
2021-12-27,Louisiana,4533372,9603,2660752,5615,2331261
2021-12-28,Louisiana,4533372,552,2661304,418,2331679
2021-12-29,Louisiana,4533372,2510,2663814,1960,2333639
2021-12-30,Louisiana,4533372,4194,2668008,2922,2336561
2021-12-31,Louisiana,4533372,0,2668008,0,2336561
2022-01-01,Louisiana,4533372,0,2668008,0,2336561
2022-01-02,Louisiana,4533372,0,2668008,0,2336561
2022-01-03,Louisiana,4533372,0,2668008,0,2336561
2022-01-04,Louisiana,4533372,14196,2682204,8133,2344694
2022-01-05,Louisiana,4533372,3415,2685619,2083,2346777
2022-01-06,Louisiana,4533372,0,2685619,0,2346777
2022-01-07,Louisiana,4533372,3545,2689164,2508,2349285
2022-01-08,Louisiana,4533372,7556,2696720,4978,2354263
2022-01-09,Louisiana,4533372,3579,2700299,2482,2356745
2022-01-10,Louisiana,4533372,2302,2702601,1468,2358213
2022-01-11,Louisiana,4533372,1163,2703764,685,2358898
2022-01-12,Louisiana,4533372,2769,2706533,1935,2360833
2022-01-13,Louisiana,4533372,3090,2709623,2154,2362987
2022-01-14,Louisiana,4533372,3553,2713176,2548,2365535
2022-01-15,Louisiana,4533372,0,2713176,0,2365535
2022-01-16,Louisiana,4533372,2964,2716140,2284,2367819
2022-01-17,Louisiana,4533372,0,2716140,0,2367819
2022-01-18,Louisiana,4533372,5503,2721643,3425,2371244
2022-01-19,Louisiana,4533372,22839,2744482,14553,2385797
2022-01-20,Louisiana,4533372,2457,2746939,2246,2388043
2022-01-21,Louisiana,4533372,2202,2749141,2233,2390276
2022-01-22,Louisiana,4533372,2330,2751471,2400,2392676
2022-01-23,Louisiana,4533372,1972,2753443,1934,2394610
2022-01-24,Louisiana,4533372,1143,2754586,1003,2395613
2022-01-25,Louisiana,4533372,695,2755281,581,2396194
2022-01-26,Louisiana,4533372,1631,2756912,1760,2397954
2022-01-27,Louisiana,4533372,1640,2758552,2000,2399954
2022-01-28,Louisiana,4533372,2066,2760618,2158,2402112
2022-01-29,Louisiana,4533372,1888,2762506,2069,2404181
2022-01-30,Louisiana,4533372,1984,2764490,2427,2406608
2022-01-31,Louisiana,4533372,0,2764490,0,2406608
2022-02-01,Louisiana,4533372,1898,2766388,1913,2408521
2022-02-02,Louisiana,4533372,1924,2768312,1913,2410434
2022-02-03,Louisiana,4533372,0,2768312,0,2410434
2022-02-04,Louisiana,4533372,3679,2771991,4098,2414532
2022-02-05,Louisiana,4533372,1501,2773492,1837,2416369
2022-02-06,Louisiana,4533372,3110,2776602,3689,2420058
2022-02-07,Louisiana,4533372,665,2777267,1070,2421128
2022-02-08,Louisiana,4533372,438,2777705,482,2421610
2022-02-09,Louisiana,4533372,0,2777705,0,2421610
2021-07-01,Massachusetts,6794422,9753,4860438,13000,4256952
2021-07-02,Massachusetts,6794422,5784,4866222,8874,4265826
2021-07-03,Massachusetts,6794422,5425,4871647,7233,4273059
2021-07-04,Massachusetts,6794422,5205,4876852,6713,4279772
2021-07-05,Massachusetts,6794422,0,4876852,0,4279772
2021-07-06,Massachusetts,6794422,6898,4883750,7921,4287693
2021-07-07,Massachusetts,6794422,1371,4885121,1704,4289397
2021-07-08,Massachusetts,6794422,5340,4890461,6884,4296281
2021-07-09,Massachusetts,6794422,5149,4895610,6406,4302687
2021-07-10,Massachusetts,6794422,4961,4900571,5906,4308593
2021-07-11,Massachusetts,6794422,5125,4905696,6192,4314785
2021-07-12,Massachusetts,6794422,4335,4910031,4958,4319743
2021-07-13,Massachusetts,6794422,3346,4913377,3444,4323187
2021-07-14,Massachusetts,6794422,3699,4917076,4312,4327499
2021-07-15,Massachusetts,6794422,5400,4922476,6040,4333539
2021-07-16,Massachusetts,6794422,5856,4928332,5741,4339280
2021-07-17,Massachusetts,6794422,4850,4933182,5556,4344836
2021-07-18,Massachusetts,6794422,4604,4937786,4870,4349706
2021-07-19,Massachusetts,6794422,4127,4941913,4299,4354005
2021-07-20,Massachusetts,6794422,0,4941913,0,4354005
2021-07-21,Massachusetts,6794422,7540,4949453,6908,4360913
2021-07-22,Massachusetts,6794422,5894,4955347,5428,4366341
2021-07-23,Massachusetts,6794422,5522,4960869,4720,4371061
2021-07-24,Massachusetts,6794422,5874,4966743,4537,4375598
2021-07-25,Massachusetts,6794422,5922,4972665,4512,4380110
2021-07-26,Massachusetts,6794422,5206,4977871,3752,4383862
2021-07-27,Massachusetts,6794422,3825,4981696,2359,4386221
2021-07-28,Massachusetts,6794422,5210,4986906,2916,4389137
2021-07-29,Massachusetts,6794422,6457,4993363,4690,4393827
2021-07-30,Massachusetts,6794422,7268,5000631,8281,4402108
2021-07-31,Massachusetts,6794422,6595,5007226,4344,4406452
2021-08-01,Massachusetts,6794422,6591,5013817,4511,4410963
2021-08-02,Massachusetts,6794422,5878,5019695,3766,4414729
2021-08-03,Massachusetts,6794422,3948,5023643,2619,4417348
2021-08-04,Massachusetts,6794422,5835,5029478,3454,4420802
2021-08-05,Massachusetts,6794422,7529,5037007,4673,4425475
2021-08-06,Massachusetts,6794422,7005,5044012,4340,4429815
2021-08-07,Massachusetts,6794422,7420,5051432,4131,4433946
2021-08-08,Massachusetts,6794422,6678,5058110,3837,4437783
2021-08-09,Massachusetts,6794422,5812,5063922,3308,4441091
2021-08-10,Massachusetts,6794422,4533,5068455,2787,4443878
2021-08-11,Massachusetts,6794422,5204,5073659,3513,4447391
2021-08-12,Massachusetts,6794422,5851,5079510,4420,4451811
2021-08-13,Massachusetts,6794422,7190,5086700,4881,4456692
2021-08-14,Massachusetts,6794422,8260,5094960,5763,4462455
2021-08-15,Massachusetts,6794422,285,5095245,183,4462638
2021-08-16,Massachusetts,6794422,10903,5106148,8607,4471245
2021-08-17,Massachusetts,6794422,3911,5110059,2221,4473466
2021-08-18,Massachusetts,6794422,5354,5115413,3962,4477428
2021-08-19,Massachusetts,6794422,6676,5122089,5989,4483417
2021-08-20,Massachusetts,6794422,6803,5128892,5603,4489020
2021-08-21,Massachusetts,6794422,6570,5135462,5863,4494883
2021-08-22,Massachusetts,6794422,6508,5141970,5173,4500056
2021-08-23,Massachusetts,6794422,5207,5147177,4585,4504641
2021-08-24,Massachusetts,6794422,3528,5150705,3200,4507841
2021-08-25,Massachusetts,6794422,4576,5155281,4630,4512471
2021-08-26,Massachusetts,6794422,6820,5162101,6224,4518695
2021-08-27,Massachusetts,6794422,6963,5169064,5841,4524536
2021-08-28,Massachusetts,6794422,0,5169064,0,4524536
2021-08-29,Massachusetts,6794422,11760,5180824,10938,4535474
2021-08-30,Massachusetts,6794422,6365,5187189,6385,4541859
2021-08-31,Massachusetts,6794422,4349,5191538,4803,4546662
2021-09-01,Massachusetts,6794422,5826,5197364,5411,4552073
2021-09-02,Massachusetts,6794422,6631,5203995,6048,4558121
2021-09-03,Massachusetts,6794422,7426,5211421,6597,4564718
2021-09-04,Massachusetts,6794422,7426,5218847,5128,4569846
2021-09-05,Massachusetts,6794422,0,5218847,0,4569846
2021-09-06,Massachusetts,6794422,0,5218847,0,4569846
2021-09-07,Massachusetts,6794422,12869,5231716,12308,4582154
2021-09-08,Massachusetts,6794422,3313,5235029,2609,4584763
2021-09-09,Massachusetts,6794422,2935,5237964,3166,4587929
2021-09-10,Massachusetts,6794422,6023,5243987,6286,4594215
2021-09-11,Massachusetts,6794422,5217,5249204,4630,4598845
2021-09-12,Massachusetts,6794422,5565,5254769,4744,4603589
2021-09-13,Massachusetts,6794422,0,5254769,0,4603589
2021-09-14,Massachusetts,6794422,8738,5263507,7857,4611446
2021-09-15,Massachusetts,6794422,4107,5267614,3535,4614981
2021-09-16,Massachusetts,6794422,5427,5273041,5307,4620288
2021-09-17,Massachusetts,6794422,625,5273666,469,4620757
2021-09-18,Massachusetts,6794422,9432,5283098,9343,4630100
2021-09-19,Massachusetts,6794422,5001,5288099,4958,4635058
2021-09-20,Massachusetts,6794422,4585,5292684,4965,4640023
2021-09-21,Massachusetts,6794422,3053,5295737,3189,4643212
2021-09-22,Massachusetts,6794422,4590,5300327,4498,4647710
2021-09-23,Massachusetts,6794422,4952,5305279,5884,4653594
2021-09-24,Massachusetts,6794422,3257,5308536,3195,4656789
2021-09-25,Massachusetts,6794422,4719,5313255,5087,4661876
2021-09-26,Massachusetts,6794422,6164,5319419,5455,4667331
2021-09-27,Massachusetts,6794422,4970,5324389,4134,4671465
2021-09-28,Massachusetts,6794422,0,5324389,0,4671465
2021-09-29,Massachusetts,6794422,8683,5333072,5827,4677292
2021-09-30,Massachusetts,6794422,4651,5337723,2518,4679810
2021-10-01,Massachusetts,6794422,4367,5342090,2992,4682802
2021-10-02,Massachusetts,6794422,3163,5345253,2642,4685444
2021-10-03,Massachusetts,6794422,9839,5355092,6687,4692131
2021-10-04,Massachusetts,6794422,10134,5365226,7527,4699658
2021-10-05,Massachusetts,6794422,2964,5368190,2595,4702253
2021-10-06,Massachusetts,6794422,4751,5372941,3328,4705581
2021-10-07,Massachusetts,6794422,4303,5377244,2590,4708171
2021-10-08,Massachusetts,6794422,8295,5385539,6105,4714276
2021-10-09,Massachusetts,6794422,6367,5391906,4085,4718361
2021-10-10,Massachusetts,6794422,0,5391906,0,4718361
2021-10-11,Massachusetts,6794422,0,5391906,0,4718361
2021-10-12,Massachusetts,6794422,13477,5405383,9701,4728062
2021-10-13,Massachusetts,6794422,2982,5408365,1938,4730000
2021-10-14,Massachusetts,6794422,6767,5415132,5074,4735074
2021-10-15,Massachusetts,6794422,6355,5421487,4606,4739680
2021-10-16,Massachusetts,6794422,4872,5426359,3493,4743173
2021-10-17,Massachusetts,6794422,6691,5433050,5228,4748401
2021-10-18,Massachusetts,6794422,4731,5437781,3775,4752176
2021-10-19,Massachusetts,6794422,3007,5440788,2155,4754331
2021-10-20,Massachusetts,6794422,5444,5446232,3972,4758303
2021-10-21,Massachusetts,6794422,5954,5452186,3889,4762192
2021-10-22,Massachusetts,6794422,13924,5466110,8836,4771028
2021-10-23,Massachusetts,6794422,5268,5471378,3512,4774540
2021-10-24,Massachusetts,6794422,5475,5476853,3529,4778069
2021-10-25,Massachusetts,6794422,4301,5481154,2317,4780386
2021-10-26,Massachusetts,6794422,4150,5485304,1975,4782361
2021-10-27,Massachusetts,6794422,6821,5492125,3147,4785508
2021-10-28,Massachusetts,6794422,13668,5505793,5644,4791152
2021-10-29,Massachusetts,6794422,9216,5515009,4161,4795313
2021-10-30,Massachusetts,6794422,8027,5523036,3547,4798860
2021-10-31,Massachusetts,6794422,8848,5531884,4200,4803060
2021-11-01,Massachusetts,6794422,8176,5540060,3430,4806490
2021-11-02,Massachusetts,6794422,4907,5544967,2027,4808517
2021-11-03,Massachusetts,6794422,6326,5551293,2852,4811369
2021-11-04,Massachusetts,6794422,9958,5561251,4345,4815714
2021-11-05,Massachusetts,6794422,7681,5568932,2997,4818711
2021-11-06,Massachusetts,6794422,8758,5577690,3119,4821830
2021-11-07,Massachusetts,6794422,14253,5591943,4902,4826732
2021-11-08,Massachusetts,6794422,17155,5609098,5096,4831828
2021-11-09,Massachusetts,6794422,7218,5616316,1134,4832962
2021-11-10,Massachusetts,6794422,6501,5622817,2527,4835489
2021-11-11,Massachusetts,6794422,0,5622817,0,4835489
2021-11-12,Massachusetts,6794422,40665,5663482,9103,4844592
2021-11-13,Massachusetts,6794422,1432,5664914,220,4844812
2021-11-14,Massachusetts,6794422,35231,5700145,7144,4851956
2021-11-15,Massachusetts,6794422,19895,5720040,3166,4855122
2021-11-16,Massachusetts,6794422,11173,5731213,1984,4857106
2021-11-17,Massachusetts,6794422,12577,5743790,2840,4859946
2021-11-18,Massachusetts,6794422,0,5743790,0,4859946
2021-11-19,Massachusetts,6794422,18290,5762080,3835,4863781
2021-11-20,Massachusetts,6794422,18031,5780111,4134,4867915
2021-11-21,Massachusetts,6794422,17901,5798012,3698,4871613
2021-11-22,Massachusetts,6794422,37755,5835767,7098,4878711
2021-11-23,Massachusetts,6794422,0,5835767,0,4878711
2021-11-24,Massachusetts,6794422,21162,5856929,4573,4883284
2021-11-25,Massachusetts,6794422,0,5856929,0,4883284
2021-11-26,Massachusetts,6794422,0,5856929,0,4883284
2021-11-27,Massachusetts,6794422,0,5856929,0,4883284
2021-11-28,Massachusetts,6794422,0,5856929,0,4883284
2021-11-29,Massachusetts,6794422,0,5856929,0,4883284
2021-11-30,Massachusetts,6794422,55766,5912695,23114,4906398
2021-12-01,Massachusetts,6794422,9765,5922460,6347,4912745
2021-12-02,Massachusetts,6794422,12818,5935278,11399,4924144
2021-12-03,Massachusetts,6794422,11893,5947171,11147,4935291
2021-12-04,Massachusetts,6794422,16691,5963862,11162,4946453
2021-12-05,Massachusetts,6794422,12385,5976247,11836,4958289
2021-12-06,Massachusetts,6794422,12475,5988722,17825,4976114
2021-12-07,Massachusetts,6794422,6188,5994910,7692,4983806
2021-12-08,Massachusetts,6794422,9495,6004405,7715,4991521
2021-12-09,Massachusetts,6794422,13506,6017911,11848,5003369
2021-12-10,Massachusetts,6794422,14569,6032480,11784,5015153
2021-12-11,Massachusetts,6794422,14622,6047102,11704,5026857
2021-12-12,Massachusetts,6794422,12622,6059724,10624,5037481
2021-12-13,Massachusetts,6794422,10909,6070633,15265,5052746
2021-12-14,Massachusetts,6794422,6162,6076795,4428,5057174
2021-12-15,Massachusetts,6794422,0,6076795,0,5057174
2021-12-16,Massachusetts,6794422,11819,6088614,9144,5066318
2021-12-17,Massachusetts,6794422,27444,6116058,17037,5083355
2021-12-18,Massachusetts,6794422,0,6116058,0,5083355
2021-12-19,Massachusetts,6794422,26725,6142783,10794,5094149
2021-12-20,Massachusetts,6794422,11959,6154742,5011,5099160
2021-12-21,Massachusetts,6794422,6610,6161352,3076,5102236
2021-12-22,Massachusetts,6794422,11322,6172674,5416,5107652
2021-12-23,Massachusetts,6794422,15400,6188074,7252,5114904
2021-12-24,Massachusetts,6794422,0,6188074,0,5114904
2021-12-25,Massachusetts,6794422,0,6188074,0,5114904
2021-12-26,Massachusetts,6794422,0,6188074,0,5114904
2021-12-27,Massachusetts,6794422,33992,6222066,14022,5128926
2021-12-28,Massachusetts,6794422,3651,6225717,1176,5130102
2021-12-29,Massachusetts,6794422,9330,6235047,4420,5134522
2021-12-30,Massachusetts,6794422,12703,6247750,5579,5140101
2021-12-31,Massachusetts,6794422,0,6247750,0,5140101
2022-01-01,Massachusetts,6794422,0,6247750,0,5140101
2022-01-02,Massachusetts,6794422,0,6247750,0,5140101
2022-01-03,Massachusetts,6794422,0,6247750,0,5140101
2022-01-04,Massachusetts,6794422,36056,6283806,16600,5156701
2022-01-05,Massachusetts,6794422,8148,6291954,3933,5160634
2022-01-06,Massachusetts,6794422,0,6291954,0,5160634
2022-01-07,Massachusetts,6794422,11458,6303412,5411,5166045
2022-01-08,Massachusetts,6794422,24188,6327600,10806,5176851
2022-01-09,Massachusetts,6794422,11577,6339177,4307,5181158
2022-01-10,Massachusetts,6794422,11298,6350475,5220,5186378
2022-01-11,Massachusetts,6794422,6943,6357418,3280,5189658
2022-01-12,Massachusetts,6794422,8699,6366117,3496,5193154
2022-01-13,Massachusetts,6794422,12630,6378747,5326,5198480
2022-01-14,Massachusetts,6794422,13240,6391987,5322,5203802
2022-01-15,Massachusetts,6794422,0,6391987,0,5203802
2022-01-16,Massachusetts,6794422,12604,6404591,5395,5209197
2022-01-17,Massachusetts,6794422,0,6404591,0,5209197
2022-01-18,Massachusetts,6794422,26829,6431420,8849,5218046
2022-01-19,Massachusetts,6794422,14784,6446204,6736,5224782
2022-01-20,Massachusetts,6794422,12016,6458220,4829,5229611
2022-01-21,Massachusetts,6794422,11142,6469362,4695,5234306
2022-01-22,Massachusetts,6794422,10023,6479385,4297,5238603
2022-01-23,Massachusetts,6794422,872,6480257,185,5238788
2022-01-24,Massachusetts,6794422,1002,6481259,153,5238941
2022-01-25,Massachusetts,6794422,21845,6503104,7632,5246573
2022-01-26,Massachusetts,6794422,8004,6511108,3456,5250029
2022-01-27,Massachusetts,6794422,8435,6519543,5147,5255176
2022-01-28,Massachusetts,6794422,7977,6527520,4416,5259592
2022-01-29,Massachusetts,6794422,8237,6535757,4443,5264035
2022-01-30,Massachusetts,6794422,564,6536321,193,5264228
2022-01-31,Massachusetts,6794422,0,6536321,0,5264228
2022-02-01,Massachusetts,6794422,12352,6548673,6299,5270527
2022-02-02,Massachusetts,6794422,5251,6553924,3417,5273944
2022-02-03,Massachusetts,6794422,0,6553924,0,5273944
2022-02-04,Massachusetts,6794422,11116,6565040,8447,5282391
2022-02-05,Massachusetts,6794422,5314,6570354,4473,5286864
2022-02-06,Massachusetts,6794422,451,6570805,198,5287062
2022-02-07,Massachusetts,6794422,323,6571128,127,5287189
2022-02-08,Massachusetts,6794422,3005,6574133,2403,5289592
2022-02-09,Massachusetts,6794422,0,6574133,0,5289592
2021-07-01,Maryland,6045680,6741,3750240,8701,3394301
2021-07-02,Maryland,6045680,7134,3757374,10691,3404992
2021-07-03,Maryland,6045680,5700,3763074,6835,3411827
2021-07-04,Maryland,6045680,4918,3767992,6728,3418555
2021-07-05,Maryland,6045680,0,3767992,0,3418555
2021-07-06,Maryland,6045680,4233,3772225,4733,3423288
2021-07-07,Maryland,6045680,5222,3777447,6508,3429796
2021-07-08,Maryland,6045680,5664,3783111,7748,3437544
2021-07-09,Maryland,6045680,5261,3788372,7677,3445221
2021-07-10,Maryland,6045680,5584,3793956,6678,3451899
2021-07-11,Maryland,6045680,4661,3798617,5105,3457004
2021-07-12,Maryland,6045680,3396,3802013,3328,3460332
2021-07-13,Maryland,6045680,4578,3806591,5438,3465770
2021-07-14,Maryland,6045680,5919,3812510,7019,3472789
2021-07-15,Maryland,6045680,5271,3817781,5740,3478529
2021-07-16,Maryland,6045680,5575,3823356,6031,3484560
2021-07-17,Maryland,6045680,5479,3828835,5339,3489899
2021-07-18,Maryland,6045680,5231,3834066,5224,3495123
2021-07-19,Maryland,6045680,3144,3837210,2909,3498032
2021-07-20,Maryland,6045680,0,3837210,0,3498032
2021-07-21,Maryland,6045680,10217,3847427,10378,3508410
2021-07-22,Maryland,6045680,6599,3854026,5888,3514298
2021-07-23,Maryland,6045680,6301,3860327,5342,3519640
2021-07-24,Maryland,6045680,7101,3867428,5431,3525071
2021-07-25,Maryland,6045680,6467,3873895,4344,3529415
2021-07-26,Maryland,6045680,4134,3878029,2700,3532115
2021-07-27,Maryland,6045680,5316,3883345,2962,3535077
2021-07-28,Maryland,6045680,7141,3890486,6087,3541164
2021-07-29,Maryland,6045680,7838,3898324,5286,3546450
2021-07-30,Maryland,6045680,7876,3906200,5117,3551567
2021-07-31,Maryland,6045680,8088,3914288,7623,3559190
2021-08-01,Maryland,6045680,4110,3918398,2599,3561789
2021-08-02,Maryland,6045680,5308,3923706,3442,3565231
2021-08-03,Maryland,6045680,6077,3929783,3637,3568868
2021-08-04,Maryland,6045680,7778,3937561,4776,3573644
2021-08-05,Maryland,6045680,11037,3948598,6707,3580351
2021-08-06,Maryland,6045680,7915,3956513,4968,3585319
2021-08-07,Maryland,6045680,8450,3964963,4947,3590266
2021-08-08,Maryland,6045680,7537,3972500,4358,3594624
2021-08-09,Maryland,6045680,4322,3976822,2473,3597097
2021-08-10,Maryland,6045680,6203,3983025,3809,3600906
2021-08-11,Maryland,6045680,6620,3989645,4541,3605447
2021-08-12,Maryland,6045680,8579,3998224,5663,3611110
2021-08-13,Maryland,6045680,8933,4007157,6168,3617278
2021-08-14,Maryland,6045680,7789,4014946,5984,3623262
2021-08-15,Maryland,6045680,4382,4019328,3337,3626599
2021-08-16,Maryland,6045680,4504,4023832,3362,3629961
2021-08-17,Maryland,6045680,5885,4029717,4146,3634107
2021-08-18,Maryland,6045680,6828,4036545,5888,3639995
2021-08-19,Maryland,6045680,8584,4045129,6823,3646818
2021-08-20,Maryland,6045680,7250,4052379,6079,3652897
2021-08-21,Maryland,6045680,7190,4059569,6346,3659243
2021-08-22,Maryland,6045680,5826,4065395,5129,3664372
2021-08-23,Maryland,6045680,3545,4068940,3448,3667820
2021-08-24,Maryland,6045680,5661,4074601,5656,3673476
2021-08-25,Maryland,6045680,7520,4082121,6948,3680424
2021-08-26,Maryland,6045680,7876,4089997,7038,3687462
2021-08-27,Maryland,6045680,7708,4097705,6744,3694206
2021-08-28,Maryland,6045680,0,4097705,0,3694206
2021-08-29,Maryland,6045680,14186,4111891,13458,3707664
2021-08-30,Maryland,6045680,4091,4115982,4036,3711700
2021-08-31,Maryland,6045680,5932,4121914,5470,3717170
2021-09-01,Maryland,6045680,7350,4129264,7116,3724286
2021-09-02,Maryland,6045680,765,4130029,547,3724833
2021-09-03,Maryland,6045680,12416,4142445,13063,3737896
2021-09-04,Maryland,6045680,6643,4149088,6887,3744783
2021-09-05,Maryland,6045680,0,4149088,0,3744783
2021-09-06,Maryland,6045680,0,4149088,0,3744783
2021-09-07,Maryland,6045680,11413,4160501,11984,3756767
2021-09-08,Maryland,6045680,3320,4163821,3881,3760648
2021-09-09,Maryland,6045680,5657,4169478,7050,3767698
2021-09-10,Maryland,6045680,6617,4176095,7047,3774745
2021-09-11,Maryland,6045680,6238,4182333,6097,3780842
2021-09-12,Maryland,6045680,5411,4187744,5765,3786607
2021-09-13,Maryland,6045680,0,4187744,0,3786607
2021-09-14,Maryland,6045680,8243,4195987,8269,3794876
2021-09-15,Maryland,6045680,5609,4201596,5981,3800857
2021-09-16,Maryland,6045680,5707,4207303,6299,3807156
2021-09-17,Maryland,6045680,5298,4212601,5901,3813057
2021-09-18,Maryland,6045680,6263,4218864,6847,3819904
2021-09-19,Maryland,6045680,4852,4223716,5958,3825862
2021-09-20,Maryland,6045680,3480,4227196,4462,3830324
2021-09-21,Maryland,6045680,3307,4230503,3977,3834301
2021-09-22,Maryland,6045680,5175,4235678,6203,3840504
2021-09-23,Maryland,6045680,4824,4240502,4824,3845328
2021-09-24,Maryland,6045680,5722,4246224,5969,3851297
2021-09-25,Maryland,6045680,5995,4252219,6614,3857911
2021-09-26,Maryland,6045680,3989,4256208,4384,3862295
2021-09-27,Maryland,6045680,460,4256668,296,3862591
2021-09-28,Maryland,6045680,0,4256668,0,3862591
2021-09-29,Maryland,6045680,10785,4267453,9794,3872385
2021-09-30,Maryland,6045680,4413,4271866,4141,3876526
2021-10-01,Maryland,6045680,3045,4274911,2890,3879416
2021-10-02,Maryland,6045680,6628,4281539,6392,3885808
2021-10-03,Maryland,6045680,6833,4288372,6670,3892478
2021-10-04,Maryland,6045680,3192,4291564,2885,3895363
2021-10-05,Maryland,6045680,389,4291953,177,3895540
2021-10-06,Maryland,6045680,8023,4299976,7202,3902742
2021-10-07,Maryland,6045680,5835,4305811,5538,3908280
2021-10-08,Maryland,6045680,5704,4311515,4604,3912884
2021-10-09,Maryland,6045680,4694,4316209,3991,3916875
2021-10-10,Maryland,6045680,0,4316209,0,3916875
2021-10-11,Maryland,6045680,0,4316209,0,3916875
2021-10-12,Maryland,6045680,8356,4324565,7528,3924403
2021-10-13,Maryland,6045680,4999,4329564,4230,3928633
2021-10-14,Maryland,6045680,5695,4335259,6184,3934817
2021-10-15,Maryland,6045680,6578,4341837,5649,3940466
2021-10-16,Maryland,6045680,5027,4346864,4859,3945325
2021-10-17,Maryland,6045680,4118,4350982,3745,3949070
2021-10-18,Maryland,6045680,1982,4352964,1870,3950940
2021-10-19,Maryland,6045680,4912,4357876,4664,3955604
2021-10-20,Maryland,6045680,4852,4362728,4263,3959867
2021-10-21,Maryland,6045680,4797,4367525,4573,3964440
2021-10-22,Maryland,6045680,8321,4375846,6675,3971115
2021-10-23,Maryland,6045680,4665,4380511,4501,3975616
2021-10-24,Maryland,6045680,2947,4383458,2529,3978145
2021-10-25,Maryland,6045680,2653,4386111,2044,3980189
2021-10-26,Maryland,6045680,3953,4390064,3168,3983357
2021-10-27,Maryland,6045680,6490,4396554,4930,3988287
2021-10-28,Maryland,6045680,6114,4402668,4219,3992506
2021-10-29,Maryland,6045680,1346,4404014,645,3993151
2021-10-30,Maryland,6045680,1014,4405028,306,3993457
2021-10-31,Maryland,6045680,9147,4414175,7357,4000814
2021-11-01,Maryland,6045680,3124,4417299,2375,4003189
2021-11-02,Maryland,6045680,4735,4422034,3209,4006398
2021-11-03,Maryland,6045680,-12540,4409494,-16699,3989699
2021-11-04,Maryland,6045680,8918,4418412,7076,3996775
2021-11-05,Maryland,6045680,4883,4423295,3552,4000327
2021-11-06,Maryland,6045680,5742,4429037,4597,4004924
2021-11-07,Maryland,6045680,6165,4435202,4280,4009204
2021-11-08,Maryland,6045680,2424,4437626,1449,4010653
2021-11-09,Maryland,6045680,4185,4441811,2646,4013299
2021-11-10,Maryland,6045680,5856,4447667,4861,4018160
2021-11-11,Maryland,6045680,0,4447667,0,4018160
2021-11-12,Maryland,6045680,11216,4458883,6923,4025083
2021-11-13,Maryland,6045680,5649,4464532,3613,4028696
2021-11-14,Maryland,6045680,4508,4469040,2799,4031495
2021-11-15,Maryland,6045680,2732,4471772,1522,4033017
2021-11-16,Maryland,6045680,4797,4476569,2511,4035528
2021-11-17,Maryland,6045680,5611,4482180,3432,4038960
2021-11-18,Maryland,6045680,0,4482180,0,4038960
2021-11-19,Maryland,6045680,5711,4487891,3401,4042361
2021-11-20,Maryland,6045680,6564,4494455,4454,4046815
2021-11-21,Maryland,6045680,9707,4504162,4136,4050951
2021-11-22,Maryland,6045680,8067,4512229,4234,4055185
2021-11-23,Maryland,6045680,0,4512229,0,4055185
2021-11-24,Maryland,6045680,107627,4619856,6265,4061450
2021-11-25,Maryland,6045680,0,4619856,0,4061450
2021-11-26,Maryland,6045680,0,4619856,0,4061450
2021-11-27,Maryland,6045680,0,4619856,0,4061450
2021-11-28,Maryland,6045680,0,4619856,0,4061450
2021-11-29,Maryland,6045680,0,4619856,0,4061450
2021-11-30,Maryland,6045680,31973,4651829,22975,4084425
2021-12-01,Maryland,6045680,7130,4658959,9280,4093705
2021-12-02,Maryland,6045680,8625,4667584,10004,4103709
2021-12-03,Maryland,6045680,8118,4675702,9770,4113479
2021-12-04,Maryland,6045680,9232,4684934,11206,4124685
2021-12-05,Maryland,6045680,6916,4691850,9933,4134618
2021-12-06,Maryland,6045680,3896,4695746,3546,4138164
2021-12-07,Maryland,6045680,6187,4701933,6474,4144638
2021-12-08,Maryland,6045680,10117,4712050,10307,4154945
2021-12-09,Maryland,6045680,6944,4718994,7002,4161947
2021-12-10,Maryland,6045680,8603,4727597,8209,4170156
2021-12-11,Maryland,6045680,8515,4736112,7331,4177487
2021-12-12,Maryland,6045680,5722,4741834,6715,4184202
2021-12-13,Maryland,6045680,4616,4746450,3869,4188071
2021-12-14,Maryland,6045680,5958,4752408,6408,4194479
2021-12-15,Maryland,6045680,0,4752408,0,4194479
2021-12-16,Maryland,6045680,7656,4760064,6558,4201037
2021-12-17,Maryland,6045680,15549,4775613,10445,4211482
2021-12-18,Maryland,6045680,0,4775613,0,4211482
2021-12-19,Maryland,6045680,14562,4790175,6944,4218426
2021-12-20,Maryland,6045680,5029,4795204,2159,4220585
2021-12-21,Maryland,6045680,9902,4805106,7851,4228436
2021-12-22,Maryland,6045680,8729,4813835,4124,4232560
2021-12-23,Maryland,6045680,8122,4821957,3885,4236445
2021-12-24,Maryland,6045680,0,4821957,0,4236445
2021-12-25,Maryland,6045680,0,4821957,0,4236445
2021-12-26,Maryland,6045680,0,4821957,0,4236445
2021-12-27,Maryland,6045680,18195,4840152,7568,4244013
2021-12-28,Maryland,6045680,5927,4846079,3457,4247470
2021-12-29,Maryland,6045680,7937,4854016,4234,4251704
2021-12-30,Maryland,6045680,9644,4863660,4405,4256109
2021-12-31,Maryland,6045680,0,4863660,0,4256109
2022-01-01,Maryland,6045680,0,4863660,0,4256109
2022-01-02,Maryland,6045680,0,4863660,0,4256109
2022-01-03,Maryland,6045680,0,4863660,0,4256109
2022-01-04,Maryland,6045680,23125,4886785,11187,4267296
2022-01-05,Maryland,6045680,5444,4892229,3274,4270570
2022-01-06,Maryland,6045680,0,4892229,0,4270570
2022-01-07,Maryland,6045680,6986,4899215,4503,4275073
2022-01-08,Maryland,6045680,11232,4910447,8656,4283729
2022-01-09,Maryland,6045680,5943,4916390,4241,4287970
2022-01-10,Maryland,6045680,3857,4920247,2539,4290509
2022-01-11,Maryland,6045680,6497,4926744,4049,4294558
2022-01-12,Maryland,6045680,8109,4934853,5156,4299714
2022-01-13,Maryland,6045680,13240,4948093,10882,4310596
2022-01-14,Maryland,6045680,9498,4957591,15020,4325616
2022-01-15,Maryland,6045680,0,4957591,0,4325616
2022-01-16,Maryland,6045680,8109,4965700,4468,4330084
2022-01-17,Maryland,6045680,0,4965700,0,4330084
2022-01-18,Maryland,6045680,13962,4979662,6525,4336609
2022-01-19,Maryland,6045680,22622,5002284,11198,4347807
2022-01-20,Maryland,6045680,6508,5008792,4811,4352618
2022-01-21,Maryland,6045680,6484,5015276,5037,4357655
2022-01-22,Maryland,6045680,6584,5021860,3871,4361526
2022-01-23,Maryland,6045680,4350,5026210,2407,4363933
2022-01-24,Maryland,6045680,2843,5029053,1467,4365400
2022-01-25,Maryland,6045680,4620,5033673,2923,4368323
2022-01-26,Maryland,6045680,5196,5038869,3761,4372084
2022-01-27,Maryland,6045680,5117,5043986,4810,4376894
2022-01-28,Maryland,6045680,5155,5049141,4682,4381576
2022-01-29,Maryland,6045680,4539,5053680,3921,4385497
2022-01-30,Maryland,6045680,3306,5056986,3030,4388527
2022-01-31,Maryland,6045680,0,5056986,0,4388527
2022-02-01,Maryland,6045680,5387,5062373,4753,4393280
2022-02-02,Maryland,6045680,3825,5066198,3879,4397159
2022-02-03,Maryland,6045680,0,5066198,0,4397159
2022-02-04,Maryland,6045680,7562,5073760,8423,4405582
2022-02-05,Maryland,6045680,3576,5077336,4497,4410079
2022-02-06,Maryland,6045680,2686,5080022,3357,4413436
2022-02-07,Maryland,6045680,1685,5081707,1894,4415330
2022-02-08,Maryland,6045680,2620,5084327,3864,4419194
2022-02-09,Maryland,6045680,0,5084327,0,4419194
2021-07-01,Maine,1328361,2516,893723,7755,827255
2021-07-02,Maine,1328361,1745,895468,3244,830499
2021-07-03,Maine,1328361,1216,896684,1737,832236
2021-07-04,Maine,1328361,125,896809,153,832389
2021-07-05,Maine,1328361,0,896809,0,832389
2021-07-06,Maine,1328361,216,897025,232,832621
2021-07-07,Maine,1328361,1716,898741,2361,834982
2021-07-08,Maine,1328361,778,899519,1060,836042
2021-07-09,Maine,1328361,998,900517,1417,837459
2021-07-10,Maine,1328361,869,901386,1308,838767
2021-07-11,Maine,1328361,167,901553,140,838907
2021-07-12,Maine,1328361,131,901684,133,839040
2021-07-13,Maine,1328361,1645,903329,1990,841030
2021-07-14,Maine,1328361,491,903820,552,841582
2021-07-15,Maine,1328361,839,904659,957,842539
2021-07-16,Maine,1328361,858,905517,927,843466
2021-07-17,Maine,1328361,979,906496,1066,844532
2021-07-18,Maine,1328361,144,906640,89,844621
2021-07-19,Maine,1328361,123,906763,85,844706
2021-07-20,Maine,1328361,0,906763,0,844706
2021-07-21,Maine,1328361,1985,908748,1444,846150
2021-07-22,Maine,1328361,1066,909814,1049,847199
2021-07-23,Maine,1328361,1160,910974,888,848087
2021-07-24,Maine,1328361,1298,912272,925,849012
2021-07-25,Maine,1328361,233,912505,93,849105
2021-07-26,Maine,1328361,203,912708,62,849167
2021-07-27,Maine,1328361,2238,914946,1480,850647
2021-07-28,Maine,1328361,1050,915996,642,851289
2021-07-29,Maine,1328361,1150,917146,760,852049
2021-07-30,Maine,1328361,1434,918580,870,852919
2021-07-31,Maine,1328361,1302,919882,876,853795
2021-08-01,Maine,1328361,207,920089,117,853912
2021-08-02,Maine,1328361,232,920321,106,854018
2021-08-03,Maine,1328361,2720,923041,6255,860273
2021-08-04,Maine,1328361,869,923910,531,860804
2021-08-05,Maine,1328361,1435,925345,793,861597
2021-08-06,Maine,1328361,1419,926764,794,862391
2021-08-07,Maine,1328361,1471,928235,832,863223
2021-08-08,Maine,1328361,186,928421,88,863311
2021-08-09,Maine,1328361,79,928500,31,863342
2021-08-10,Maine,1328361,3213,931713,1341,864683
2021-08-11,Maine,1328361,895,932608,614,865297
2021-08-12,Maine,1328361,1051,933659,690,865987
2021-08-13,Maine,1328361,1411,935070,972,866959
2021-08-14,Maine,1328361,1945,937015,1324,868283
2021-08-15,Maine,1328361,45,937060,22,868305
2021-08-16,Maine,1328361,367,937427,212,868517
2021-08-17,Maine,1328361,2987,940414,1826,870343
2021-08-18,Maine,1328361,1105,941519,776,871119
2021-08-19,Maine,1328361,1488,943007,1093,872212
2021-08-20,Maine,1328361,1612,944619,1019,873231
2021-08-21,Maine,1328361,1969,946588,1257,874488
2021-08-22,Maine,1328361,337,946925,154,874642
2021-08-23,Maine,1328361,270,947195,132,874774
2021-08-24,Maine,1328361,2965,950160,2072,876846
2021-08-25,Maine,1328361,1060,951220,751,877597
2021-08-26,Maine,1328361,2437,953657,1684,879281
2021-08-27,Maine,1328361,2006,955663,1340,880621
2021-08-28,Maine,1328361,0,955663,0,880621
2021-08-29,Maine,1328361,2113,957776,1356,881977
2021-08-30,Maine,1328361,469,958245,237,882214
2021-08-31,Maine,1328361,3976,962221,2791,885005
2021-09-01,Maine,1328361,1204,963425,960,885965
2021-09-02,Maine,1328361,1664,965089,1344,887309
2021-09-03,Maine,1328361,1675,966764,1415,888724
2021-09-04,Maine,1328361,1373,968137,1209,889933
2021-09-05,Maine,1328361,0,968137,0,889933
2021-09-06,Maine,1328361,0,968137,0,889933
2021-09-07,Maine,1328361,136,968273,69,890002
2021-09-08,Maine,1328361,3646,971919,3233,893235
2021-09-09,Maine,1328361,687,972606,769,894004
2021-09-10,Maine,1328361,1493,974099,1625,895629
2021-09-11,Maine,1328361,1485,975584,1534,897163
2021-09-12,Maine,1328361,303,975887,260,897423
2021-09-13,Maine,1328361,0,975887,0,897423
2021-09-14,Maine,1328361,3161,979048,3191,900614
2021-09-15,Maine,1328361,1175,980223,1202,901816
2021-09-16,Maine,1328361,1488,981711,1574,903390
2021-09-17,Maine,1328361,1318,983029,1742,905132
2021-09-18,Maine,1328361,1335,984364,1672,906804
2021-09-19,Maine,1328361,182,984546,205,907009
2021-09-20,Maine,1328361,221,984767,246,907255
2021-09-21,Maine,1328361,2575,987342,3777,911032
2021-09-22,Maine,1328361,727,988069,1033,912065
2021-09-23,Maine,1328361,1315,989384,1582,913647
2021-09-24,Maine,1328361,739,990123,975,914622
2021-09-25,Maine,1328361,1331,991454,1583,916205
2021-09-26,Maine,1328361,490,991944,468,916673
2021-09-27,Maine,1328361,259,992203,159,916832
2021-09-28,Maine,1328361,0,992203,0,916832
2021-09-29,Maine,1328361,3463,995666,3814,920646
2021-09-30,Maine,1328361,674,996340,687,921333
2021-10-01,Maine,1328361,1664,998004,1191,922524
2021-10-02,Maine,1328361,690,998694,690,923214
2021-10-03,Maine,1328361,681,999375,170,923384
2021-10-04,Maine,1328361,529,999904,168,923552
2021-10-05,Maine,1328361,596,1000500,579,924131
2021-10-06,Maine,1328361,1015,1001515,1076,925207
2021-10-07,Maine,1328361,913,1002428,728,925935
2021-10-08,Maine,1328361,1288,1003716,1619,927554
2021-10-09,Maine,1328361,1574,1005290,1372,928926
2021-10-10,Maine,1328361,0,1005290,0,928926
2021-10-11,Maine,1328361,0,1005290,0,928926
2021-10-12,Maine,1328361,1075,1006365,397,929323
2021-10-13,Maine,1328361,2061,1008426,2812,932135
2021-10-14,Maine,1328361,522,1008948,221,932356
2021-10-15,Maine,1328361,1910,1010858,2241,934597
2021-10-16,Maine,1328361,932,1011790,878,935475
2021-10-17,Maine,1328361,342,1012132,136,935611
2021-10-18,Maine,1328361,336,1012468,171,935782
2021-10-19,Maine,1328361,1979,1014447,2555,938337
2021-10-20,Maine,1328361,698,1015145,769,939106
2021-10-21,Maine,1328361,1107,1016252,1036,940142
2021-10-22,Maine,1328361,1592,1017844,1266,941408
2021-10-23,Maine,1328361,1259,1019103,923,942331
2021-10-24,Maine,1328361,84,1019187,20,942351
2021-10-25,Maine,1328361,553,1019740,195,942546
2021-10-26,Maine,1328361,2534,1022274,1688,944234
2021-10-27,Maine,1328361,1514,1023788,919,945153
2021-10-28,Maine,1328361,2282,1026070,1201,946354
2021-10-29,Maine,1328361,1999,1028069,1087,947441
2021-10-30,Maine,1328361,1882,1029951,931,948372
2021-10-31,Maine,1328361,927,1030878,131,948503
2021-11-01,Maine,1328361,1137,1032015,116,948619
2021-11-02,Maine,1328361,2988,1035003,2000,950619
2021-11-03,Maine,1328361,1363,1036366,806,951425
2021-11-04,Maine,1328361,2024,1038390,1029,952454
2021-11-05,Maine,1328361,1445,1039835,753,953207
2021-11-06,Maine,1328361,1689,1041524,951,954158
2021-11-07,Maine,1328361,839,1042363,143,954301
2021-11-08,Maine,1328361,1129,1043492,154,954455
2021-11-09,Maine,1328361,3921,1047413,2206,956661
2021-11-10,Maine,1328361,1828,1049241,626,957287
2021-11-11,Maine,1328361,0,1049241,0,957287
2021-11-12,Maine,1328361,3996,1053237,1246,958533
2021-11-13,Maine,1328361,6141,1059378,1675,960208
2021-11-14,Maine,1328361,869,1060247,169,960377
2021-11-15,Maine,1328361,1030,1061277,143,960520
2021-11-16,Maine,1328361,6927,1068204,1763,962283
2021-11-17,Maine,1328361,2591,1070795,584,962867
2021-11-18,Maine,1328361,0,1070795,0,962867
2021-11-19,Maine,1328361,3670,1074465,1142,964009
2021-11-20,Maine,1328361,3928,1078393,920,964929
2021-11-21,Maine,1328361,4378,1082771,1177,966106
2021-11-22,Maine,1328361,1941,1084712,261,966367
2021-11-23,Maine,1328361,0,1084712,0,966367
2021-11-24,Maine,1328361,9023,1093735,2186,968553
2021-11-25,Maine,1328361,0,1093735,0,968553
2021-11-26,Maine,1328361,0,1093735,0,968553
2021-11-27,Maine,1328361,0,1093735,0,968553
2021-11-28,Maine,1328361,0,1093735,0,968553
2021-11-29,Maine,1328361,0,1093735,0,968553
2021-11-30,Maine,1328361,8800,1102535,3255,971808
2021-12-01,Maine,1328361,1098,1103633,938,972746
2021-12-02,Maine,1328361,2292,1105925,2105,974851
2021-12-03,Maine,1328361,2129,1108054,2275,977126
2021-12-04,Maine,1328361,2923,1110977,2608,979734
2021-12-05,Maine,1328361,798,1111775,189,979923
2021-12-06,Maine,1328361,886,1112661,139,980062
2021-12-07,Maine,1328361,3054,1115715,5139,985201
2021-12-08,Maine,1328361,1301,1117016,2495,987696
2021-12-09,Maine,1328361,1837,1118853,2584,990280
2021-12-10,Maine,1328361,2076,1120929,3198,993478
2021-12-11,Maine,1328361,2699,1123628,2842,996320
2021-12-12,Maine,1328361,682,1124310,143,996463
2021-12-13,Maine,1328361,667,1124977,150,996613
2021-12-14,Maine,1328361,4158,1129135,5112,1001725
2021-12-15,Maine,1328361,0,1129135,0,1001725
2021-12-16,Maine,1328361,1325,1130460,1731,1003456
2021-12-17,Maine,1328361,4375,1134835,4109,1007565
2021-12-18,Maine,1328361,0,1134835,0,1007565
2021-12-19,Maine,1328361,2562,1137397,1743,1009308
2021-12-20,Maine,1328361,985,1138382,96,1009404
2021-12-21,Maine,1328361,2797,1141179,2325,1011729
2021-12-22,Maine,1328361,1787,1142966,798,1012527
2021-12-23,Maine,1328361,2925,1145891,1763,1014290
2021-12-24,Maine,1328361,0,1145891,0,1014290
2021-12-25,Maine,1328361,0,1145891,0,1014290
2021-12-26,Maine,1328361,0,1145891,0,1014290
2021-12-27,Maine,1328361,3212,1149103,1390,1015680
2021-12-28,Maine,1328361,2371,1151474,1516,1017196
2021-12-29,Maine,1328361,965,1152439,1031,1018227
2021-12-30,Maine,1328361,1680,1154119,982,1019209
2021-12-31,Maine,1328361,0,1154119,0,1019209
2022-01-01,Maine,1328361,0,1154119,0,1019209
2022-01-02,Maine,1328361,0,1154119,0,1019209
2022-01-03,Maine,1328361,0,1154119,0,1019209
2022-01-04,Maine,1328361,5629,1159748,3050,1022259
2022-01-05,Maine,1328361,826,1160574,715,1022974
2022-01-06,Maine,1328361,0,1160574,0,1022974
2022-01-07,Maine,1328361,1516,1162090,1147,1024121
2022-01-08,Maine,1328361,3128,1165218,2246,1026367
2022-01-09,Maine,1328361,1154,1166372,164,1026531
2022-01-10,Maine,1328361,340,1166712,50,1026581
2022-01-11,Maine,1328361,2304,1169016,1699,1028280
2022-01-12,Maine,1328361,915,1169931,602,1028882
2022-01-13,Maine,1328361,1702,1171633,1144,1030026
2022-01-14,Maine,1328361,1689,1173322,1008,1031034
2022-01-15,Maine,1328361,0,1173322,0,1031034
2022-01-16,Maine,1328361,1656,1174978,1068,1032102
2022-01-17,Maine,1328361,0,1174978,0,1032102
2022-01-18,Maine,1328361,1220,1176198,146,1032248
2022-01-19,Maine,1328361,5441,1181639,3456,1035704
2022-01-20,Maine,1328361,1149,1182788,820,1036524
2022-01-21,Maine,1328361,1091,1183879,761,1037285
2022-01-22,Maine,1328361,1061,1184940,901,1038186
2022-01-23,Maine,1328361,269,1185209,47,1038233
2022-01-24,Maine,1328361,306,1185515,52,1038285
2022-01-25,Maine,1328361,1470,1186985,1088,1039373
2022-01-26,Maine,1328361,554,1187539,414,1039787
2022-01-27,Maine,1328361,854,1188393,761,1040548
2022-01-28,Maine,1328361,715,1189108,651,1041199
2022-01-29,Maine,1328361,805,1189913,832,1042031
2022-01-30,Maine,1328361,224,1190137,61,1042092
2022-01-31,Maine,1328361,0,1190137,0,1042092
2022-02-01,Maine,1328361,682,1190819,469,1042561
2022-02-02,Maine,1328361,478,1191297,453,1043014
2022-02-03,Maine,1328361,0,1191297,0,1043014
2022-02-04,Maine,1328361,1128,1192425,1276,1044290
2022-02-05,Maine,1328361,257,1192682,102,1044392
2022-02-06,Maine,1328361,153,1192835,60,1044452
2022-02-07,Maine,1328361,98,1192933,44,1044496
2022-02-08,Maine,1328361,1061,1193994,1612,1046108
2022-02-09,Maine,1328361,0,1193994,0,1046108
2021-07-01,Michigan,9922576,6484,5142970,8690,4709737
2021-07-02,Michigan,9922576,6104,5149074,9483,4719220
2021-07-03,Michigan,9922576,3211,5152285,5258,4724478
2021-07-04,Michigan,9922576,2648,5154933,3585,4728063
2021-07-05,Michigan,9922576,0,5154933,0,4728063
2021-07-06,Michigan,9922576,652,5155585,769,4728832
2021-07-07,Michigan,9922576,568,5156153,847,4729679
2021-07-08,Michigan,9922576,10688,5166841,14878,4744557
2021-07-09,Michigan,9922576,13689,5180530,18424,4762981
2021-07-10,Michigan,9922576,7573,5188103,9436,4772417
2021-07-11,Michigan,9922576,6282,5194385,7710,4780127
2021-07-12,Michigan,9922576,4294,5198679,5385,4785512
2021-07-13,Michigan,9922576,2775,5201454,2970,4788482
2021-07-14,Michigan,9922576,4854,5206308,5631,4794113
2021-07-15,Michigan,9922576,5143,5211451,5919,4800032
2021-07-16,Michigan,9922576,293,5211744,256,4800288
2021-07-17,Michigan,9922576,11478,5223222,12704,4812992
2021-07-18,Michigan,9922576,191,5223413,152,4813144
2021-07-19,Michigan,9922576,131,5223544,86,4813230
2021-07-20,Michigan,9922576,0,5223544,0,4813230
2021-07-21,Michigan,9922576,18622,5242166,18632,4831862
2021-07-22,Michigan,9922576,6789,5248955,6053,4837915
2021-07-23,Michigan,9922576,7248,5256203,6134,4844049
2021-07-24,Michigan,9922576,6535,5262738,4959,4849008
2021-07-25,Michigan,9922576,6971,5269709,5359,4854367
2021-07-26,Michigan,9922576,3998,5273707,2583,4856950
2021-07-27,Michigan,9922576,3081,5276788,1704,4858654
2021-07-28,Michigan,9922576,6272,5283060,3919,4862573
2021-07-29,Michigan,9922576,7545,5290605,4996,4867569
2021-07-30,Michigan,9922576,6544,5297149,5609,4873178
2021-07-31,Michigan,9922576,8053,5305202,5258,4878436
2021-08-01,Michigan,9922576,9298,5314500,6917,4885353
2021-08-02,Michigan,9922576,190,5314690,76,4885429
2021-08-03,Michigan,9922576,9457,5324147,5430,4890859
2021-08-04,Michigan,9922576,7307,5331454,4508,4895367
2021-08-05,Michigan,9922576,8880,5340334,5046,4900413
2021-08-06,Michigan,9922576,9562,5349896,5713,4906126
2021-08-07,Michigan,9922576,8194,5358090,4881,4911007
2021-08-08,Michigan,9922576,8641,5366731,5174,4916181
2021-08-09,Michigan,9922576,195,5366926,75,4916256
2021-08-10,Michigan,9922576,9894,5376820,5474,4921730
2021-08-11,Michigan,9922576,7186,5384006,5018,4926748
2021-08-12,Michigan,9922576,7269,5391275,5178,4931926
2021-08-13,Michigan,9922576,8288,5399563,5792,4937718
2021-08-14,Michigan,9922576,8721,5408284,6474,4944192
2021-08-15,Michigan,9922576,7277,5415561,5658,4949850
2021-08-16,Michigan,9922576,4953,5420514,3850,4953700
2021-08-17,Michigan,9922576,3156,5423670,2284,4955984
2021-08-18,Michigan,9922576,6495,5430165,5566,4961550
2021-08-19,Michigan,9922576,7705,5437870,6873,4968423
2021-08-20,Michigan,9922576,6707,5444577,5825,4974248
2021-08-21,Michigan,9922576,8037,5452614,6910,4981158
2021-08-22,Michigan,9922576,8836,5461450,7948,4989106
2021-08-23,Michigan,9922576,3543,5464993,3766,4992872
2021-08-24,Michigan,9922576,3132,5468125,3208,4996080
2021-08-25,Michigan,9922576,6365,5474490,6466,5002546
2021-08-26,Michigan,9922576,8296,5482786,7967,5010513
2021-08-27,Michigan,9922576,8602,5491388,8387,5018900
2021-08-28,Michigan,9922576,0,5491388,0,5018900
2021-08-29,Michigan,9922576,16685,5508073,15746,5034646
2021-08-30,Michigan,9922576,5184,5513257,5695,5040341
2021-08-31,Michigan,9922576,3380,5516637,3261,5043602
2021-09-01,Michigan,9922576,6723,5523360,6652,5050254
2021-09-02,Michigan,9922576,7386,5530746,7607,5057861
2021-09-03,Michigan,9922576,6331,5537077,6584,5064445
2021-09-04,Michigan,9922576,6375,5543452,6480,5070925
2021-09-05,Michigan,9922576,0,5543452,0,5070925
2021-09-06,Michigan,9922576,0,5543452,0,5070925
2021-09-07,Michigan,9922576,11137,5554589,12627,5083552
2021-09-08,Michigan,9922576,1825,5556414,1927,5085479
2021-09-09,Michigan,9922576,3999,5560413,5304,5090783
2021-09-10,Michigan,9922576,6700,5567113,8344,5099127
2021-09-11,Michigan,9922576,5425,5572538,6198,5105325
2021-09-12,Michigan,9922576,6023,5578561,6736,5112061
2021-09-13,Michigan,9922576,0,5578561,0,5112061
2021-09-14,Michigan,9922576,7216,5585777,7162,5119223
2021-09-15,Michigan,9922576,5101,5590878,5507,5124730
2021-09-16,Michigan,9922576,6237,5597115,6400,5131130
2021-09-17,Michigan,9922576,5831,5602946,6508,5137638
2021-09-18,Michigan,9922576,22794,5625740,18235,5155873
2021-09-19,Michigan,9922576,8489,5634229,9027,5164900
2021-09-20,Michigan,9922576,5538,5639767,5858,5170758
2021-09-21,Michigan,9922576,5273,5645040,5675,5176433
2021-09-22,Michigan,9922576,4734,5649774,5280,5181713
2021-09-23,Michigan,9922576,6000,5655774,6247,5187960
2021-09-24,Michigan,9922576,5413,5661187,5575,5193535
2021-09-25,Michigan,9922576,5973,5667160,6138,5199673
2021-09-26,Michigan,9922576,6431,5673591,7067,5206740
2021-09-27,Michigan,9922576,4702,5678293,3979,5210719
2021-09-28,Michigan,9922576,0,5678293,0,5210719
2021-09-29,Michigan,9922576,8466,5686759,6419,5217138
2021-09-30,Michigan,9922576,5063,5691822,3982,5221120
2021-10-01,Michigan,9922576,8838,5700660,6094,5227214
2021-10-02,Michigan,9922576,17570,5718230,16359,5243573
2021-10-03,Michigan,9922576,7112,5725342,6169,5249742
2021-10-04,Michigan,9922576,6930,5732272,6379,5256121
2021-10-05,Michigan,9922576,4025,5736297,4144,5260265
2021-10-06,Michigan,9922576,4687,5740984,4529,5264794
2021-10-07,Michigan,9922576,396,5741380,125,5264919
2021-10-08,Michigan,9922576,-48164,5693216,-34471,5230448
2021-10-09,Michigan,9922576,15438,5708654,22933,5253381
2021-10-10,Michigan,9922576,0,5708654,0,5253381
2021-10-11,Michigan,9922576,0,5708654,0,5253381
2021-10-12,Michigan,9922576,10647,5719301,11030,5264411
2021-10-13,Michigan,9922576,3868,5723169,4224,5268635
2021-10-14,Michigan,9922576,5932,5729101,5697,5274332
2021-10-15,Michigan,9922576,5043,5734144,4802,5279134
2021-10-16,Michigan,9922576,4725,5738869,4220,5283354
2021-10-17,Michigan,9922576,5679,5744548,5654,5289008
2021-10-18,Michigan,9922576,901,5745449,720,5289728
2021-10-19,Michigan,9922576,446,5745895,244,5289972
2021-10-20,Michigan,9922576,2239,5748134,2118,5292090
2021-10-21,Michigan,9922576,2124,5750258,2022,5294112
2021-10-22,Michigan,9922576,7305,5757563,6984,5301096
2021-10-23,Michigan,9922576,7510,5765073,7341,5308437
2021-10-24,Michigan,9922576,9809,5774882,8891,5317328
2021-10-25,Michigan,9922576,7083,5781965,5141,5322469
2021-10-26,Michigan,9922576,3273,5785238,1940,5324409
2021-10-27,Michigan,9922576,5493,5790731,3703,5328112
2021-10-28,Michigan,9922576,8100,5798831,4881,5332993
2021-10-29,Michigan,9922576,6763,5805594,4818,5337811
2021-10-30,Michigan,9922576,6954,5812548,4232,5342043
2021-10-31,Michigan,9922576,6892,5819440,4468,5346511
2021-11-01,Michigan,9922576,4814,5824254,2914,5349425
2021-11-02,Michigan,9922576,2714,5826968,1731,5351156
2021-11-03,Michigan,9922576,5116,5832084,3574,5354730
2021-11-04,Michigan,9922576,6386,5838470,4374,5359104
2021-11-05,Michigan,9922576,5778,5844248,3656,5362760
2021-11-06,Michigan,9922576,6919,5851167,3934,5366694
2021-11-07,Michigan,9922576,9769,5860936,4956,5371650
2021-11-08,Michigan,9922576,9063,5869999,4471,5376121
2021-11-09,Michigan,9922576,5002,5875001,1719,5377840
2021-11-10,Michigan,9922576,10184,5885185,3497,5381337
2021-11-11,Michigan,9922576,0,5885185,0,5381337
2021-11-12,Michigan,9922576,18592,5903777,5124,5386461
2021-11-13,Michigan,9922576,28346,5932123,7919,5394380
2021-11-14,Michigan,9922576,16923,5949046,5160,5399540
2021-11-15,Michigan,9922576,13248,5962294,3024,5402564
2021-11-16,Michigan,9922576,6933,5969227,1865,5404429
2021-11-17,Michigan,9922576,12589,5981816,3708,5408137
2021-11-18,Michigan,9922576,0,5981816,0,5408137
2021-11-19,Michigan,9922576,13840,5995656,4317,5412454
2021-11-20,Michigan,9922576,15021,6010677,4173,5416627
2021-11-21,Michigan,9922576,13373,6024050,4137,5420764
2021-11-22,Michigan,9922576,26559,6050609,7504,5428268
2021-11-23,Michigan,9922576,0,6050609,0,5428268
2021-11-24,Michigan,9922576,18569,6069178,5570,5433838
2021-11-25,Michigan,9922576,0,6069178,0,5433838
2021-11-26,Michigan,9922576,0,6069178,0,5433838
2021-11-27,Michigan,9922576,0,6069178,0,5433838
2021-11-28,Michigan,9922576,0,6069178,0,5433838
2021-11-29,Michigan,9922576,0,6069178,0,5433838
2021-11-30,Michigan,9922576,45914,6115092,18159,5451997
2021-12-01,Michigan,9922576,8219,6123311,8173,5460170
2021-12-02,Michigan,9922576,9892,6133203,10733,5470903
2021-12-03,Michigan,9922576,10506,6143709,11958,5482861
2021-12-04,Michigan,9922576,12493,6156202,12806,5495667
2021-12-05,Michigan,9922576,10779,6166981,12130,5507797
2021-12-06,Michigan,9922576,6419,6173400,10069,5517866
2021-12-07,Michigan,9922576,1861,6175261,2070,5519936
2021-12-08,Michigan,9922576,7934,6183195,9881,5529817
2021-12-09,Michigan,9922576,8070,6191265,8918,5538735
2021-12-10,Michigan,9922576,5473,6196738,5568,5544303
2021-12-11,Michigan,9922576,5044,6201782,5196,5549499
2021-12-12,Michigan,9922576,16947,6218729,21296,5570795
2021-12-13,Michigan,9922576,7440,6226169,9034,5579829
2021-12-14,Michigan,9922576,2647,6228816,2797,5582626
2021-12-15,Michigan,9922576,0,6228816,0,5582626
2021-12-16,Michigan,9922576,7774,6236590,8596,5591222
2021-12-17,Michigan,9922576,17524,6254114,16804,5608026
2021-12-18,Michigan,9922576,0,6254114,0,5608026
2021-12-19,Michigan,9922576,17697,6271811,14449,5622475
2021-12-20,Michigan,9922576,5441,6277252,4362,5626837
2021-12-21,Michigan,9922576,3703,6280955,2710,5629547
2021-12-22,Michigan,9922576,7875,6288830,7240,5636787
2021-12-23,Michigan,9922576,9995,6298825,7505,5644292
2021-12-24,Michigan,9922576,0,6298825,0,5644292
2021-12-25,Michigan,9922576,0,6298825,0,5644292
2021-12-26,Michigan,9922576,0,6298825,0,5644292
2021-12-27,Michigan,9922576,9959,6308784,7015,5651307
2021-12-28,Michigan,9922576,13746,6322530,9409,5660716
2021-12-29,Michigan,9922576,6127,6328657,5650,5666366
2021-12-30,Michigan,9922576,8930,6337587,7084,5673450
2021-12-31,Michigan,9922576,0,6337587,0,5673450
2022-01-01,Michigan,9922576,0,6337587,0,5673450
2022-01-02,Michigan,9922576,0,6337587,0,5673450
2022-01-03,Michigan,9922576,0,6337587,0,5673450
2022-01-04,Michigan,9922576,24314,6361901,17527,5690977
2022-01-05,Michigan,9922576,5562,6367463,5297,5696274
2022-01-06,Michigan,9922576,0,6367463,0,5696274
2022-01-07,Michigan,9922576,7536,6374999,6310,5702584
2022-01-08,Michigan,9922576,14512,6389511,11336,5713920
2022-01-09,Michigan,9922576,8081,6397592,6153,5720073
2022-01-10,Michigan,9922576,5224,6402816,4010,5724083
2022-01-11,Michigan,9922576,3496,6406312,2314,5726397
2022-01-12,Michigan,9922576,6261,6412573,5022,5731419
2022-01-13,Michigan,9922576,7225,6419798,5737,5737156
2022-01-14,Michigan,9922576,6676,6426474,5572,5742728
2022-01-15,Michigan,9922576,0,6426474,0,5742728
2022-01-16,Michigan,9922576,6456,6432930,5129,5747857
2022-01-17,Michigan,9922576,0,6432930,0,5747857
2022-01-18,Michigan,9922576,14045,6446975,9057,5756914
2022-01-19,Michigan,9922576,16238,6463213,9416,5766330
2022-01-20,Michigan,9922576,5331,6468544,4675,5771005
2022-01-21,Michigan,9922576,4861,6473405,4861,5775866
2022-01-22,Michigan,9922576,5038,6478443,4960,5780826
2022-01-23,Michigan,9922576,5343,6483786,4744,5785570
2022-01-24,Michigan,9922576,3223,6487009,2232,5787802
2022-01-25,Michigan,9922576,2059,6489068,1299,5789101
2022-01-26,Michigan,9922576,3626,6492694,3600,5792701
2022-01-27,Michigan,9922576,3713,6496407,4333,5797034
2022-01-28,Michigan,9922576,4017,6500424,4352,5801386
2022-01-29,Michigan,9922576,4195,6504619,4501,5805887
2022-01-30,Michigan,9922576,4374,6508993,5346,5811233
2022-01-31,Michigan,9922576,0,6508993,0,5811233
2022-02-01,Michigan,9922576,1068,6510061,1234,5812467
2022-02-02,Michigan,9922576,5097,6515158,5445,5817912
2022-02-03,Michigan,9922576,0,6515158,0,5817912
2022-02-04,Michigan,9922576,11295,6526453,11694,5829606
2022-02-05,Michigan,9922576,4428,6530881,6291,5835897
2022-02-06,Michigan,9922576,2891,6533772,4332,5840229
2022-02-07,Michigan,9922576,1824,6535596,3219,5843448
2022-02-08,Michigan,9922576,1137,6536733,1804,5845252
2022-02-09,Michigan,9922576,0,6536733,0,5845252
2021-07-01,Minnesota,5489594,6323,3218732,11108,2931705
2021-07-02,Minnesota,5489594,4060,3222792,5934,2937639
2021-07-03,Minnesota,5489594,3812,3226604,5418,2943057
2021-07-04,Minnesota,5489594,3301,3229905,4298,2947355
2021-07-05,Minnesota,5489594,0,3229905,0,2947355
2021-07-06,Minnesota,5489594,2754,3232659,3368,2950723
2021-07-07,Minnesota,5489594,898,3233557,1179,2951902
2021-07-08,Minnesota,5489594,3580,3237137,5340,2957242
2021-07-09,Minnesota,5489594,3626,3240763,5135,2962377
2021-07-10,Minnesota,5489594,3881,3244644,5093,2967470
2021-07-11,Minnesota,5489594,3569,3248213,4625,2972095
2021-07-12,Minnesota,5489594,1512,3249725,1873,2973968
2021-07-13,Minnesota,5489594,804,3250529,979,2974947
2021-07-14,Minnesota,5489594,2770,3253299,3165,2978112
2021-07-15,Minnesota,5489594,3500,3256799,4300,2982412
2021-07-16,Minnesota,5489594,4092,3260891,4822,2987234
2021-07-17,Minnesota,5489594,3628,3264519,4219,2991453
2021-07-18,Minnesota,5489594,3393,3267912,3672,2995125
2021-07-19,Minnesota,5489594,1669,3269581,1603,2996728
2021-07-20,Minnesota,5489594,0,3269581,0,2996728
2021-07-21,Minnesota,5489594,4455,3274036,4273,3001001
2021-07-22,Minnesota,5489594,4253,3278289,3996,3004997
2021-07-23,Minnesota,5489594,4782,3283071,3989,3008986
2021-07-24,Minnesota,5489594,5036,3288107,3992,3012978
2021-07-25,Minnesota,5489594,4287,3292394,3018,3015996
2021-07-26,Minnesota,5489594,3133,3295527,1971,3017967
2021-07-27,Minnesota,5489594,1549,3297076,926,3018893
2021-07-28,Minnesota,5489594,3739,3300815,2113,3021006
2021-07-29,Minnesota,5489594,6989,3307804,4754,3025760
2021-07-30,Minnesota,5489594,6245,3314049,3992,3029752
2021-07-31,Minnesota,5489594,6202,3320251,3885,3033637
2021-08-01,Minnesota,5489594,7016,3327267,4298,3037935
2021-08-02,Minnesota,5489594,3877,3331144,1955,3039890
2021-08-03,Minnesota,5489594,1916,3333060,971,3040861
2021-08-04,Minnesota,5489594,5152,3338212,2857,3043718
2021-08-05,Minnesota,5489594,7090,3345302,3522,3047240
2021-08-06,Minnesota,5489594,8156,3353458,3763,3051003
2021-08-07,Minnesota,5489594,8558,3362016,4108,3055111
2021-08-08,Minnesota,5489594,7839,3369855,3810,3058921
2021-08-09,Minnesota,5489594,4821,3374676,2108,3061029
2021-08-10,Minnesota,5489594,3083,3377759,1245,3062274
2021-08-11,Minnesota,5489594,5323,3383082,3364,3065638
2021-08-12,Minnesota,5489594,5785,3388867,3329,3068967
2021-08-13,Minnesota,5489594,6869,3395736,4036,3073003
2021-08-14,Minnesota,5489594,7779,3403515,4479,3077482
2021-08-15,Minnesota,5489594,191,3403706,93,3077575
2021-08-16,Minnesota,5489594,12791,3416497,6579,3084154
2021-08-17,Minnesota,5489594,3023,3419520,773,3084927
2021-08-18,Minnesota,5489594,5857,3425377,3752,3088679
2021-08-19,Minnesota,5489594,5707,3431084,5144,3093823
2021-08-20,Minnesota,5489594,6046,3437130,5362,3099185
2021-08-21,Minnesota,5489594,6285,3443415,5625,3104810
2021-08-22,Minnesota,5489594,5657,3449072,5308,3110118
2021-08-23,Minnesota,5489594,3422,3452494,3218,3113336
2021-08-24,Minnesota,5489594,2058,3454552,1773,3115109
2021-08-25,Minnesota,5489594,4232,3458784,4439,3119548
2021-08-26,Minnesota,5489594,5294,3464078,6571,3126119
2021-08-27,Minnesota,5489594,5222,3469300,6290,3132409
2021-08-28,Minnesota,5489594,0,3469300,0,3132409
2021-08-29,Minnesota,5489594,10645,3479945,13316,3145725
2021-08-30,Minnesota,5489594,2525,3482470,3542,3149267
2021-08-31,Minnesota,5489594,2106,3484576,2698,3151965
2021-09-01,Minnesota,5489594,3978,3488554,4873,3156838
2021-09-02,Minnesota,5489594,6104,3494658,7012,3163850
2021-09-03,Minnesota,5489594,5606,3500264,6417,3170267
2021-09-04,Minnesota,5489594,5514,3505778,6411,3176678
2021-09-05,Minnesota,5489594,0,3505778,0,3176678
2021-09-06,Minnesota,5489594,0,3505778,0,3176678
2021-09-07,Minnesota,5489594,8858,3514636,13381,3190059
2021-09-08,Minnesota,5489594,1552,3516188,1968,3192027
2021-09-09,Minnesota,5489594,2573,3518761,4000,3196027
2021-09-10,Minnesota,5489594,4659,3523420,6074,3202101
2021-09-11,Minnesota,5489594,4128,3527548,5418,3207519
2021-09-12,Minnesota,5489594,4195,3531743,5991,3213510
2021-09-13,Minnesota,5489594,0,3531743,0,3213510
2021-09-14,Minnesota,5489594,2848,3534591,3811,3217321
2021-09-15,Minnesota,5489594,4328,3538919,6142,3223463
2021-09-16,Minnesota,5489594,4313,3543232,5587,3229050
2021-09-17,Minnesota,5489594,3391,3546623,4341,3233391
2021-09-18,Minnesota,5489594,4164,3550787,5713,3239104
2021-09-19,Minnesota,5489594,3862,3554649,5071,3244175
2021-09-20,Minnesota,5489594,2071,3556720,3120,3247295
2021-09-21,Minnesota,5489594,1291,3558011,1862,3249157
2021-09-22,Minnesota,5489594,2649,3560660,3360,3252517
2021-09-23,Minnesota,5489594,3180,3563840,4202,3256719
2021-09-24,Minnesota,5489594,2775,3566615,3513,3260232
2021-09-25,Minnesota,5489594,3123,3569738,4133,3264365
2021-09-26,Minnesota,5489594,3779,3573517,4931,3269296
2021-09-27,Minnesota,5489594,2033,3575550,2789,3272085
2021-09-28,Minnesota,5489594,0,3575550,0,3272085
2021-09-29,Minnesota,5489594,4236,3579786,4736,3276821
2021-09-30,Minnesota,5489594,3072,3582858,3244,3280065
2021-10-01,Minnesota,5489594,3020,3585878,3220,3283285
2021-10-02,Minnesota,5489594,3004,3588882,3314,3286599
2021-10-03,Minnesota,5489594,4579,3593461,5421,3292020
2021-10-04,Minnesota,5489594,218,3593679,188,3292208
2021-10-05,Minnesota,5489594,1270,3594949,1486,3293694
2021-10-06,Minnesota,5489594,2390,3597339,2940,3296634
2021-10-07,Minnesota,5489594,2550,3599889,3121,3299755
2021-10-08,Minnesota,5489594,7147,3607036,7731,3307486
2021-10-09,Minnesota,5489594,4840,3611876,5450,3312936
2021-10-10,Minnesota,5489594,0,3611876,0,3312936
2021-10-11,Minnesota,5489594,0,3611876,0,3312936
2021-10-12,Minnesota,5489594,6005,3617881,6783,3319719
2021-10-13,Minnesota,5489594,2248,3620129,2534,3322253
2021-10-14,Minnesota,5489594,3091,3623220,3479,3325732
2021-10-15,Minnesota,5489594,3105,3626325,3305,3329037
2021-10-16,Minnesota,5489594,315,3626640,175,3329212
2021-10-17,Minnesota,5489594,5743,3632383,6653,3335865
2021-10-18,Minnesota,5489594,2146,3634529,2385,3338250
2021-10-19,Minnesota,5489594,974,3635503,1041,3339291
2021-10-20,Minnesota,5489594,2634,3638137,2783,3342074
2021-10-21,Minnesota,5489594,2589,3640726,2991,3345065
2021-10-22,Minnesota,5489594,6538,3647264,5537,3350602
2021-10-23,Minnesota,5489594,3581,3650845,3618,3354220
2021-10-24,Minnesota,5489594,3516,3654361,3537,3357757
2021-10-25,Minnesota,5489594,1662,3656023,1510,3359267
2021-10-26,Minnesota,5489594,1236,3657259,985,3360252
2021-10-27,Minnesota,5489594,3501,3660760,2938,3363190
2021-10-28,Minnesota,5489594,4733,3665493,3934,3367124
2021-10-29,Minnesota,5489594,3605,3669098,3266,3370390
2021-10-30,Minnesota,5489594,4587,3673685,4041,3374431
2021-10-31,Minnesota,5489594,4192,3677877,3871,3378302
2021-11-01,Minnesota,5489594,2750,3680627,2249,3380551
2021-11-02,Minnesota,5489594,1096,3681723,928,3381479
2021-11-03,Minnesota,5489594,2693,3684416,2272,3383751
2021-11-04,Minnesota,5489594,13707,3698123,80006,3463757
2021-11-05,Minnesota,5489594,3554,3701677,2537,3466294
2021-11-06,Minnesota,5489594,5962,3707639,2440,3468734
2021-11-07,Minnesota,5489594,7903,3715542,3056,3471790
2021-11-08,Minnesota,5489594,4731,3720273,1894,3473684
2021-11-09,Minnesota,5489594,2335,3722608,1136,3474820
2021-11-10,Minnesota,5489594,7383,3729991,2105,3476925
2021-11-11,Minnesota,5489594,0,3729991,0,3476925
2021-11-12,Minnesota,5489594,19775,3749766,5501,3482426
2021-11-13,Minnesota,5489594,787,3750553,188,3482614
2021-11-14,Minnesota,5489594,19061,3769614,5237,3487851
2021-11-15,Minnesota,5489594,7556,3777170,1481,3489332
2021-11-16,Minnesota,5489594,2214,3779384,736,3490068
2021-11-17,Minnesota,5489594,14688,3794072,2124,3492192
2021-11-18,Minnesota,5489594,0,3794072,0,3492192
2021-11-19,Minnesota,5489594,11391,3805463,2763,3494955
2021-11-20,Minnesota,5489594,12871,3818334,2504,3497459
2021-11-21,Minnesota,5489594,11296,3829630,2653,3500112
2021-11-22,Minnesota,5489594,21070,3850700,4795,3504907
2021-11-23,Minnesota,5489594,0,3850700,0,3504907
2021-11-24,Minnesota,5489594,14294,3864994,3362,3508269
2021-11-25,Minnesota,5489594,0,3864994,0,3508269
2021-11-26,Minnesota,5489594,0,3864994,0,3508269
2021-11-27,Minnesota,5489594,0,3864994,0,3508269
2021-11-28,Minnesota,5489594,0,3864994,0,3508269
2021-11-29,Minnesota,5489594,0,3864994,0,3508269
2021-11-30,Minnesota,5489594,28076,3893070,15265,3523534
2021-12-01,Minnesota,5489594,5506,3898576,7054,3530588
2021-12-02,Minnesota,5489594,5923,3904499,8741,3539329
2021-12-03,Minnesota,5489594,6393,3910892,8561,3547890
2021-12-04,Minnesota,5489594,7997,3918889,11475,3559365
2021-12-05,Minnesota,5489594,6264,3925153,10988,3570353
2021-12-06,Minnesota,5489594,3347,3928500,6328,3576681
2021-12-07,Minnesota,5489594,2042,3930542,2250,3578931
2021-12-08,Minnesota,5489594,5540,3936082,7959,3586890
2021-12-09,Minnesota,5489594,5399,3941481,7012,3593902
2021-12-10,Minnesota,5489594,7101,3948582,10369,3604271
2021-12-11,Minnesota,5489594,6543,3955125,8163,3612434
2021-12-12,Minnesota,5489594,7124,3962249,10655,3623089
2021-12-13,Minnesota,5489594,2714,3964963,5733,3628822
2021-12-14,Minnesota,5489594,1319,3966282,2027,3630849
2021-12-15,Minnesota,5489594,0,3966282,0,3630849
2021-12-16,Minnesota,5489594,4846,3971128,7681,3638530
2021-12-17,Minnesota,5489594,10298,3981426,12857,3651387
2021-12-18,Minnesota,5489594,0,3981426,0,3651387
2021-12-19,Minnesota,5489594,11050,3992476,9457,3660844
2021-12-20,Minnesota,5489594,3172,3995648,2558,3663402
2021-12-21,Minnesota,5489594,1845,3997493,1425,3664827
2021-12-22,Minnesota,5489594,2488,3999981,1431,3666258
2021-12-23,Minnesota,5489594,5576,4005557,5084,3671342
2021-12-24,Minnesota,5489594,0,4005557,0,3671342
2021-12-25,Minnesota,5489594,0,4005557,0,3671342
2021-12-26,Minnesota,5489594,0,4005557,0,3671342
2021-12-27,Minnesota,5489594,6580,4012137,4717,3676059
2021-12-28,Minnesota,5489594,7208,4019345,5676,3681735
2021-12-29,Minnesota,5489594,4217,4023562,3856,3685591
2021-12-30,Minnesota,5489594,4484,4028046,4050,3689641
2021-12-31,Minnesota,5489594,0,4028046,0,3689641
2022-01-01,Minnesota,5489594,0,4028046,0,3689641
2022-01-02,Minnesota,5489594,0,4028046,0,3689641
2022-01-03,Minnesota,5489594,0,4028046,0,3689641
2022-01-04,Minnesota,5489594,15544,4043590,12688,3702329
2022-01-05,Minnesota,5489594,3435,4047025,4029,3706358
2022-01-06,Minnesota,5489594,0,4047025,0,3706358
2022-01-07,Minnesota,5489594,3557,4050582,3209,3709567
2022-01-08,Minnesota,5489594,9766,4060348,8824,3718391
2022-01-09,Minnesota,5489594,5038,4065386,4587,3722978
2022-01-10,Minnesota,5489594,185,4065571,32,3723010
2022-01-11,Minnesota,5489594,3959,4069530,3850,3726860
2022-01-12,Minnesota,5489594,4213,4073743,2547,3729407
2022-01-13,Minnesota,5489594,4834,4078577,3556,3732963
2022-01-14,Minnesota,5489594,4769,4083346,3447,3736410
2022-01-15,Minnesota,5489594,0,4083346,0,3736410
2022-01-16,Minnesota,5489594,4847,4088193,3423,3739833
2022-01-17,Minnesota,5489594,0,4088193,0,3739833
2022-01-18,Minnesota,5489594,609,4088802,151,3739984
2022-01-19,Minnesota,5489594,21403,4110205,12737,3752721
2022-01-20,Minnesota,5489594,3907,4114112,2965,3755686
2022-01-21,Minnesota,5489594,3757,4117869,3379,3759065
2022-01-22,Minnesota,5489594,4697,4122566,3700,3762765
2022-01-23,Minnesota,5489594,4241,4126807,3208,3765973
2022-01-24,Minnesota,5489594,442,4127249,168,3766141
2022-01-25,Minnesota,5489594,1634,4128883,802,3766943
2022-01-26,Minnesota,5489594,3032,4131915,2564,3769507
2022-01-27,Minnesota,5489594,3223,4135138,2779,3772286
2022-01-28,Minnesota,5489594,4368,4139506,2864,3775150
2022-01-29,Minnesota,5489594,3989,4143495,3566,3778716
2022-01-30,Minnesota,5489594,3822,4147317,3830,3782546
2022-01-31,Minnesota,5489594,0,4147317,0,3782546
2022-02-01,Minnesota,5489594,1390,4148707,1051,3783597
2022-02-02,Minnesota,5489594,2942,4151649,2812,3786409
2022-02-03,Minnesota,5489594,0,4151649,0,3786409
2022-02-04,Minnesota,5489594,6000,4157649,6467,3792876
2022-02-05,Minnesota,5489594,2821,4160470,3426,3796302
2022-02-06,Minnesota,5489594,242,4160712,114,3796416
2022-02-07,Minnesota,5489594,4155,4164867,5450,3801866
2022-02-08,Minnesota,5489594,1247,4166114,1456,3803322
2022-02-09,Minnesota,5489594,0,4166114,0,3803322
2021-07-01,Missouri,6083672,6558,2761421,5614,2403164
2021-07-02,Missouri,6083672,5868,2767289,4556,2407720
2021-07-03,Missouri,6083672,13236,2780525,7496,2415216
2021-07-04,Missouri,6083672,4517,2785042,2977,2418193
2021-07-05,Missouri,6083672,0,2785042,0,2418193
2021-07-06,Missouri,6083672,2523,2787565,1533,2419726
2021-07-07,Missouri,6083672,1578,2789143,1162,2420888
2021-07-08,Missouri,6083672,5763,2794906,4403,2425291
2021-07-09,Missouri,6083672,6487,2801393,4724,2430015
2021-07-10,Missouri,6083672,7053,2808446,4760,2434775
2021-07-11,Missouri,6083672,8397,2816843,4400,2439175
2021-07-12,Missouri,6083672,5059,2821902,2983,2442158
2021-07-13,Missouri,6083672,3894,2825796,2593,2444751
2021-07-14,Missouri,6083672,5727,2831523,3316,2448067
2021-07-15,Missouri,6083672,7621,2839144,4140,2452207
2021-07-16,Missouri,6083672,8602,2847746,5638,2457845
2021-07-17,Missouri,6083672,17083,2864829,9237,2467082
2021-07-18,Missouri,6083672,6294,2871123,3634,2470716
2021-07-19,Missouri,6083672,345,2871468,204,2470920
2021-07-20,Missouri,6083672,0,2871468,0,2470920
2021-07-21,Missouri,6083672,15190,2886658,8260,2479180
2021-07-22,Missouri,6083672,11228,2897886,5805,2484985
2021-07-23,Missouri,6083672,10608,2908494,6034,2491019
2021-07-24,Missouri,6083672,13765,2922259,9202,2500221
2021-07-25,Missouri,6083672,10629,2932888,5350,2505571
2021-07-26,Missouri,6083672,9209,2942097,4218,2509789
2021-07-27,Missouri,6083672,5463,2947560,2611,2512400
2021-07-28,Missouri,6083672,9358,2956918,3750,2516150
2021-07-29,Missouri,6083672,11107,2968025,5372,2521522
2021-07-30,Missouri,6083672,11832,2979857,5970,2527492
2021-07-31,Missouri,6083672,22959,3002816,13514,2541006
2021-08-01,Missouri,6083672,7955,3010771,4749,2545755
2021-08-02,Missouri,6083672,334,3011105,314,2546069
2021-08-03,Missouri,6083672,4661,3015766,3022,2549091
2021-08-04,Missouri,6083672,8899,3024665,5763,2554854
2021-08-05,Missouri,6083672,10715,3035380,7570,2562424
2021-08-06,Missouri,6083672,9922,3045302,6503,2568927
2021-08-07,Missouri,6083672,9502,3054804,6361,2575288
2021-08-08,Missouri,6083672,10995,3065799,8327,2583615
2021-08-09,Missouri,6083672,7856,3073655,6076,2589691
2021-08-10,Missouri,6083672,6469,3080124,5685,2595376
2021-08-11,Missouri,6083672,8999,3089123,7928,2603304
2021-08-12,Missouri,6083672,9075,3098198,9952,2613256
2021-08-13,Missouri,6083672,11271,3109469,10884,2624140
2021-08-14,Missouri,6083672,20976,3130445,19479,2643619
2021-08-15,Missouri,6083672,6786,3137231,6973,2650592
2021-08-16,Missouri,6083672,428,3137659,327,2650919
2021-08-17,Missouri,6083672,3793,3141452,4329,2655248
2021-08-18,Missouri,6083672,618,3142070,487,2655735
2021-08-19,Missouri,6083672,566,3142636,407,2656142
2021-08-20,Missouri,6083672,21128,3163764,24825,2680967
2021-08-21,Missouri,6083672,7813,3171577,8845,2689812
2021-08-22,Missouri,6083672,8331,3179908,10396,2700208
2021-08-23,Missouri,6083672,8983,3188891,11479,2711687
2021-08-24,Missouri,6083672,5607,3194498,6839,2718526
2021-08-25,Missouri,6083672,6548,3201046,8020,2726546
2021-08-26,Missouri,6083672,7470,3208516,8297,2734843
2021-08-27,Missouri,6083672,7193,3215709,8195,2743038
2021-08-28,Missouri,6083672,0,3215709,0,2743038
2021-08-29,Missouri,6083672,12689,3228398,16438,2759476
2021-08-30,Missouri,6083672,264,3228662,185,2759661
2021-08-31,Missouri,6083672,4325,3232987,5958,2765619
2021-09-01,Missouri,6083672,5063,3238050,6561,2772180
2021-09-02,Missouri,6083672,5779,3243829,7376,2779556
2021-09-03,Missouri,6083672,6277,3250106,7870,2787426
2021-09-04,Missouri,6083672,12854,3262960,15817,2803243
2021-09-05,Missouri,6083672,0,3262960,0,2803243
2021-09-06,Missouri,6083672,0,3262960,0,2803243
2021-09-07,Missouri,6083672,4933,3267893,6151,2809394
2021-09-08,Missouri,6083672,4837,3272730,6403,2815797
2021-09-09,Missouri,6083672,3980,3276710,4757,2820554
2021-09-10,Missouri,6083672,5344,3282054,8192,2828746
2021-09-11,Missouri,6083672,5728,3287782,6906,2835652
2021-09-12,Missouri,6083672,6022,3293804,7680,2843332
2021-09-13,Missouri,6083672,0,3293804,0,2843332
2021-09-14,Missouri,6083672,7705,3301509,10166,2853498
2021-09-15,Missouri,6083672,4032,3305541,5480,2858978
2021-09-16,Missouri,6083672,5158,3310699,6605,2865583
2021-09-17,Missouri,6083672,4387,3315086,5829,2871412
2021-09-18,Missouri,6083672,4882,3319968,6485,2877897
2021-09-19,Missouri,6083672,4983,3324951,6448,2884345
2021-09-20,Missouri,6083672,3199,3328150,4880,2889225
2021-09-21,Missouri,6083672,1908,3330058,3001,2892226
2021-09-22,Missouri,6083672,2998,3333056,4383,2896609
2021-09-23,Missouri,6083672,4371,3337427,5878,2902487
2021-09-24,Missouri,6083672,3123,3340550,4287,2906774
2021-09-25,Missouri,6083672,8488,3349038,11522,2918296
2021-09-26,Missouri,6083672,3480,3352518,4289,2922585
2021-09-27,Missouri,6083672,262,3352780,112,2922697
2021-09-28,Missouri,6083672,0,3352780,0,2922697
2021-09-29,Missouri,6083672,10162,3362942,15507,2938204
2021-09-30,Missouri,6083672,3149,3366091,3301,2941505
2021-10-01,Missouri,6083672,4593,3370684,4513,2946018
2021-10-02,Missouri,6083672,2453,3373137,2429,2948447
2021-10-03,Missouri,6083672,8735,3381872,8674,2957121
2021-10-04,Missouri,6083672,5768,3387640,6109,2963230
2021-10-05,Missouri,6083672,2100,3389740,2325,2965555
2021-10-06,Missouri,6083672,3147,3392887,3122,2968677
2021-10-07,Missouri,6083672,3019,3395906,3903,2972580
2021-10-08,Missouri,6083672,5692,3401598,5714,2978294
2021-10-09,Missouri,6083672,4851,3406449,4382,2982676
2021-10-10,Missouri,6083672,0,3406449,0,2982676
2021-10-11,Missouri,6083672,0,3406449,0,2982676
2021-10-12,Missouri,6083672,3960,3410409,3582,2986258
2021-10-13,Missouri,6083672,4431,3414840,4257,2990515
2021-10-14,Missouri,6083672,10087,3424927,10320,3000835
2021-10-15,Missouri,6083672,3408,3428335,3465,3004300
2021-10-16,Missouri,6083672,3404,3431739,2788,3007088
2021-10-17,Missouri,6083672,4424,3436163,4276,3011364
2021-10-18,Missouri,6083672,3183,3439346,3326,3014690
2021-10-19,Missouri,6083672,1375,3440721,1303,3015993
2021-10-20,Missouri,6083672,3044,3443765,3054,3019047
2021-10-21,Missouri,6083672,3234,3446999,3116,3022163
2021-10-22,Missouri,6083672,7896,3454895,6013,3028176
2021-10-23,Missouri,6083672,3465,3458360,3019,3031195
2021-10-24,Missouri,6083672,428,3458788,162,3031357
2021-10-25,Missouri,6083672,5870,3464658,4583,3035940
2021-10-26,Missouri,6083672,2108,3466766,1359,3037299
2021-10-27,Missouri,6083672,3666,3470432,3273,3040572
2021-10-28,Missouri,6083672,5823,3476255,3616,3044188
2021-10-29,Missouri,6083672,4039,3480294,4580,3048768
2021-10-30,Missouri,6083672,9969,3490263,6746,3055514
2021-10-31,Missouri,6083672,4079,3494342,2411,3057925
2021-11-01,Missouri,6083672,485,3494827,111,3058036
2021-11-02,Missouri,6083672,2082,3496909,1245,3059281
2021-11-03,Missouri,6083672,3222,3500131,2063,3061344
2021-11-04,Missouri,6083672,4375,3504506,2932,3064276
2021-11-05,Missouri,6083672,4061,3508567,2690,3066966
2021-11-06,Missouri,6083672,3789,3512356,2588,3069554
2021-11-07,Missouri,6083672,6779,3519135,3911,3073465
2021-11-08,Missouri,6083672,870,3520005,156,3073621
2021-11-09,Missouri,6083672,8105,3528110,4126,3077747
2021-11-10,Missouri,6083672,5409,3533519,2381,3080128
2021-11-11,Missouri,6083672,0,3533519,0,3080128
2021-11-12,Missouri,6083672,15416,3548935,5732,3085860
2021-11-13,Missouri,6083672,19604,3568539,7340,3093200
2021-11-14,Missouri,6083672,8389,3576928,1922,3095122
2021-11-15,Missouri,6083672,789,3577717,80,3095202
2021-11-16,Missouri,6083672,4721,3582438,1141,3096343
2021-11-17,Missouri,6083672,8186,3590624,2405,3098748
2021-11-18,Missouri,6083672,0,3590624,0,3098748
2021-11-19,Missouri,6083672,7345,3597969,2508,3101256
2021-11-20,Missouri,6083672,7502,3605471,2499,3103755
2021-11-21,Missouri,6083672,10084,3615555,4072,3107827
2021-11-22,Missouri,6083672,15041,3630596,4833,3112660
2021-11-23,Missouri,6083672,0,3630596,0,3112660
2021-11-24,Missouri,6083672,12304,3642900,4582,3117242
2021-11-25,Missouri,6083672,0,3642900,0,3117242
2021-11-26,Missouri,6083672,0,3642900,0,3117242
2021-11-27,Missouri,6083672,0,3642900,0,3117242
2021-11-28,Missouri,6083672,0,3642900,0,3117242
2021-11-29,Missouri,6083672,0,3642900,0,3117242
2021-11-30,Missouri,6083672,22390,3665290,8758,3126000
2021-12-01,Missouri,6083672,6475,3671765,4300,3130300
2021-12-02,Missouri,6083672,11529,3683294,8056,3138356
2021-12-03,Missouri,6083672,7014,3690308,5052,3143408
2021-12-04,Missouri,6083672,10584,3700892,11590,3154998
2021-12-05,Missouri,6083672,7199,3708091,6510,3161508
2021-12-06,Missouri,6083672,7577,3715668,8612,3170120
2021-12-07,Missouri,6083672,509,3716177,192,3170312
2021-12-08,Missouri,6083672,5913,3722090,6174,3176486
2021-12-09,Missouri,6083672,6459,3728549,5248,3181734
2021-12-10,Missouri,6083672,7343,3735892,5911,3187645
2021-12-11,Missouri,6083672,13199,3749091,10846,3198491
2021-12-12,Missouri,6083672,752,3749843,283,3198774
2021-12-13,Missouri,6083672,4636,3754479,4905,3203679
2021-12-14,Missouri,6083672,2261,3756740,1884,3205563
2021-12-15,Missouri,6083672,0,3756740,0,3205563
2021-12-16,Missouri,6083672,5479,3762219,6319,3211882
2021-12-17,Missouri,6083672,11713,3773932,10335,3222217
2021-12-18,Missouri,6083672,0,3773932,0,3222217
2021-12-19,Missouri,6083672,12326,3786258,7767,3229984
2021-12-20,Missouri,6083672,4070,3790328,2431,3232415
2021-12-21,Missouri,6083672,3108,3793436,1923,3234338
2021-12-22,Missouri,6083672,5801,3799237,3458,3237796
2021-12-23,Missouri,6083672,6718,3805955,3580,3241376
2021-12-24,Missouri,6083672,0,3805955,0,3241376
2021-12-25,Missouri,6083672,0,3805955,0,3241376
2021-12-26,Missouri,6083672,0,3805955,0,3241376
2021-12-27,Missouri,6083672,7951,3813906,4947,3246323
2021-12-28,Missouri,6083672,1610,3815516,1547,3247870
2021-12-29,Missouri,6083672,4549,3820065,3040,3250910
2021-12-30,Missouri,6083672,6211,3826276,3538,3254448
2021-12-31,Missouri,6083672,0,3826276,0,3254448
2022-01-01,Missouri,6083672,0,3826276,0,3254448
2022-01-02,Missouri,6083672,0,3826276,0,3254448
2022-01-03,Missouri,6083672,0,3826276,0,3254448
2022-01-04,Missouri,6083672,8636,3834912,4566,3259014
2022-01-05,Missouri,6083672,4573,3839485,2737,3261751
2022-01-06,Missouri,6083672,0,3839485,0,3261751
2022-01-07,Missouri,6083672,5523,3845008,3183,3264934
2022-01-08,Missouri,6083672,11203,3856211,6249,3271183
2022-01-09,Missouri,6083672,707,3856918,162,3271345
2022-01-10,Missouri,6083672,318,3857236,146,3271491
2022-01-11,Missouri,6083672,11444,3868680,7683,3279174
2022-01-12,Missouri,6083672,5596,3874276,3201,3282375
2022-01-13,Missouri,6083672,5163,3879439,3324,3285699
2022-01-14,Missouri,6083672,4885,3884324,3230,3288929
2022-01-15,Missouri,6083672,0,3884324,0,3288929
2022-01-16,Missouri,6083672,5592,3889916,2664,3291593
2022-01-17,Missouri,6083672,0,3889916,0,3291593
2022-01-18,Missouri,6083672,11506,3901422,5040,3296633
2022-01-19,Missouri,6083672,26764,3928186,15050,3311683
2022-01-20,Missouri,6083672,4227,3932413,3190,3314873
2022-01-21,Missouri,6083672,4571,3936984,2998,3317871
2022-01-22,Missouri,6083672,4786,3941770,2132,3320003
2022-01-23,Missouri,6083672,431,3942201,182,3320185
2022-01-24,Missouri,6083672,338,3942539,92,3320277
2022-01-25,Missouri,6083672,8814,3951353,3525,3323802
2022-01-26,Missouri,6083672,3100,3954453,2165,3325967
2022-01-27,Missouri,6083672,3152,3957605,2524,3328491
2022-01-28,Missouri,6083672,2841,3960446,2598,3331089
2022-01-29,Missouri,6083672,2846,3963292,2362,3333451
2022-01-30,Missouri,6083672,331,3963623,173,3333624
2022-01-31,Missouri,6083672,0,3963623,0,3333624
2022-02-01,Missouri,6083672,6465,3970088,5457,3339081
2022-02-02,Missouri,6083672,1806,3971894,1886,3340967
2022-02-03,Missouri,6083672,0,3971894,0,3340967
2022-02-04,Missouri,6083672,3970,3975864,4186,3345153
2022-02-05,Missouri,6083672,1592,3977456,1167,3346320
2022-02-06,Missouri,6083672,429,3977885,174,3346494
2022-02-07,Missouri,6083672,185,3978070,159,3346653
2022-02-08,Missouri,6083672,2939,3981009,4324,3350977
2022-02-09,Missouri,6083672,0,3981009,0,3350977
2021-07-01,Northern Mariana Islands,55144,0,29529,0,26530
2021-07-02,Northern Mariana Islands,55144,0,29529,0,26530
2021-07-03,Northern Mariana Islands,55144,189,29718,247,26777
2021-07-04,Northern Mariana Islands,55144,0,29718,10,26787
2021-07-05,Northern Mariana Islands,55144,0,29718,0,26787
2021-07-06,Northern Mariana Islands,55144,171,29889,267,27054
2021-07-07,Northern Mariana Islands,55144,64,29953,98,27152
2021-07-08,Northern Mariana Islands,55144,128,30081,96,27248
2021-07-09,Northern Mariana Islands,55144,101,30182,139,27387
2021-07-10,Northern Mariana Islands,55144,97,30279,107,27494
2021-07-11,Northern Mariana Islands,55144,0,30279,15,27509
2021-07-12,Northern Mariana Islands,55144,0,30279,0,27509
2021-07-13,Northern Mariana Islands,55144,133,30412,328,27837
2021-07-14,Northern Mariana Islands,55144,207,30619,142,27979
2021-07-15,Northern Mariana Islands,55144,100,30719,123,28102
2021-07-16,Northern Mariana Islands,55144,9,30728,3,28105
2021-07-17,Northern Mariana Islands,55144,231,30959,235,28340
2021-07-18,Northern Mariana Islands,55144,27,30986,2,28342
2021-07-19,Northern Mariana Islands,55144,0,30986,0,28342
2021-07-20,Northern Mariana Islands,55144,0,30986,0,28342
2021-07-21,Northern Mariana Islands,55144,480,31466,413,28755
2021-07-22,Northern Mariana Islands,55144,170,31636,25,28780
2021-07-23,Northern Mariana Islands,55144,90,31726,86,28866
2021-07-24,Northern Mariana Islands,55144,89,31815,75,28941
2021-07-25,Northern Mariana Islands,55144,0,31815,1,28942
2021-07-26,Northern Mariana Islands,55144,0,31815,0,28942
2021-07-27,Northern Mariana Islands,55144,224,32039,176,29118
2021-07-28,Northern Mariana Islands,55144,116,32155,82,29200
2021-07-29,Northern Mariana Islands,55144,86,32241,114,29314
2021-07-30,Northern Mariana Islands,55144,99,32340,71,29385
2021-07-31,Northern Mariana Islands,55144,0,32340,0,29385
2021-08-01,Northern Mariana Islands,55144,156,32496,124,29509
2021-08-02,Northern Mariana Islands,55144,0,32496,0,29509
2021-08-03,Northern Mariana Islands,55144,223,32719,212,29721
2021-08-04,Northern Mariana Islands,55144,130,32849,127,29848
2021-08-05,Northern Mariana Islands,55144,87,32936,93,29941
2021-08-06,Northern Mariana Islands,55144,97,33033,154,30095
2021-08-07,Northern Mariana Islands,55144,112,33145,125,30220
2021-08-08,Northern Mariana Islands,55144,0,33145,0,30220
2021-08-09,Northern Mariana Islands,55144,0,33145,0,30220
2021-08-10,Northern Mariana Islands,55144,150,33295,269,30489
2021-08-11,Northern Mariana Islands,55144,194,33489,113,30602
2021-08-12,Northern Mariana Islands,55144,84,33573,88,30690
2021-08-13,Northern Mariana Islands,55144,133,33706,119,30809
2021-08-14,Northern Mariana Islands,55144,144,33850,98,30907
2021-08-15,Northern Mariana Islands,55144,3,33853,12,30919
2021-08-16,Northern Mariana Islands,55144,0,33853,0,30919
2021-08-17,Northern Mariana Islands,55144,238,34091,249,31168
2021-08-18,Northern Mariana Islands,55144,100,34191,92,31260
2021-08-19,Northern Mariana Islands,55144,82,34273,88,31348
2021-08-20,Northern Mariana Islands,55144,72,34345,89,31437
2021-08-21,Northern Mariana Islands,55144,92,34437,130,31567
2021-08-22,Northern Mariana Islands,55144,0,34437,0,31567
2021-08-23,Northern Mariana Islands,55144,0,34437,0,31567
2021-08-24,Northern Mariana Islands,55144,148,34585,224,31791
2021-08-25,Northern Mariana Islands,55144,75,34660,116,31907
2021-08-26,Northern Mariana Islands,55144,61,34721,95,32002
2021-08-27,Northern Mariana Islands,55144,53,34774,72,32074
2021-08-28,Northern Mariana Islands,55144,0,34774,0,32074
2021-08-29,Northern Mariana Islands,55144,96,34870,184,32258
2021-08-30,Northern Mariana Islands,55144,0,34870,0,32258
2021-08-31,Northern Mariana Islands,55144,119,34989,201,32459
2021-09-01,Northern Mariana Islands,55144,45,35034,97,32556
2021-09-02,Northern Mariana Islands,55144,0,35034,0,32556
2021-09-03,Northern Mariana Islands,55144,62,35096,162,32718
2021-09-04,Northern Mariana Islands,55144,32,35128,150,32868
2021-09-05,Northern Mariana Islands,55144,0,35128,0,32868
2021-09-06,Northern Mariana Islands,55144,0,35128,0,32868
2021-09-07,Northern Mariana Islands,55144,2,35130,108,32976
2021-09-08,Northern Mariana Islands,55144,80,35210,132,33108
2021-09-09,Northern Mariana Islands,55144,33,35243,65,33173
2021-09-10,Northern Mariana Islands,55144,33,35276,41,33214
2021-09-11,Northern Mariana Islands,55144,37,35313,75,33289
2021-09-12,Northern Mariana Islands,55144,0,35313,0,33289
2021-09-13,Northern Mariana Islands,55144,0,35313,0,33289
2021-09-14,Northern Mariana Islands,55144,78,35391,87,33376
2021-09-15,Northern Mariana Islands,55144,45,35436,51,33427
2021-09-16,Northern Mariana Islands,55144,22,35458,43,33470
2021-09-17,Northern Mariana Islands,55144,17,35475,32,33502
2021-09-18,Northern Mariana Islands,55144,31,35506,89,33591
2021-09-19,Northern Mariana Islands,55144,0,35506,0,33591
2021-09-20,Northern Mariana Islands,55144,0,35506,0,33591
2021-09-21,Northern Mariana Islands,55144,80,35586,180,33771
2021-09-22,Northern Mariana Islands,55144,21,35607,66,33837
2021-09-23,Northern Mariana Islands,55144,14,35621,59,33896
2021-09-24,Northern Mariana Islands,55144,15,35636,30,33926
2021-09-25,Northern Mariana Islands,55144,25,35661,56,33982
2021-09-26,Northern Mariana Islands,55144,0,35661,0,33982
2021-09-27,Northern Mariana Islands,55144,0,35661,0,33982
2021-09-28,Northern Mariana Islands,55144,0,35661,0,33982
2021-09-29,Northern Mariana Islands,55144,57,35718,94,34076
2021-09-30,Northern Mariana Islands,55144,23,35741,34,34110
2021-10-01,Northern Mariana Islands,55144,25,35766,30,34140
2021-10-02,Northern Mariana Islands,55144,41,35807,39,34179
2021-10-03,Northern Mariana Islands,55144,0,35807,0,34179
2021-10-04,Northern Mariana Islands,55144,0,35807,0,34179
2021-10-05,Northern Mariana Islands,55144,53,35860,75,34254
2021-10-06,Northern Mariana Islands,55144,17,35877,50,34304
2021-10-07,Northern Mariana Islands,55144,10,35887,21,34325
2021-10-08,Northern Mariana Islands,55144,23,35910,16,34341
2021-10-09,Northern Mariana Islands,55144,43,35953,27,34368
2021-10-10,Northern Mariana Islands,55144,0,35953,0,34368
2021-10-11,Northern Mariana Islands,55144,0,35953,0,34368
2021-10-12,Northern Mariana Islands,55144,2,35955,54,34422
2021-10-13,Northern Mariana Islands,55144,52,36007,45,34467
2021-10-14,Northern Mariana Islands,55144,18,36025,19,34486
2021-10-15,Northern Mariana Islands,55144,14,36039,17,34503
2021-10-16,Northern Mariana Islands,55144,21,36060,15,34518
2021-10-17,Northern Mariana Islands,55144,0,36060,0,34518
2021-10-18,Northern Mariana Islands,55144,0,36060,0,34518
2021-10-19,Northern Mariana Islands,55144,32,36092,30,34548
2021-10-20,Northern Mariana Islands,55144,16,36108,11,34559
2021-10-21,Northern Mariana Islands,55144,20,36128,20,34579
2021-10-22,Northern Mariana Islands,55144,54,36182,48,34627
2021-10-23,Northern Mariana Islands,55144,18,36200,34,34661
2021-10-24,Northern Mariana Islands,55144,1,36201,1,34662
2021-10-25,Northern Mariana Islands,55144,0,36201,0,34662
2021-10-26,Northern Mariana Islands,55144,33,36234,57,34719
2021-10-27,Northern Mariana Islands,55144,41,36275,31,34750
2021-10-28,Northern Mariana Islands,55144,28,36303,24,34774
2021-10-29,Northern Mariana Islands,55144,29,36332,27,34801
2021-10-30,Northern Mariana Islands,55144,74,36406,44,34845
2021-10-31,Northern Mariana Islands,55144,0,36406,1,34846
2021-11-01,Northern Mariana Islands,55144,5,36411,8,34854
2021-11-02,Northern Mariana Islands,55144,119,36530,50,34904
2021-11-03,Northern Mariana Islands,55144,55,36585,21,34925
2021-11-04,Northern Mariana Islands,55144,55,36640,32,34957
2021-11-05,Northern Mariana Islands,55144,3,36643,22,34979
2021-11-06,Northern Mariana Islands,55144,84,36727,35,35014
2021-11-07,Northern Mariana Islands,55144,1,36728,1,35015
2021-11-08,Northern Mariana Islands,55144,2,36730,16,35031
2021-11-09,Northern Mariana Islands,55144,253,36983,28,35059
2021-11-10,Northern Mariana Islands,55144,167,37150,32,35091
2021-11-11,Northern Mariana Islands,55144,0,37150,0,35091
2021-11-12,Northern Mariana Islands,55144,496,37646,49,35140
2021-11-13,Northern Mariana Islands,55144,253,37899,16,35156
2021-11-14,Northern Mariana Islands,55144,309,38208,19,35175
2021-11-15,Northern Mariana Islands,55144,0,38208,0,35175
2021-11-16,Northern Mariana Islands,55144,174,38382,30,35205
2021-11-17,Northern Mariana Islands,55144,102,38484,33,35238
2021-11-18,Northern Mariana Islands,55144,0,38484,0,35238
2021-11-19,Northern Mariana Islands,55144,0,38484,0,35238
2021-11-20,Northern Mariana Islands,55144,0,38484,1,35239
2021-11-21,Northern Mariana Islands,55144,1,38485,0,35239
2021-11-22,Northern Mariana Islands,55144,0,38485,0,35239
2021-11-23,Northern Mariana Islands,55144,0,38485,0,35239
2021-11-24,Northern Mariana Islands,55144,0,38485,1,35240
2021-11-25,Northern Mariana Islands,55144,0,38485,0,35240
2021-11-26,Northern Mariana Islands,55144,0,38485,0,35240
2021-11-27,Northern Mariana Islands,55144,0,38485,0,35240
2021-11-28,Northern Mariana Islands,55144,0,38485,0,35240
2021-11-29,Northern Mariana Islands,55144,0,38485,0,35240
2021-11-30,Northern Mariana Islands,55144,1477,39962,539,35779
2021-12-01,Northern Mariana Islands,55144,120,40082,140,35919
2021-12-02,Northern Mariana Islands,55144,277,40359,350,36269
2021-12-03,Northern Mariana Islands,55144,220,40579,251,36520
2021-12-04,Northern Mariana Islands,55144,167,40746,263,36783
2021-12-05,Northern Mariana Islands,55144,0,40746,0,36783
2021-12-06,Northern Mariana Islands,55144,101,40847,201,36984
2021-12-07,Northern Mariana Islands,55144,286,41133,94,37078
2021-12-08,Northern Mariana Islands,55144,222,41355,196,37274
2021-12-09,Northern Mariana Islands,55144,133,41488,189,37463
2021-12-10,Northern Mariana Islands,55144,138,41626,154,37617
2021-12-11,Northern Mariana Islands,55144,153,41779,199,37816
2021-12-12,Northern Mariana Islands,55144,0,41779,0,37816
2021-12-13,Northern Mariana Islands,55144,180,41959,146,37962
2021-12-14,Northern Mariana Islands,55144,102,42061,104,38066
2021-12-15,Northern Mariana Islands,55144,0,42061,0,38066
2021-12-16,Northern Mariana Islands,55144,199,42260,137,38203
2021-12-17,Northern Mariana Islands,55144,109,42369,199,38402
2021-12-18,Northern Mariana Islands,55144,0,42369,0,38402
2021-12-19,Northern Mariana Islands,55144,249,42618,179,38581
2021-12-20,Northern Mariana Islands,55144,105,42723,96,38677
2021-12-21,Northern Mariana Islands,55144,185,42908,207,38884
2021-12-22,Northern Mariana Islands,55144,96,43004,217,39101
2021-12-23,Northern Mariana Islands,55144,65,43069,147,39248
2021-12-24,Northern Mariana Islands,55144,0,43069,0,39248
2021-12-25,Northern Mariana Islands,55144,0,43069,0,39248
2021-12-26,Northern Mariana Islands,55144,0,43069,0,39248
2021-12-27,Northern Mariana Islands,55144,3,43072,0,39248
2021-12-28,Northern Mariana Islands,55144,198,43270,418,39666
2021-12-29,Northern Mariana Islands,55144,88,43358,212,39878
2021-12-30,Northern Mariana Islands,55144,0,43358,0,39878
2021-12-31,Northern Mariana Islands,55144,0,43358,0,39878
2022-01-01,Northern Mariana Islands,55144,0,43358,0,39878
2022-01-02,Northern Mariana Islands,55144,0,43358,0,39878
2022-01-03,Northern Mariana Islands,55144,0,43358,0,39878
2022-01-04,Northern Mariana Islands,55144,268,43626,509,40387
2022-01-05,Northern Mariana Islands,55144,44,43670,227,40614
2022-01-06,Northern Mariana Islands,55144,0,43670,0,40614
2022-01-07,Northern Mariana Islands,55144,31,43701,91,40705
2022-01-08,Northern Mariana Islands,55144,27,43728,84,40789
2022-01-09,Northern Mariana Islands,55144,0,43728,0,40789
2022-01-10,Northern Mariana Islands,55144,0,43728,0,40789
2022-01-11,Northern Mariana Islands,55144,160,43888,299,41088
2022-01-12,Northern Mariana Islands,55144,51,43939,117,41205
2022-01-13,Northern Mariana Islands,55144,62,44001,124,41329
2022-01-14,Northern Mariana Islands,55144,46,44047,78,41407
2022-01-15,Northern Mariana Islands,55144,0,44047,0,41407
2022-01-16,Northern Mariana Islands,55144,0,44047,0,41407
2022-01-17,Northern Mariana Islands,55144,0,44047,0,41407
2022-01-18,Northern Mariana Islands,55144,140,44187,177,41584
2022-01-19,Northern Mariana Islands,55144,25,44212,59,41643
2022-01-20,Northern Mariana Islands,55144,22,44234,32,41675
2022-01-21,Northern Mariana Islands,55144,40,44274,63,41738
2022-01-22,Northern Mariana Islands,55144,2,44276,0,41738
2022-01-23,Northern Mariana Islands,55144,0,44276,0,41738
2022-01-24,Northern Mariana Islands,55144,86,44362,103,41841
2022-01-25,Northern Mariana Islands,55144,66,44428,46,41887
2022-01-26,Northern Mariana Islands,55144,0,44428,0,41887
2022-01-27,Northern Mariana Islands,55144,65,44493,78,41965
2022-01-28,Northern Mariana Islands,55144,1,44494,0,41965
2022-01-29,Northern Mariana Islands,55144,0,44494,0,41965
2022-01-30,Northern Mariana Islands,55144,1,44495,0,41965
2022-01-31,Northern Mariana Islands,55144,0,44495,0,41965
2022-02-01,Northern Mariana Islands,55144,64,44559,97,42062
2022-02-02,Northern Mariana Islands,55144,70,44629,72,42134
2022-02-03,Northern Mariana Islands,55144,0,44629,0,42134
2022-02-04,Northern Mariana Islands,55144,55,44684,76,42210
2022-02-05,Northern Mariana Islands,55144,0,44684,0,42210
2022-02-06,Northern Mariana Islands,55144,1,44685,0,42210
2022-02-07,Northern Mariana Islands,55144,40,44725,53,42263
2022-02-08,Northern Mariana Islands,55144,71,44796,86,42349
2022-02-09,Northern Mariana Islands,55144,0,44796,0,42349
2021-07-01,Mississippi,2992333,2345,1079390,2372,888154
2021-07-02,Mississippi,2992333,182,1079572,190,888344
2021-07-03,Mississippi,2992333,461,1080033,1030,889374
2021-07-04,Mississippi,2992333,116,1080149,102,889476
2021-07-05,Mississippi,2992333,0,1080149,0,889476
2021-07-06,Mississippi,2992333,128,1080277,77,889553
2021-07-07,Mississippi,2992333,19007,1099284,98350,987903
2021-07-08,Mississippi,2992333,2659,1101943,2566,990469
2021-07-09,Mississippi,2992333,2226,1104169,1912,992381
2021-07-10,Mississippi,2992333,172,1104341,156,992537
2021-07-11,Mississippi,2992333,150,1104491,203,992740
2021-07-12,Mississippi,2992333,74,1104565,55,992795
2021-07-13,Mississippi,2992333,5977,1110542,4774,997569
2021-07-14,Mississippi,2992333,2972,1113514,1863,999432
2021-07-15,Mississippi,2992333,2699,1116213,1709,1001141
2021-07-16,Mississippi,2992333,423,1116636,327,1001468
2021-07-17,Mississippi,2992333,6405,1123041,3725,1005193
2021-07-18,Mississippi,2992333,185,1123226,138,1005331
2021-07-19,Mississippi,2992333,157,1123383,68,1005399
2021-07-20,Mississippi,2992333,0,1123383,0,1005399
2021-07-21,Mississippi,2992333,10061,1133444,4913,1010312
2021-07-22,Mississippi,2992333,5091,1138535,2168,1012480
2021-07-23,Mississippi,2992333,249,1138784,152,1012632
2021-07-24,Mississippi,2992333,10711,1149495,4346,1016978
2021-07-25,Mississippi,2992333,422,1149917,200,1017178
2021-07-26,Mississippi,2992333,160,1150077,55,1017233
2021-07-27,Mississippi,2992333,112,1150189,24,1017257
2021-07-28,Mississippi,2992333,18022,1168211,5236,1022493
2021-07-29,Mississippi,2992333,366,1168577,174,1022667
2021-07-30,Mississippi,2992333,14371,1182948,4002,1026669
2021-07-31,Mississippi,2992333,491,1183439,168,1026837
2021-08-01,Mississippi,2992333,487,1183926,213,1027050
2021-08-02,Mississippi,2992333,189,1184115,40,1027090
2021-08-03,Mississippi,2992333,343,1184458,45,1027135
2021-08-04,Mississippi,2992333,28860,1213318,8117,1035252
2021-08-05,Mississippi,2992333,434,1213752,206,1035458
2021-08-06,Mississippi,2992333,505,1214257,197,1035655
2021-08-07,Mississippi,2992333,24207,1238464,7843,1043498
2021-08-08,Mississippi,2992333,8984,1247448,3056,1046554
2021-08-09,Mississippi,2992333,310,1247758,101,1046655
2021-08-10,Mississippi,2992333,247,1248005,64,1046719
2021-08-11,Mississippi,2992333,14869,1262874,5787,1052506
2021-08-12,Mississippi,2992333,6932,1269806,3015,1055521
2021-08-13,Mississippi,2992333,8241,1278047,3698,1059219
2021-08-14,Mississippi,2992333,10465,1288512,5222,1064441
2021-08-15,Mississippi,2992333,327,1288839,165,1064606
2021-08-16,Mississippi,2992333,526,1289365,202,1064808
2021-08-17,Mississippi,2992333,18902,1308267,9501,1074309
2021-08-18,Mississippi,2992333,7608,1315875,4138,1078447
2021-08-19,Mississippi,2992333,472,1316347,254,1078701
2021-08-20,Mississippi,2992333,17782,1334129,10508,1089209
2021-08-21,Mississippi,2992333,8129,1342258,5094,1094303
2021-08-22,Mississippi,2992333,547,1342805,352,1094655
2021-08-23,Mississippi,2992333,343,1343148,226,1094881
2021-08-24,Mississippi,2992333,17852,1361000,13010,1107891
2021-08-25,Mississippi,2992333,317,1361317,801,1108692
2021-08-26,Mississippi,2992333,467,1361784,323,1109015
2021-08-27,Mississippi,2992333,15150,1376934,12975,1121990
2021-08-28,Mississippi,2992333,0,1376934,0,1121990
2021-08-29,Mississippi,2992333,1377,1378311,803,1122793
2021-08-30,Mississippi,2992333,107,1378418,90,1122883
2021-08-31,Mississippi,2992333,373,1378791,298,1123181
2021-09-01,Mississippi,2992333,22513,1401304,21008,1144189
2021-09-02,Mississippi,2992333,277,1401581,249,1144438
2021-09-03,Mississippi,2992333,12508,1414089,26495,1170933
2021-09-04,Mississippi,2992333,5692,1419781,7000,1177933
2021-09-05,Mississippi,2992333,0,1419781,0,1177933
2021-09-06,Mississippi,2992333,0,1419781,0,1177933
2021-09-07,Mississippi,2992333,315,1420096,237,1178170
2021-09-08,Mississippi,2992333,428,1420524,330,1178500
2021-09-09,Mississippi,2992333,13088,1433612,20766,1199266
2021-09-10,Mississippi,2992333,565,1434177,413,1199679
2021-09-11,Mississippi,2992333,7930,1442107,13487,1213166
2021-09-12,Mississippi,2992333,506,1442613,370,1213536
2021-09-13,Mississippi,2992333,0,1442613,0,1213536
2021-09-14,Mississippi,2992333,10107,1452720,16026,1229562
2021-09-15,Mississippi,2992333,4514,1457234,5156,1234718
2021-09-16,Mississippi,2992333,3567,1460801,6493,1241211
2021-09-17,Mississippi,2992333,404,1461205,352,1241563
2021-09-18,Mississippi,2992333,5980,1467185,11796,1253359
2021-09-19,Mississippi,2992333,302,1467487,499,1253858
2021-09-20,Mississippi,2992333,101,1467588,106,1253964
2021-09-21,Mississippi,2992333,6177,1473765,11797,1265761
2021-09-22,Mississippi,2992333,2619,1476384,2968,1268729
2021-09-23,Mississippi,2992333,245,1476629,304,1269033
2021-09-24,Mississippi,2992333,5175,1481804,8200,1277233
2021-09-25,Mississippi,2992333,2568,1484372,4802,1282035
2021-09-26,Mississippi,2992333,186,1484558,199,1282234
2021-09-27,Mississippi,2992333,103,1484661,65,1282299
2021-09-28,Mississippi,2992333,0,1484661,0,1282299
2021-09-29,Mississippi,2992333,6705,1491366,10122,1292421
2021-09-30,Mississippi,2992333,1803,1493169,2551,1294972
2021-10-01,Mississippi,2992333,2038,1495207,2851,1297823
2021-10-02,Mississippi,2992333,187,1495394,151,1297974
2021-10-03,Mississippi,2992333,190,1495584,130,1298104
2021-10-04,Mississippi,2992333,139,1495723,86,1298190
2021-10-05,Mississippi,2992333,7020,1502743,9580,1307770
2021-10-06,Mississippi,2992333,1617,1504360,1953,1309723
2021-10-07,Mississippi,2992333,1723,1506083,1974,1311697
2021-10-08,Mississippi,2992333,2992,1509075,3300,1314997
2021-10-09,Mississippi,2992333,202,1509277,150,1315147
2021-10-10,Mississippi,2992333,0,1509277,0,1315147
2021-10-11,Mississippi,2992333,0,1509277,0,1315147
2021-10-12,Mississippi,2992333,5776,1515053,7075,1322222
2021-10-13,Mississippi,2992333,1538,1516591,1808,1324030
2021-10-14,Mississippi,2992333,1302,1517893,1490,1325520
2021-10-15,Mississippi,2992333,3436,1521329,4646,1330166
2021-10-16,Mississippi,2992333,4629,1525958,5615,1335781
2021-10-17,Mississippi,2992333,232,1526190,178,1335959
2021-10-18,Mississippi,2992333,60,1526250,53,1336012
2021-10-19,Mississippi,2992333,3442,1529692,4682,1340694
2021-10-20,Mississippi,2992333,1544,1531236,1820,1342514
2021-10-21,Mississippi,2992333,198,1531434,153,1342667
2021-10-22,Mississippi,2992333,6726,1538160,5731,1348398
2021-10-23,Mississippi,2992333,331,1538491,220,1348618
2021-10-24,Mississippi,2992333,151,1538642,123,1348741
2021-10-25,Mississippi,2992333,105,1538747,31,1348772
2021-10-26,Mississippi,2992333,192,1538939,108,1348880
2021-10-27,Mississippi,2992333,5464,1544403,6450,1355330
2021-10-28,Mississippi,2992333,368,1544771,227,1355557
2021-10-29,Mississippi,2992333,3370,1548141,3638,1359195
2021-10-30,Mississippi,2992333,338,1548479,147,1359342
2021-10-31,Mississippi,2992333,269,1548748,177,1359519
2021-11-01,Mississippi,2992333,133,1548881,74,1359593
2021-11-02,Mississippi,2992333,248,1549129,136,1359729
2021-11-03,Mississippi,2992333,6561,1555690,6626,1366355
2021-11-04,Mississippi,2992333,2045,1557735,1661,1368016
2021-11-05,Mississippi,2992333,1550,1559285,1198,1369214
2021-11-06,Mississippi,2992333,300,1559585,228,1369442
2021-11-07,Mississippi,2992333,239,1559824,144,1369586
2021-11-08,Mississippi,2992333,175,1559999,247,1369833
2021-11-09,Mississippi,2992333,5061,1565060,4999,1374832
2021-11-10,Mississippi,2992333,1489,1566549,1473,1376305
2021-11-11,Mississippi,2992333,0,1566549,0,1376305
2021-11-12,Mississippi,2992333,640,1567189,327,1376632
2021-11-13,Mississippi,2992333,6502,1573691,4123,1380755
2021-11-14,Mississippi,2992333,264,1573955,118,1380873
2021-11-15,Mississippi,2992333,87,1574042,29,1380902
2021-11-16,Mississippi,2992333,6557,1580599,5135,1386037
2021-11-17,Mississippi,2992333,2268,1582867,1224,1387261
2021-11-18,Mississippi,2992333,0,1582867,0,1387261
2021-11-19,Mississippi,2992333,349,1583216,177,1387438
2021-11-20,Mississippi,2992333,4705,1587921,2692,1390130
2021-11-21,Mississippi,2992333,2334,1590255,1480,1391610
2021-11-22,Mississippi,2992333,357,1590612,126,1391736
2021-11-23,Mississippi,2992333,0,1590612,0,1391736
2021-11-24,Mississippi,2992333,7009,1597621,3758,1395494
2021-11-25,Mississippi,2992333,0,1597621,0,1395494
2021-11-26,Mississippi,2992333,0,1597621,0,1395494
2021-11-27,Mississippi,2992333,0,1597621,0,1395494
2021-11-28,Mississippi,2992333,0,1597621,0,1395494
2021-11-29,Mississippi,2992333,0,1597621,0,1395494
2021-11-30,Mississippi,2992333,914,1598535,368,1395862
2021-12-01,Mississippi,2992333,9966,1608501,5794,1401656
2021-12-02,Mississippi,2992333,394,1608895,226,1401882
2021-12-03,Mississippi,2992333,394,1609289,161,1402043
2021-12-04,Mississippi,2992333,443,1609732,186,1402229
2021-12-05,Mississippi,2992333,277,1610009,96,1402325
2021-12-06,Mississippi,2992333,108,1610117,59,1402384
2021-12-07,Mississippi,2992333,11992,1622109,8791,1411175
2021-12-08,Mississippi,2992333,286,1622395,204,1411379
2021-12-09,Mississippi,2992333,4261,1626656,3162,1414541
2021-12-10,Mississippi,2992333,397,1627053,217,1414758
2021-12-11,Mississippi,2992333,294,1627347,149,1414907
2021-12-12,Mississippi,2992333,151,1627498,49,1414956
2021-12-13,Mississippi,2992333,112,1627610,41,1414997
2021-12-14,Mississippi,2992333,212,1627822,97,1415094
2021-12-15,Mississippi,2992333,0,1627822,0,1415094
2021-12-16,Mississippi,2992333,8888,1636710,7323,1422417
2021-12-17,Mississippi,2992333,6208,1642918,7001,1429418
2021-12-18,Mississippi,2992333,0,1642918,0,1429418
2021-12-19,Mississippi,2992333,422,1643340,225,1429643
2021-12-20,Mississippi,2992333,112,1643452,46,1429689
2021-12-21,Mississippi,2992333,234,1643686,88,1429777
2021-12-22,Mississippi,2992333,278,1643964,120,1429897
2021-12-23,Mississippi,2992333,325,1644289,134,1430031
2021-12-24,Mississippi,2992333,0,1644289,0,1430031
2021-12-25,Mississippi,2992333,0,1644289,0,1430031
2021-12-26,Mississippi,2992333,0,1644289,0,1430031
2021-12-27,Mississippi,2992333,606,1644895,180,1430211
2021-12-28,Mississippi,2992333,219,1645114,93,1430304
2021-12-29,Mississippi,2992333,183,1645297,75,1430379
2021-12-30,Mississippi,2992333,283,1645580,128,1430507
2021-12-31,Mississippi,2992333,0,1645580,0,1430507
2022-01-01,Mississippi,2992333,0,1645580,0,1430507
2022-01-02,Mississippi,2992333,0,1645580,0,1430507
2022-01-03,Mississippi,2992333,0,1645580,0,1430507
2022-01-04,Mississippi,2992333,26239,1671819,18472,1448979
2022-01-05,Mississippi,2992333,1772,1673591,1196,1450175
2022-01-06,Mississippi,2992333,0,1673591,0,1450175
2022-01-07,Mississippi,2992333,291,1673882,125,1450300
2022-01-08,Mississippi,2992333,5335,1679217,2908,1453208
2022-01-09,Mississippi,2992333,226,1679443,73,1453281
2022-01-10,Mississippi,2992333,96,1679539,51,1453332
2022-01-11,Mississippi,2992333,177,1679716,64,1453396
2022-01-12,Mississippi,2992333,258,1679974,102,1453498
2022-01-13,Mississippi,2992333,306,1680280,141,1453639
2022-01-14,Mississippi,2992333,12827,1693107,7647,1461286
2022-01-15,Mississippi,2992333,0,1693107,0,1461286
2022-01-16,Mississippi,2992333,227,1693334,101,1461387
2022-01-17,Mississippi,2992333,0,1693334,0,1461387
2022-01-18,Mississippi,2992333,403,1693737,156,1461543
2022-01-19,Mississippi,2992333,21183,1714920,15314,1476857
2022-01-20,Mississippi,2992333,1697,1716617,1506,1478363
2022-01-21,Mississippi,2992333,1621,1718238,1526,1479889
2022-01-22,Mississippi,2992333,1396,1719634,1241,1481130
2022-01-23,Mississippi,2992333,188,1719822,110,1481240
2022-01-24,Mississippi,2992333,106,1719928,47,1481287
2022-01-25,Mississippi,2992333,2914,1722842,2479,1483766
2022-01-26,Mississippi,2992333,1111,1723953,1072,1484838
2022-01-27,Mississippi,2992333,1317,1725270,1457,1486295
2022-01-28,Mississippi,2992333,1359,1726629,1578,1487873
2022-01-29,Mississippi,2992333,136,1726765,83,1487956
2022-01-30,Mississippi,2992333,144,1726909,90,1488046
2022-01-31,Mississippi,2992333,0,1726909,0,1488046
2022-02-01,Mississippi,2992333,3657,1730566,4389,1492435
2022-02-02,Mississippi,2992333,1014,1731580,1181,1493616
2022-02-03,Mississippi,2992333,0,1731580,0,1493616
2022-02-04,Mississippi,2992333,2247,1733827,2739,1496355
2022-02-05,Mississippi,2992333,933,1734760,1177,1497532
2022-02-06,Mississippi,2992333,200,1734960,94,1497626
2022-02-07,Mississippi,2992333,53,1735013,34,1497660
2022-02-08,Mississippi,2992333,1584,1736597,2121,1499781
2022-02-09,Mississippi,2992333,0,1736597,0,1499781
2021-07-01,Montana,1032949,705,510906,814,458881
2021-07-02,Montana,1032949,966,511872,1238,460119
2021-07-03,Montana,1032949,620,512492,759,460878
2021-07-04,Montana,1032949,403,512895,539,461417
2021-07-05,Montana,1032949,0,512895,0,461417
2021-07-06,Montana,1032949,331,513226,359,461776
2021-07-07,Montana,1032949,160,513386,165,461941
2021-07-08,Montana,1032949,600,513986,932,462873
2021-07-09,Montana,1032949,556,514542,738,463611
2021-07-10,Montana,1032949,666,515208,746,464357
2021-07-11,Montana,1032949,590,515798,649,465006
2021-07-12,Montana,1032949,11,515809,11,465017
2021-07-13,Montana,1032949,488,516297,436,465453
2021-07-14,Montana,1032949,440,516737,497,465950
2021-07-15,Montana,1032949,635,517372,559,466509
2021-07-16,Montana,1032949,708,518080,706,467215
2021-07-17,Montana,1032949,705,518785,692,467907
2021-07-18,Montana,1032949,653,519438,555,468462
2021-07-19,Montana,1032949,307,519745,261,468723
2021-07-20,Montana,1032949,0,519745,0,468723
2021-07-21,Montana,1032949,591,520336,454,469177
2021-07-22,Montana,1032949,704,521040,534,469711
2021-07-23,Montana,1032949,892,521932,640,470351
2021-07-24,Montana,1032949,928,522860,562,470913
2021-07-25,Montana,1032949,128,522988,59,470972
2021-07-26,Montana,1032949,1210,524198,697,471669
2021-07-27,Montana,1032949,18,524216,9,471678
2021-07-28,Montana,1032949,82,524298,39,471717
2021-07-29,Montana,1032949,169,524467,48,471765
2021-07-30,Montana,1032949,3031,527498,1395,473160
2021-07-31,Montana,1032949,1288,528786,671,473831
2021-08-01,Montana,1032949,918,529704,433,474264
2021-08-02,Montana,1032949,37,529741,12,474276
2021-08-03,Montana,1032949,932,530673,366,474642
2021-08-04,Montana,1032949,756,531429,399,475041
2021-08-05,Montana,1032949,1100,532529,578,475619
2021-08-06,Montana,1032949,195,532724,70,475689
2021-08-07,Montana,1032949,2424,535148,1257,476946
2021-08-08,Montana,1032949,1171,536319,567,477513
2021-08-09,Montana,1032949,34,536353,7,477520
2021-08-10,Montana,1032949,1046,537399,415,477935
2021-08-11,Montana,1032949,844,538243,537,478472
2021-08-12,Montana,1032949,1107,539350,657,479129
2021-08-13,Montana,1032949,1380,540730,707,479836
2021-08-14,Montana,1032949,1324,542054,772,480608
2021-08-15,Montana,1032949,119,542173,102,480710
2021-08-16,Montana,1032949,69,542242,25,480735
2021-08-17,Montana,1032949,26,542268,82,480817
2021-08-18,Montana,1032949,2830,545098,1856,482673
2021-08-19,Montana,1032949,111,545209,67,482740
2021-08-20,Montana,1032949,2570,547779,1793,484533
2021-08-21,Montana,1032949,1313,549092,858,485391
2021-08-22,Montana,1032949,110,549202,78,485469
2021-08-23,Montana,1032949,70,549272,33,485502
2021-08-24,Montana,1032949,2166,551438,1429,486931
2021-08-25,Montana,1032949,1115,552553,757,487688
2021-08-26,Montana,1032949,1346,553899,917,488605
2021-08-27,Montana,1032949,1223,555122,1000,489605
2021-08-28,Montana,1032949,0,555122,0,489605
2021-08-29,Montana,1032949,1429,556551,1003,490608
2021-08-30,Montana,1032949,142,556693,19,490627
2021-08-31,Montana,1032949,1326,558019,1007,491634
2021-09-01,Montana,1032949,156,558175,88,491722
2021-09-02,Montana,1032949,2059,560234,1607,493329
2021-09-03,Montana,1032949,202,560436,145,493474
2021-09-04,Montana,1032949,2171,562607,1901,495375
2021-09-05,Montana,1032949,0,562607,0,495375
2021-09-06,Montana,1032949,0,562607,0,495375
2021-09-07,Montana,1032949,124,562731,90,495465
2021-09-08,Montana,1032949,3100,565831,4576,500041
2021-09-09,Montana,1032949,809,566640,755,500796
2021-09-10,Montana,1032949,1412,568052,1178,501974
2021-09-11,Montana,1032949,1275,569327,978,502952
2021-09-12,Montana,1032949,229,569556,93,503045
2021-09-13,Montana,1032949,0,569556,0,503045
2021-09-14,Montana,1032949,2254,571810,1876,504921
2021-09-15,Montana,1032949,757,572567,647,505568
2021-09-16,Montana,1032949,1865,574432,2561,508129
2021-09-17,Montana,1032949,1046,575478,942,509071
2021-09-18,Montana,1032949,1138,576616,1127,510198
2021-09-19,Montana,1032949,121,576737,86,510284
2021-09-20,Montana,1032949,16,576753,19,510303
2021-09-21,Montana,1032949,2063,578816,1691,511994
2021-09-22,Montana,1032949,879,579695,897,512891
2021-09-23,Montana,1032949,833,580528,836,513727
2021-09-24,Montana,1032949,827,581355,825,514552
2021-09-25,Montana,1032949,1032,582387,902,515454
2021-09-26,Montana,1032949,106,582493,166,515620
2021-09-27,Montana,1032949,28,582521,13,515633
2021-09-28,Montana,1032949,0,582521,0,515633
2021-09-29,Montana,1032949,2169,584690,1894,517527
2021-09-30,Montana,1032949,799,585489,776,518303
2021-10-01,Montana,1032949,152,585641,211,518514
2021-10-02,Montana,1032949,1571,587212,1320,519834
2021-10-03,Montana,1032949,140,587352,97,519931
2021-10-04,Montana,1032949,1406,588758,1267,521198
2021-10-05,Montana,1032949,326,589084,259,521457
2021-10-06,Montana,1032949,615,589699,469,521926
2021-10-07,Montana,1032949,671,590370,574,522500
2021-10-08,Montana,1032949,1152,591522,1009,523509
2021-10-09,Montana,1032949,1086,592608,1232,524741
2021-10-10,Montana,1032949,0,592608,0,524741
2021-10-11,Montana,1032949,0,592608,0,524741
2021-10-12,Montana,1032949,157,592765,132,524873
2021-10-13,Montana,1032949,1581,594346,1632,526505
2021-10-14,Montana,1032949,785,595131,911,527416
2021-10-15,Montana,1032949,866,595997,831,528247
2021-10-16,Montana,1032949,2218,598215,2304,530551
2021-10-17,Montana,1032949,107,598322,94,530645
2021-10-18,Montana,1032949,18,598340,16,530661
2021-10-19,Montana,1032949,1108,599448,1177,531838
2021-10-20,Montana,1032949,577,600025,597,532435
2021-10-21,Montana,1032949,662,600687,722,533157
2021-10-22,Montana,1032949,627,601314,445,533602
2021-10-23,Montana,1032949,150,601464,72,533674
2021-10-24,Montana,1032949,737,602201,752,534426
2021-10-25,Montana,1032949,37,602238,6,534432
2021-10-26,Montana,1032949,1852,604090,1983,536415
2021-10-27,Montana,1032949,766,604856,623,537038
2021-10-28,Montana,1032949,1047,605903,832,537870
2021-10-29,Montana,1032949,1045,606948,767,538637
2021-10-30,Montana,1032949,1036,607984,874,539511
2021-10-31,Montana,1032949,176,608160,77,539588
2021-11-01,Montana,1032949,85,608245,28,539616
2021-11-02,Montana,1032949,1441,609686,1186,540802
2021-11-03,Montana,1032949,582,610268,481,541283
2021-11-04,Montana,1032949,879,611147,624,541907
2021-11-05,Montana,1032949,993,612140,755,542662
2021-11-06,Montana,1032949,903,613043,714,543376
2021-11-07,Montana,1032949,465,613508,102,543478
2021-11-08,Montana,1032949,99,613607,41,543519
2021-11-09,Montana,1032949,1559,615166,1103,544622
2021-11-10,Montana,1032949,684,615850,490,545112
2021-11-11,Montana,1032949,0,615850,0,545112
2021-11-12,Montana,1032949,2071,617921,824,545936
2021-11-13,Montana,1032949,2623,620544,1044,546980
2021-11-14,Montana,1032949,338,620882,97,547077
2021-11-15,Montana,1032949,79,620961,22,547099
2021-11-16,Montana,1032949,3796,624757,1812,548911
2021-11-17,Montana,1032949,1307,626064,468,549379
2021-11-18,Montana,1032949,0,626064,0,549379
2021-11-19,Montana,1032949,1536,627600,576,549955
2021-11-20,Montana,1032949,1959,629559,738,550693
2021-11-21,Montana,1032949,1553,631112,584,551277
2021-11-22,Montana,1032949,332,631444,126,551403
2021-11-23,Montana,1032949,0,631444,0,551403
2021-11-24,Montana,1032949,3577,635021,1379,552782
2021-11-25,Montana,1032949,0,635021,0,552782
2021-11-26,Montana,1032949,0,635021,0,552782
2021-11-27,Montana,1032949,0,635021,0,552782
2021-11-28,Montana,1032949,0,635021,0,552782
2021-11-29,Montana,1032949,0,635021,0,552782
2021-11-30,Montana,1032949,3890,638911,1525,554307
2021-12-01,Montana,1032949,1064,639975,534,554841
2021-12-02,Montana,1032949,1488,641463,1145,555986
2021-12-03,Montana,1032949,1216,642679,1017,557003
2021-12-04,Montana,1032949,1625,644304,1225,558228
2021-12-05,Montana,1032949,217,644521,162,558390
2021-12-06,Montana,1032949,68,644589,31,558421
2021-12-07,Montana,1032949,2097,646686,2469,560890
2021-12-08,Montana,1032949,827,647513,782,561672
2021-12-09,Montana,1032949,1082,648595,1145,562817
2021-12-10,Montana,1032949,1099,649694,1527,564344
2021-12-11,Montana,1032949,1082,650776,826,565170
2021-12-12,Montana,1032949,142,650918,80,565250
2021-12-13,Montana,1032949,47,650965,8,565258
2021-12-14,Montana,1032949,1497,652462,1462,566720
2021-12-15,Montana,1032949,0,652462,0,566720
2021-12-16,Montana,1032949,692,653154,675,567395
2021-12-17,Montana,1032949,2915,656069,4612,572007
2021-12-18,Montana,1032949,0,656069,0,572007
2021-12-19,Montana,1032949,898,656967,762,572769
2021-12-20,Montana,1032949,57,657024,17,572786
2021-12-21,Montana,1032949,1155,658179,932,573718
2021-12-22,Montana,1032949,670,658849,480,574198
2021-12-23,Montana,1032949,919,659768,703,574901
2021-12-24,Montana,1032949,0,659768,0,574901
2021-12-25,Montana,1032949,0,659768,0,574901
2021-12-26,Montana,1032949,0,659768,0,574901
2021-12-27,Montana,1032949,1048,660816,751,575652
2021-12-28,Montana,1032949,879,661695,571,576223
2021-12-29,Montana,1032949,743,662438,521,576744
2021-12-30,Montana,1032949,760,663198,583,577327
2021-12-31,Montana,1032949,0,663198,0,577327
2022-01-01,Montana,1032949,0,663198,0,577327
2022-01-02,Montana,1032949,0,663198,0,577327
2022-01-03,Montana,1032949,0,663198,0,577327
2022-01-04,Montana,1032949,1443,664641,1020,578347
2022-01-05,Montana,1032949,74,664715,45,578392
2022-01-06,Montana,1032949,0,664715,0,578392
2022-01-07,Montana,1032949,1063,665778,881,579273
2022-01-08,Montana,1032949,1243,667021,993,580266
2022-01-09,Montana,1032949,129,667150,63,580329
2022-01-10,Montana,1032949,31,667181,8,580337
2022-01-11,Montana,1032949,40,667221,14,580351
2022-01-12,Montana,1032949,1255,668476,1077,581428
2022-01-13,Montana,1032949,655,669131,420,581848
2022-01-14,Montana,1032949,902,670033,630,582478
2022-01-15,Montana,1032949,0,670033,0,582478
2022-01-16,Montana,1032949,706,670739,463,582941
2022-01-17,Montana,1032949,0,670739,0,582941
2022-01-18,Montana,1032949,193,670932,75,583016
2022-01-19,Montana,1032949,6047,676979,4050,587066
2022-01-20,Montana,1032949,552,677531,471,587537
2022-01-21,Montana,1032949,124,677655,50,587587
2022-01-22,Montana,1032949,133,677788,50,587637
2022-01-23,Montana,1032949,76,677864,63,587700
2022-01-24,Montana,1032949,53,677917,13,587713
2022-01-25,Montana,1032949,1741,679658,1347,589060
2022-01-26,Montana,1032949,367,680025,261,589321
2022-01-27,Montana,1032949,355,680380,311,589632
2022-01-28,Montana,1032949,527,680907,438,590070
2022-01-29,Montana,1032949,459,681366,326,590396
2022-01-30,Montana,1032949,76,681442,54,590450
2022-01-31,Montana,1032949,0,681442,0,590450
2022-02-01,Montana,1032949,49,681491,20,590470
2022-02-02,Montana,1032949,958,682449,781,591251
2022-02-03,Montana,1032949,0,682449,0,591251
2022-02-04,Montana,1032949,717,683166,655,591906
2022-02-05,Montana,1032949,502,683668,422,592328
2022-02-06,Montana,1032949,70,683738,71,592399
2022-02-07,Montana,1032949,19,683757,8,592407
2022-02-08,Montana,1032949,525,684282,524,592931
2022-02-09,Montana,1032949,0,684282,0,592931
2021-07-01,North Carolina,10042802,9623,5109348,11864,4389800
2021-07-02,North Carolina,10042802,12303,5121651,14161,4403961
2021-07-03,North Carolina,10042802,5924,5127575,6193,4410154
2021-07-04,North Carolina,10042802,7778,5135353,8101,4418255
2021-07-05,North Carolina,10042802,0,5135353,0,4418255
2021-07-06,North Carolina,10042802,7377,5142730,6119,4424374
2021-07-07,North Carolina,10042802,5965,5148695,5490,4429864
2021-07-08,North Carolina,10042802,7099,5155794,7774,4437638
2021-07-09,North Carolina,10042802,8242,5164036,9633,4447271
2021-07-10,North Carolina,10042802,7783,5171819,8768,4456039
2021-07-11,North Carolina,10042802,7945,5179764,9013,4465052
2021-07-12,North Carolina,10042802,4711,5184475,4116,4469168
2021-07-13,North Carolina,10042802,5419,5189894,4726,4473894
2021-07-14,North Carolina,10042802,6717,5196611,6405,4480299
2021-07-15,North Carolina,10042802,7965,5204576,7627,4487926
2021-07-16,North Carolina,10042802,7447,5212023,7661,4495587
2021-07-17,North Carolina,10042802,7753,5219776,8127,4503714
2021-07-18,North Carolina,10042802,8150,5227926,7889,4511603
2021-07-19,North Carolina,10042802,5072,5232998,3785,4515388
2021-07-20,North Carolina,10042802,0,5232998,0,4515388
2021-07-21,North Carolina,10042802,18174,5251172,11158,4526546
2021-07-22,North Carolina,10042802,10106,5261278,6669,4533215
2021-07-23,North Carolina,10042802,8095,5269373,4957,4538172
2021-07-24,North Carolina,10042802,16756,5286129,10026,4548198
2021-07-25,North Carolina,10042802,12997,5299126,7472,4555670
2021-07-26,North Carolina,10042802,8603,5307729,4835,4560505
2021-07-27,North Carolina,10042802,7808,5315537,2746,4563251
2021-07-28,North Carolina,10042802,11994,5327531,6409,4569660
2021-07-29,North Carolina,10042802,14886,5342417,7306,4576966
2021-07-30,North Carolina,10042802,14540,5356957,7160,4584126
2021-07-31,North Carolina,10042802,15202,5372159,6595,4590721
2021-08-01,North Carolina,10042802,17558,5389717,7699,4598420
2021-08-02,North Carolina,10042802,13068,5402785,5079,4603499
2021-08-03,North Carolina,10042802,7826,5410611,2811,4606310
2021-08-04,North Carolina,10042802,13049,5423660,5618,4611928
2021-08-05,North Carolina,10042802,14087,5437747,5691,4617619
2021-08-06,North Carolina,10042802,14411,5452158,6180,4623799
2021-08-07,North Carolina,10042802,24478,5476636,9772,4633571
2021-08-08,North Carolina,10042802,16856,5493492,7950,4641521
2021-08-09,North Carolina,10042802,9797,5503289,4100,4645621
2021-08-10,North Carolina,10042802,6746,5510035,3116,4648737
2021-08-11,North Carolina,10042802,9242,5519277,4823,4653560
2021-08-12,North Carolina,10042802,17398,5536675,9244,4662804
2021-08-13,North Carolina,10042802,15420,5552095,7815,4670619
2021-08-14,North Carolina,10042802,26637,5578732,13386,4684005
2021-08-15,North Carolina,10042802,8654,5587386,5768,4689773
2021-08-16,North Carolina,10042802,18658,5606044,10509,4700282
2021-08-17,North Carolina,10042802,8526,5614570,5163,4705445
2021-08-18,North Carolina,10042802,15479,5630049,8928,4714373
2021-08-19,North Carolina,10042802,17204,5647253,9727,4724100
2021-08-20,North Carolina,10042802,17619,5664872,10323,4734423
2021-08-21,North Carolina,10042802,18195,5683067,11484,4745907
2021-08-22,North Carolina,10042802,16869,5699936,12313,4758220
2021-08-23,North Carolina,10042802,11510,5711446,8828,4767048
2021-08-24,North Carolina,10042802,20806,5732252,13190,4780238
2021-08-25,North Carolina,10042802,15058,5747310,11326,4791564
2021-08-26,North Carolina,10042802,15726,5763036,11088,4802652
2021-08-27,North Carolina,10042802,17440,5780476,12745,4815397
2021-08-28,North Carolina,10042802,0,5780476,0,4815397
2021-08-29,North Carolina,10042802,37818,5818294,28602,4843999
2021-08-30,North Carolina,10042802,11356,5829650,9917,4853916
2021-08-31,North Carolina,10042802,8370,5838020,6820,4860736
2021-09-01,North Carolina,10042802,16148,5854168,11093,4871829
2021-09-02,North Carolina,10042802,16963,5871131,11656,4883485
2021-09-03,North Carolina,10042802,29155,5900286,20927,4904412
2021-09-04,North Carolina,10042802,17453,5917739,12843,4917255
2021-09-05,North Carolina,10042802,0,5917739,0,4917255
2021-09-06,North Carolina,10042802,0,5917739,0,4917255
2021-09-07,North Carolina,10042802,31691,5949430,26673,4943928
2021-09-08,North Carolina,10042802,12295,5961725,8567,4952495
2021-09-09,North Carolina,10042802,22915,5984640,24357,4976852
2021-09-10,North Carolina,10042802,15377,6000017,14032,4990884
2021-09-11,North Carolina,10042802,15360,6015377,12977,5003861
2021-09-12,North Carolina,10042802,18526,6033903,16125,5019986
2021-09-13,North Carolina,10042802,0,6033903,0,5019986
2021-09-14,North Carolina,10042802,20407,6054310,18042,5038028
2021-09-15,North Carolina,10042802,12369,6066679,11501,5049529
2021-09-16,North Carolina,10042802,12087,6078766,11895,5061424
2021-09-17,North Carolina,10042802,12660,6091426,12887,5074311
2021-09-18,North Carolina,10042802,12744,6104170,13093,5087404
2021-09-19,North Carolina,10042802,16557,6120727,18190,5105594
2021-09-20,North Carolina,10042802,7705,6128432,8315,5113909
2021-09-21,North Carolina,10042802,6914,6135346,6643,5120552
2021-09-22,North Carolina,10042802,10513,6145859,11709,5132261
2021-09-23,North Carolina,10042802,10831,6156690,11824,5144085
2021-09-24,North Carolina,10042802,9598,6166288,11421,5155506
2021-09-25,North Carolina,10042802,13893,6180181,12989,5168495
2021-09-26,North Carolina,10042802,11832,6192013,12351,5180846
2021-09-27,North Carolina,10042802,28037,6220050,19796,5200642
2021-09-28,North Carolina,10042802,0,6220050,0,5200642
2021-09-29,North Carolina,10042802,32239,6252289,11874,5212516
2021-09-30,North Carolina,10042802,18198,6270487,8895,5221411
2021-10-01,North Carolina,10042802,18087,6288574,11018,5232429
2021-10-02,North Carolina,10042802,12849,6301423,8733,5241162
2021-10-03,North Carolina,10042802,15559,6316982,11391,5252553
2021-10-04,North Carolina,10042802,10268,6327250,6882,5259435
2021-10-05,North Carolina,10042802,9503,6336753,4108,5263543
2021-10-06,North Carolina,10042802,36224,6372977,69171,5332714
2021-10-07,North Carolina,10042802,12620,6385597,7178,5339892
2021-10-08,North Carolina,10042802,14900,6400497,8759,5348651
2021-10-09,North Carolina,10042802,14948,6415445,8633,5357284
2021-10-10,North Carolina,10042802,0,6415445,0,5357284
2021-10-11,North Carolina,10042802,0,6415445,0,5357284
2021-10-12,North Carolina,10042802,38288,6453733,22611,5379895
2021-10-13,North Carolina,10042802,12126,6465859,6354,5386249
2021-10-14,North Carolina,10042802,15201,6481060,14569,5400818
2021-10-15,North Carolina,10042802,13766,6494826,9017,5409835
2021-10-16,North Carolina,10042802,10101,6504927,7760,5417595
2021-10-17,North Carolina,10042802,10071,6514998,5610,5423205
2021-10-18,North Carolina,10042802,11383,6526381,13531,5436736
2021-10-19,North Carolina,10042802,8042,6534423,3477,5440213
2021-10-20,North Carolina,10042802,11467,6545890,10004,5450217
2021-10-21,North Carolina,10042802,10848,6556738,6121,5456338
2021-10-22,North Carolina,10042802,25491,6582229,14104,5470442
2021-10-23,North Carolina,10042802,11996,6594225,6676,5477118
2021-10-24,North Carolina,10042802,12584,6606809,6307,5483425
2021-10-25,North Carolina,10042802,13099,6619908,3318,5486743
2021-10-26,North Carolina,10042802,14844,6634752,2697,5489440
2021-10-27,North Carolina,10042802,37500,6672252,8998,5498438
2021-10-28,North Carolina,10042802,20733,6692985,6081,5504519
2021-10-29,North Carolina,10042802,19189,6712174,6203,5510722
2021-10-30,North Carolina,10042802,22450,6734624,7252,5517974
2021-10-31,North Carolina,10042802,17678,6752302,6563,5524537
2021-11-01,North Carolina,10042802,28262,6780564,6150,5530687
2021-11-02,North Carolina,10042802,13170,6793734,2509,5533196
2021-11-03,North Carolina,10042802,17495,6811229,5174,5538370
2021-11-04,North Carolina,10042802,17375,6828604,5430,5543800
2021-11-05,North Carolina,10042802,1685,6830289,23102,5566902
2021-11-06,North Carolina,10042802,20733,6851022,7078,5573980
2021-11-07,North Carolina,10042802,15353,6866375,5180,5579160
2021-11-08,North Carolina,10042802,16540,6882915,3517,5582677
2021-11-09,North Carolina,10042802,15667,6898582,2603,5585280
2021-11-10,North Carolina,10042802,23082,6921664,4892,5590172
2021-11-11,North Carolina,10042802,0,6921664,0,5590172
2021-11-12,North Carolina,10042802,51582,6973246,10448,5600620
2021-11-13,North Carolina,10042802,24938,6998184,4057,5604677
2021-11-14,North Carolina,10042802,22376,7020560,4522,5609199
2021-11-15,North Carolina,10042802,16942,7037502,2415,5611614
2021-11-16,North Carolina,10042802,42735,7080237,7684,5619298
2021-11-17,North Carolina,10042802,39646,7119883,6839,5626137
2021-11-18,North Carolina,10042802,0,7119883,0,5626137
2021-11-19,North Carolina,10042802,22497,7142380,4449,5630586
2021-11-20,North Carolina,10042802,21056,7163436,4560,5635146
2021-11-21,North Carolina,10042802,23230,7186666,5169,5640315
2021-11-22,North Carolina,10042802,21819,7208485,3194,5643509
2021-11-23,North Carolina,10042802,0,7208485,0,5643509
2021-11-24,North Carolina,10042802,73757,7282242,16817,5660326
2021-11-25,North Carolina,10042802,0,7282242,0,5660326
2021-11-26,North Carolina,10042802,0,7282242,0,5660326
2021-11-27,North Carolina,10042802,0,7282242,0,5660326
2021-11-28,North Carolina,10042802,0,7282242,0,5660326
2021-11-29,North Carolina,10042802,0,7282242,0,5660326
2021-11-30,North Carolina,10042802,88873,7371115,25748,5686074
2021-12-01,North Carolina,10042802,13597,7384712,8220,5694294
2021-12-02,North Carolina,10042802,22880,7407592,10783,5705077
2021-12-03,North Carolina,10042802,22455,7430047,12049,5717126
2021-12-04,North Carolina,10042802,46704,7476751,17479,5734605
2021-12-05,North Carolina,10042802,12387,7489138,3836,5738441
2021-12-06,North Carolina,10042802,7877,7497015,3006,5741447
2021-12-07,North Carolina,10042802,30757,7527772,27743,5769190
2021-12-08,North Carolina,10042802,20198,7547970,9348,5778538
2021-12-09,North Carolina,10042802,22219,7570189,11994,5790532
2021-12-10,North Carolina,10042802,22174,7592363,10934,5801466
2021-12-11,North Carolina,10042802,52602,7644965,16182,5817648
2021-12-12,North Carolina,10042802,11199,7656164,2832,5820480
2021-12-13,North Carolina,10042802,7273,7663437,2025,5822505
2021-12-14,North Carolina,10042802,15530,7678967,8077,5830582
2021-12-15,North Carolina,10042802,0,7678967,0,5830582
2021-12-16,North Carolina,10042802,18895,7697862,7998,5838580
2021-12-17,North Carolina,10042802,58484,7756346,31500,5870080
2021-12-18,North Carolina,10042802,0,7756346,0,5870080
2021-12-19,North Carolina,10042802,41519,7797865,16761,5886841
2021-12-20,North Carolina,10042802,13225,7811090,5480,5892321
2021-12-21,North Carolina,10042802,15807,7826897,4268,5896589
2021-12-22,North Carolina,10042802,43162,7870059,11049,5907638
2021-12-23,North Carolina,10042802,36826,7906885,10235,5917873
2021-12-24,North Carolina,10042802,0,7906885,0,5917873
2021-12-25,North Carolina,10042802,0,7906885,0,5917873
2021-12-26,North Carolina,10042802,0,7906885,0,5917873
2021-12-27,North Carolina,10042802,54921,7961806,19875,5937748
2021-12-28,North Carolina,10042802,11728,7973534,3227,5940975
2021-12-29,North Carolina,10042802,15702,7989236,4189,5945164
2021-12-30,North Carolina,10042802,18802,8008038,6075,5951239
2021-12-31,North Carolina,10042802,0,8008038,0,5951239
2022-01-01,North Carolina,10042802,0,8008038,0,5951239
2022-01-02,North Carolina,10042802,0,8008038,0,5951239
2022-01-03,North Carolina,10042802,0,8008038,0,5951239
2022-01-04,North Carolina,10042802,77655,8085693,21156,5972395
2022-01-05,North Carolina,10042802,14772,8100465,4192,5976587
2022-01-06,North Carolina,10042802,0,8100465,0,5976587
2022-01-07,North Carolina,10042802,16125,8116590,4981,5981568
2022-01-08,North Carolina,10042802,57749,8174339,14411,5995979
2022-01-09,North Carolina,10042802,17915,8192254,6033,6002012
2022-01-10,North Carolina,10042802,10918,8203172,3403,6005415
2022-01-11,North Carolina,10042802,11979,8215151,3327,6008742
2022-01-12,North Carolina,10042802,13543,8228694,4183,6012925
2022-01-13,North Carolina,10042802,23450,8252144,7123,6020048
2022-01-14,North Carolina,10042802,13648,8265792,4750,6024798
2022-01-15,North Carolina,10042802,0,8265792,0,6024798
2022-01-16,North Carolina,10042802,15108,8280900,4466,6029264
2022-01-17,North Carolina,10042802,0,8280900,0,6029264
2022-01-18,North Carolina,10042802,25708,8306608,7523,6036787
2022-01-19,North Carolina,10042802,71228,8377836,37091,6073878
2022-01-20,North Carolina,10042802,16462,8394298,5510,6079388
2022-01-21,North Carolina,10042802,9912,8404210,4666,6084054
2022-01-22,North Carolina,10042802,10576,8414786,5197,6089251
2022-01-23,North Carolina,10042802,7698,8422484,4578,6093829
2022-01-24,North Carolina,10042802,4643,8427127,2906,6096735
2022-01-25,North Carolina,10042802,4835,8431962,2796,6099531
2022-01-26,North Carolina,10042802,10191,8442153,5340,6104871
2022-01-27,North Carolina,10042802,8486,8450639,5243,6110114
2022-01-28,North Carolina,10042802,8089,8458728,5171,6115285
2022-01-29,North Carolina,10042802,8435,8467163,4523,6119808
2022-01-30,North Carolina,10042802,8027,8475190,4837,6124645
2022-01-31,North Carolina,10042802,0,8475190,0,6124645
2022-02-01,North Carolina,10042802,10337,8485527,6545,6131190
2022-02-02,North Carolina,10042802,7568,8493095,4472,6135662
2022-02-03,North Carolina,10042802,0,8493095,0,6135662
2022-02-04,North Carolina,10042802,25852,8518947,11402,6147064
2022-02-05,North Carolina,10042802,8348,8527295,5357,6152421
2022-02-06,North Carolina,10042802,6440,8533735,5023,6157444
2022-02-07,North Carolina,10042802,4189,8537924,2797,6160241
2022-02-08,North Carolina,10042802,7085,8545009,3878,6164119
2022-02-09,North Carolina,10042802,0,8545009,0,6164119
2021-07-01,North Dakota,756927,619,334750,784,296509
2021-07-02,North Dakota,756927,536,335286,561,297070
2021-07-03,North Dakota,756927,463,335749,535,297605
2021-07-04,North Dakota,756927,515,336264,457,298062
2021-07-05,North Dakota,756927,0,336264,0,298062
2021-07-06,North Dakota,756927,118,336382,76,298138
2021-07-07,North Dakota,756927,94,336476,63,298201
2021-07-08,North Dakota,756927,455,336931,581,298782
2021-07-09,North Dakota,756927,457,337388,467,299249
2021-07-10,North Dakota,756927,386,337774,466,299715
2021-07-11,North Dakota,756927,468,338242,444,300159
2021-07-12,North Dakota,756927,68,338310,52,300211
2021-07-13,North Dakota,756927,102,338412,55,300266
2021-07-14,North Dakota,756927,271,338683,265,300531
2021-07-15,North Dakota,756927,417,339100,339,300870
2021-07-16,North Dakota,756927,492,339592,479,301349
2021-07-17,North Dakota,756927,544,340136,455,301804
2021-07-18,North Dakota,756927,455,340591,368,302172
2021-07-19,North Dakota,756927,33,340624,35,302207
2021-07-20,North Dakota,756927,0,340624,0,302207
2021-07-21,North Dakota,756927,58,340682,212,302419
2021-07-22,North Dakota,756927,556,341238,387,302806
2021-07-23,North Dakota,756927,689,341927,436,303242
2021-07-24,North Dakota,756927,780,342707,463,303705
2021-07-25,North Dakota,756927,677,343384,379,304084
2021-07-26,North Dakota,756927,130,343514,100,304184
2021-07-27,North Dakota,756927,48,343562,47,304231
2021-07-28,North Dakota,756927,706,344268,329,304560
2021-07-29,North Dakota,756927,694,344962,376,304936
2021-07-30,North Dakota,756927,879,345841,413,305349
2021-07-31,North Dakota,756927,935,346776,445,305794
2021-08-01,North Dakota,756927,721,347497,324,306118
2021-08-02,North Dakota,756927,150,347647,59,306177
2021-08-03,North Dakota,756927,133,347780,60,306237
2021-08-04,North Dakota,756927,549,348329,242,306479
2021-08-05,North Dakota,756927,811,349140,389,306868
2021-08-06,North Dakota,756927,891,350031,353,307221
2021-08-07,North Dakota,756927,974,351005,417,307638
2021-08-08,North Dakota,756927,997,352002,424,308062
2021-08-09,North Dakota,756927,253,352255,59,308121
2021-08-10,North Dakota,756927,69,352324,10,308131
2021-08-11,North Dakota,756927,586,352910,301,308432
2021-08-12,North Dakota,756927,964,353874,495,308927
2021-08-13,North Dakota,756927,948,354822,530,309457
2021-08-14,North Dakota,756927,1166,355988,710,310167
2021-08-15,North Dakota,756927,904,356892,437,310604
2021-08-16,North Dakota,756927,283,357175,108,310712
2021-08-17,North Dakota,756927,62,357237,15,310727
2021-08-18,North Dakota,756927,742,357979,486,311213
2021-08-19,North Dakota,756927,711,358690,391,311604
2021-08-20,North Dakota,756927,1035,359725,672,312276
2021-08-21,North Dakota,756927,1060,360785,754,313030
2021-08-22,North Dakota,756927,940,361725,590,313620
2021-08-23,North Dakota,756927,223,361948,93,313713
2021-08-24,North Dakota,756927,71,362019,32,313745
2021-08-25,North Dakota,756927,820,362839,611,314356
2021-08-26,North Dakota,756927,957,363796,670,315026
2021-08-27,North Dakota,756927,1100,364896,685,315711
2021-08-28,North Dakota,756927,0,364896,0,315711
2021-08-29,North Dakota,756927,2314,367210,1701,317412
2021-08-30,North Dakota,756927,198,367408,133,317545
2021-08-31,North Dakota,756927,159,367567,110,317655
2021-09-01,North Dakota,756927,79,367646,70,317725
2021-09-02,North Dakota,756927,1299,368945,1085,318810
2021-09-03,North Dakota,756927,1265,370210,912,319722
2021-09-04,North Dakota,756927,1440,371650,885,320607
2021-09-05,North Dakota,756927,0,371650,0,320607
2021-09-06,North Dakota,756927,0,371650,0,320607
2021-09-07,North Dakota,756927,1520,373170,1112,321719
2021-09-08,North Dakota,756927,77,373247,47,321766
2021-09-09,North Dakota,756927,1100,374347,841,322607
2021-09-10,North Dakota,756927,1337,375684,1084,323691
2021-09-11,North Dakota,756927,1486,377170,962,324653
2021-09-12,North Dakota,756927,1107,378277,919,325572
2021-09-13,North Dakota,756927,0,378277,0,325572
2021-09-14,North Dakota,756927,402,378679,184,325756
2021-09-15,North Dakota,756927,871,379550,643,326399
2021-09-16,North Dakota,756927,793,380343,721,327120
2021-09-17,North Dakota,756927,942,381285,992,328112
2021-09-18,North Dakota,756927,954,382239,1052,329164
2021-09-19,North Dakota,756927,882,383121,1058,330222
2021-09-20,North Dakota,756927,173,383294,133,330355
2021-09-21,North Dakota,756927,43,383337,44,330399
2021-09-22,North Dakota,756927,703,384040,721,331120
2021-09-23,North Dakota,756927,721,384761,683,331803
2021-09-24,North Dakota,756927,811,385572,878,332681
2021-09-25,North Dakota,756927,678,386250,976,333657
2021-09-26,North Dakota,756927,715,386965,895,334552
2021-09-27,North Dakota,756927,59,387024,112,334664
2021-09-28,North Dakota,756927,0,387024,0,334664
2021-09-29,North Dakota,756927,767,387791,891,335555
2021-09-30,North Dakota,756927,721,388512,902,336457
2021-10-01,North Dakota,756927,590,389102,942,337399
2021-10-02,North Dakota,756927,938,390040,935,338334
2021-10-03,North Dakota,756927,920,390960,870,339204
2021-10-04,North Dakota,756927,108,391068,42,339246
2021-10-05,North Dakota,756927,159,391227,139,339385
2021-10-06,North Dakota,756927,628,391855,601,339986
2021-10-07,North Dakota,756927,778,392633,613,340599
2021-10-08,North Dakota,756927,874,393507,720,341319
2021-10-09,North Dakota,756927,1189,394696,770,342089
2021-10-10,North Dakota,756927,0,394696,0,342089
2021-10-11,North Dakota,756927,0,394696,0,342089
2021-10-12,North Dakota,756927,1007,395703,914,343003
2021-10-13,North Dakota,756927,505,396208,542,343545
2021-10-14,North Dakota,756927,704,396912,658,344203
2021-10-15,North Dakota,756927,639,397551,624,344827
2021-10-16,North Dakota,756927,662,398213,659,345486
2021-10-17,North Dakota,756927,800,399013,710,346196
2021-10-18,North Dakota,756927,147,399160,93,346289
2021-10-19,North Dakota,756927,36,399196,51,346340
2021-10-20,North Dakota,756927,474,399670,362,346702
2021-10-21,North Dakota,756927,632,400302,462,347164
2021-10-22,North Dakota,756927,1200,401502,906,348070
2021-10-23,North Dakota,756927,695,402197,576,348646
2021-10-24,North Dakota,756927,775,402972,628,349274
2021-10-25,North Dakota,756927,219,403191,153,349427
2021-10-26,North Dakota,756927,74,403265,16,349443
2021-10-27,North Dakota,756927,-25,403240,-1386,348057
2021-10-28,North Dakota,756927,824,404064,497,348554
2021-10-29,North Dakota,756927,802,404866,549,349103
2021-10-30,North Dakota,756927,980,405846,625,349728
2021-10-31,North Dakota,756927,235,406081,52,349780
2021-11-01,North Dakota,756927,1271,407352,808,350588
2021-11-02,North Dakota,756927,68,407420,26,350614
2021-11-03,North Dakota,756927,545,407965,333,350947
2021-11-04,North Dakota,756927,12651,420616,12579,363526
2021-11-05,North Dakota,756927,828,421444,531,364057
2021-11-06,North Dakota,756927,1124,422568,528,364585
2021-11-07,North Dakota,756927,1254,423822,555,365140
2021-11-08,North Dakota,756927,348,424170,159,365299
2021-11-09,North Dakota,756927,64,424234,38,365337
2021-11-10,North Dakota,756927,1046,425280,366,365703
2021-11-11,North Dakota,756927,0,425280,0,365703
2021-11-12,North Dakota,756927,2753,428033,967,366670
2021-11-13,North Dakota,756927,1354,429387,330,367000
2021-11-14,North Dakota,756927,226,429613,54,367054
2021-11-15,North Dakota,756927,44,429657,12,367066
2021-11-16,North Dakota,756927,1838,431495,550,367616
2021-11-17,North Dakota,756927,847,432342,345,367961
2021-11-18,North Dakota,756927,0,432342,0,367961
2021-11-19,North Dakota,756927,999,433341,452,368413
2021-11-20,North Dakota,756927,1215,434556,502,368915
2021-11-21,North Dakota,756927,190,434746,35,368950
2021-11-22,North Dakota,756927,279,435025,44,368994
2021-11-23,North Dakota,756927,0,435025,0,368994
2021-11-24,North Dakota,756927,3624,438649,1367,370361
2021-11-25,North Dakota,756927,0,438649,0,370361
2021-11-26,North Dakota,756927,0,438649,0,370361
2021-11-27,North Dakota,756927,0,438649,0,370361
2021-11-28,North Dakota,756927,0,438649,0,370361
2021-11-29,North Dakota,756927,0,438649,0,370361
2021-11-30,North Dakota,756927,2982,441631,1212,371573
2021-12-01,North Dakota,756927,830,442461,697,372270
2021-12-02,North Dakota,756927,1051,443512,791,373061
2021-12-03,North Dakota,756927,1188,444700,1012,374073
2021-12-04,North Dakota,756927,1116,445816,951,375024
2021-12-05,North Dakota,756927,197,446013,41,375065
2021-12-06,North Dakota,756927,66,446079,19,375084
2021-12-07,North Dakota,756927,1391,447470,1508,376592
2021-12-08,North Dakota,756927,587,448057,440,377032
2021-12-09,North Dakota,756927,795,448852,571,377603
2021-12-10,North Dakota,756927,828,449680,729,378332
2021-12-11,North Dakota,756927,15025,464705,14343,392675
2021-12-12,North Dakota,756927,152,464857,64,392739
2021-12-13,North Dakota,756927,52,464909,10,392749
2021-12-14,North Dakota,756927,1250,466159,1194,393943
2021-12-15,North Dakota,756927,0,466159,0,393943
2021-12-16,North Dakota,756927,565,466724,469,394412
2021-12-17,North Dakota,756927,1529,468253,1381,395793
2021-12-18,North Dakota,756927,0,468253,0,395793
2021-12-19,North Dakota,756927,947,469200,693,396486
2021-12-20,North Dakota,756927,35,469235,24,396510
2021-12-21,North Dakota,756927,963,470198,811,397321
2021-12-22,North Dakota,756927,635,470833,569,397890
2021-12-23,North Dakota,756927,663,471496,522,398412
2021-12-24,North Dakota,756927,0,471496,0,398412
2021-12-25,North Dakota,756927,0,471496,0,398412
2021-12-26,North Dakota,756927,0,471496,0,398412
2021-12-27,North Dakota,756927,964,472460,726,399138
2021-12-28,North Dakota,756927,816,473276,573,399711
2021-12-29,North Dakota,756927,254,473530,251,399962
2021-12-30,North Dakota,756927,635,474165,528,400490
2021-12-31,North Dakota,756927,0,474165,0,400490
2022-01-01,North Dakota,756927,0,474165,0,400490
2022-01-02,North Dakota,756927,0,474165,0,400490
2022-01-03,North Dakota,756927,0,474165,0,400490
2022-01-04,North Dakota,756927,1954,476119,1563,402053
2022-01-05,North Dakota,756927,394,476513,407,402460
2022-01-06,North Dakota,756927,0,476513,0,402460
2022-01-07,North Dakota,756927,489,477002,523,402983
2022-01-08,North Dakota,756927,1156,478158,951,403934
2022-01-09,North Dakota,756927,143,478301,48,403982
2022-01-10,North Dakota,756927,23,478324,9,403991
2022-01-11,North Dakota,756927,791,479115,627,404618
2022-01-12,North Dakota,756927,371,479486,282,404900
2022-01-13,North Dakota,756927,508,479994,335,405235
2022-01-14,North Dakota,756927,589,480583,416,405651
2022-01-15,North Dakota,756927,0,480583,0,405651
2022-01-16,North Dakota,756927,597,481180,398,406049
2022-01-17,North Dakota,756927,0,481180,0,406049
2022-01-18,North Dakota,756927,55,481235,16,406065
2022-01-19,North Dakota,756927,3455,484690,2989,409054
2022-01-20,North Dakota,756927,275,484965,229,409283
2022-01-21,North Dakota,756927,382,485347,317,409600
2022-01-22,North Dakota,756927,381,485728,299,409899
2022-01-23,North Dakota,756927,100,485828,50,409949
2022-01-24,North Dakota,756927,18,485846,11,409960
2022-01-25,North Dakota,756927,46,485892,14,409974
2022-01-26,North Dakota,756927,610,486502,433,410407
2022-01-27,North Dakota,756927,329,486831,238,410645
2022-01-28,North Dakota,756927,362,487193,274,410919
2022-01-29,North Dakota,756927,296,487489,208,411127
2022-01-30,North Dakota,756927,63,487552,31,411158
2022-01-31,North Dakota,756927,0,487552,0,411158
2022-02-01,North Dakota,756927,325,487877,292,411450
2022-02-02,North Dakota,756927,160,488037,113,411563
2022-02-03,North Dakota,756927,0,488037,0,411563
2022-02-04,North Dakota,756927,392,488429,348,411911
2022-02-05,North Dakota,756927,253,488682,225,412136
2022-02-06,North Dakota,756927,45,488727,27,412163
2022-02-07,North Dakota,756927,38,488765,19,412182
2022-02-08,North Dakota,756927,214,488979,232,412414
2022-02-09,North Dakota,756927,0,488979,0,412414
2021-07-01,Nebraska,1896190,1330,1002343,1911,924490
2021-07-02,Nebraska,1896190,60,1002403,62,924552
2021-07-03,Nebraska,1896190,103,1002506,102,924654
2021-07-04,Nebraska,1896190,74,1002580,91,924745
2021-07-05,Nebraska,1896190,0,1002580,0,924745
2021-07-06,Nebraska,1896190,3145,1005725,3956,928701
2021-07-07,Nebraska,1896190,33,1005758,26,928727
2021-07-08,Nebraska,1896190,2108,1007866,2846,931573
2021-07-09,Nebraska,1896190,91,1007957,122,931695
2021-07-10,Nebraska,1896190,60,1008017,56,931751
2021-07-11,Nebraska,1896190,111,1008128,72,931823
2021-07-12,Nebraska,1896190,4525,1012653,5182,937005
2021-07-13,Nebraska,1896190,410,1013063,432,937437
2021-07-14,Nebraska,1896190,881,1013944,952,938389
2021-07-15,Nebraska,1896190,110,1014054,77,938466
2021-07-16,Nebraska,1896190,3248,1017302,3268,941734
2021-07-17,Nebraska,1896190,116,1017418,81,941815
2021-07-18,Nebraska,1896190,75,1017493,38,941853
2021-07-19,Nebraska,1896190,3876,1021369,3239,945092
2021-07-20,Nebraska,1896190,0,1021369,0,945092
2021-07-21,Nebraska,1896190,1754,1023123,1392,946484
2021-07-22,Nebraska,1896190,105,1023228,65,946549
2021-07-23,Nebraska,1896190,130,1023358,77,946626
2021-07-24,Nebraska,1896190,5754,1029112,3916,950542
2021-07-25,Nebraska,1896190,1569,1030681,1026,951568
2021-07-26,Nebraska,1896190,28,1030709,15,951583
2021-07-27,Nebraska,1896190,3081,1033790,1423,953006
2021-07-28,Nebraska,1896190,1685,1035475,780,953786
2021-07-29,Nebraska,1896190,2416,1037891,1469,955255
2021-07-30,Nebraska,1896190,2573,1040464,1285,956540
2021-07-31,Nebraska,1896190,2045,1042509,958,957498
2021-08-01,Nebraska,1896190,3278,1045787,1664,959162
2021-08-02,Nebraska,1896190,2103,1047890,903,960065
2021-08-03,Nebraska,1896190,1415,1049305,590,960655
2021-08-04,Nebraska,1896190,2157,1051462,981,961636
2021-08-05,Nebraska,1896190,6040,1057502,2814,964450
2021-08-06,Nebraska,1896190,176,1057678,79,964529
2021-08-07,Nebraska,1896190,2940,1060618,1340,965869
2021-08-08,Nebraska,1896190,98,1060716,63,965932
2021-08-09,Nebraska,1896190,5212,1065928,2361,968293
2021-08-10,Nebraska,1896190,1515,1067443,631,968924
2021-08-11,Nebraska,1896190,1978,1069421,1223,970147
2021-08-12,Nebraska,1896190,1905,1071326,1120,971267
2021-08-13,Nebraska,1896190,3476,1074802,2326,973593
2021-08-14,Nebraska,1896190,3102,1077904,1861,975454
2021-08-15,Nebraska,1896190,45,1077949,29,975483
2021-08-16,Nebraska,1896190,4691,1082640,2986,978469
2021-08-17,Nebraska,1896190,1213,1083853,843,979312
2021-08-18,Nebraska,1896190,135,1083988,85,979397
2021-08-19,Nebraska,1896190,3710,1087698,2763,982160
2021-08-20,Nebraska,1896190,157,1087855,122,982282
2021-08-21,Nebraska,1896190,4540,1092395,4061,986343
2021-08-22,Nebraska,1896190,2282,1094677,2269,988612
2021-08-23,Nebraska,1896190,63,1094740,13,988625
2021-08-24,Nebraska,1896190,2550,1097290,3148,991773
2021-08-25,Nebraska,1896190,136,1097426,103,991876
2021-08-26,Nebraska,1896190,144,1097570,91,991967
2021-08-27,Nebraska,1896190,6046,1103616,6155,998122
2021-08-28,Nebraska,1896190,0,1103616,0,998122
2021-08-29,Nebraska,1896190,5792,1109408,5370,1003492
2021-08-30,Nebraska,1896190,34,1109442,22,1003514
2021-08-31,Nebraska,1896190,2409,1111851,3400,1006914
2021-09-01,Nebraska,1896190,171,1112022,140,1007054
2021-09-02,Nebraska,1896190,3395,1115417,4215,1011269
2021-09-03,Nebraska,1896190,2123,1117540,2681,1013950
2021-09-04,Nebraska,1896190,155,1117695,132,1014082
2021-09-05,Nebraska,1896190,0,1117695,0,1014082
2021-09-06,Nebraska,1896190,0,1117695,0,1014082
2021-09-07,Nebraska,1896190,5225,1122920,7045,1021127
2021-09-08,Nebraska,1896190,671,1123591,959,1022086
2021-09-09,Nebraska,1896190,144,1123735,108,1022194
2021-09-10,Nebraska,1896190,2442,1126177,3801,1025995
2021-09-11,Nebraska,1896190,224,1126401,134,1026129
2021-09-12,Nebraska,1896190,122,1126523,103,1026232
2021-09-13,Nebraska,1896190,0,1126523,0,1026232
2021-09-14,Nebraska,1896190,4747,1131270,6184,1032416
2021-09-15,Nebraska,1896190,201,1131471,134,1032550
2021-09-16,Nebraska,1896190,2410,1133881,3205,1035755
2021-09-17,Nebraska,1896190,1544,1135425,2176,1037931
2021-09-18,Nebraska,1896190,179,1135604,121,1038052
2021-09-19,Nebraska,1896190,170,1135774,145,1038197
2021-09-20,Nebraska,1896190,1307,1137081,1783,1039980
2021-09-21,Nebraska,1896190,2717,1139798,4548,1044528
2021-09-22,Nebraska,1896190,988,1140786,1543,1046071
2021-09-23,Nebraska,1896190,1059,1141845,1740,1047811
2021-09-24,Nebraska,1896190,1113,1142958,1607,1049418
2021-09-25,Nebraska,1896190,1236,1144194,1935,1051353
2021-09-26,Nebraska,1896190,219,1144413,113,1051466
2021-09-27,Nebraska,1896190,2102,1146515,3085,1054551
2021-09-28,Nebraska,1896190,0,1146515,0,1054551
2021-09-29,Nebraska,1896190,1830,1148345,2153,1056704
2021-09-30,Nebraska,1896190,836,1149181,858,1057562
2021-10-01,Nebraska,1896190,966,1150147,1102,1058664
2021-10-02,Nebraska,1896190,72,1150219,43,1058707
2021-10-03,Nebraska,1896190,812,1151031,861,1059568
2021-10-04,Nebraska,1896190,139,1151170,53,1059621
2021-10-05,Nebraska,1896190,3743,1154913,4265,1063886
2021-10-06,Nebraska,1896190,756,1155669,925,1064811
2021-10-07,Nebraska,1896190,679,1156348,750,1065561
2021-10-08,Nebraska,1896190,1471,1157819,1537,1067098
2021-10-09,Nebraska,1896190,1094,1158913,883,1067981
2021-10-10,Nebraska,1896190,0,1158913,0,1067981
2021-10-11,Nebraska,1896190,0,1158913,0,1067981
2021-10-12,Nebraska,1896190,946,1159859,1096,1069077
2021-10-13,Nebraska,1896190,1945,1161804,2235,1071312
2021-10-14,Nebraska,1896190,854,1162658,1055,1072367
2021-10-15,Nebraska,1896190,928,1163586,1309,1073676
2021-10-16,Nebraska,1896190,825,1164411,990,1074666
2021-10-17,Nebraska,1896190,361,1164772,215,1074881
2021-10-18,Nebraska,1896190,78,1164850,33,1074914
2021-10-19,Nebraska,1896190,2762,1167612,2936,1077850
2021-10-20,Nebraska,1896190,768,1168380,846,1078696
2021-10-21,Nebraska,1896190,962,1169342,933,1079629
2021-10-22,Nebraska,1896190,2083,1171425,1617,1081246
2021-10-23,Nebraska,1896190,986,1172411,938,1082184
2021-10-24,Nebraska,1896190,88,1172499,69,1082253
2021-10-25,Nebraska,1896190,98,1172597,20,1082273
2021-10-26,Nebraska,1896190,2297,1174894,1991,1084264
2021-10-27,Nebraska,1896190,884,1175778,653,1084917
2021-10-28,Nebraska,1896190,1277,1177055,1020,1085937
2021-10-29,Nebraska,1896190,1302,1178357,1004,1086941
2021-10-30,Nebraska,1896190,1265,1179622,811,1087752
2021-10-31,Nebraska,1896190,208,1179830,69,1087821
2021-11-01,Nebraska,1896190,149,1179979,59,1087880
2021-11-02,Nebraska,1896190,2570,1182549,1859,1089739
2021-11-03,Nebraska,1896190,948,1183497,778,1090517
2021-11-04,Nebraska,1896190,180,1183677,107,1090624
2021-11-05,Nebraska,1896190,1971,1185648,1632,1092256
2021-11-06,Nebraska,1896190,1208,1186856,860,1093116
2021-11-07,Nebraska,1896190,150,1187006,58,1093174
2021-11-08,Nebraska,1896190,123,1187129,28,1093202
2021-11-09,Nebraska,1896190,6072,1193201,2171,1095373
2021-11-10,Nebraska,1896190,157,1193358,74,1095447
2021-11-11,Nebraska,1896190,0,1193358,0,1095447
2021-11-12,Nebraska,1896190,5620,1198978,1642,1097089
2021-11-13,Nebraska,1896190,5072,1204050,1635,1098724
2021-11-14,Nebraska,1896190,114,1204164,47,1098771
2021-11-15,Nebraska,1896190,115,1204279,26,1098797
2021-11-16,Nebraska,1896190,6957,1211236,1337,1100134
2021-11-17,Nebraska,1896190,3750,1214986,1167,1101301
2021-11-18,Nebraska,1896190,0,1214986,0,1101301
2021-11-19,Nebraska,1896190,2992,1217978,833,1102134
2021-11-20,Nebraska,1896190,270,1218248,79,1102213
2021-11-21,Nebraska,1896190,4836,1223084,1525,1103738
2021-11-22,Nebraska,1896190,5929,1229013,1661,1105399
2021-11-23,Nebraska,1896190,0,1229013,0,1105399
2021-11-24,Nebraska,1896190,3257,1232270,1034,1106433
2021-11-25,Nebraska,1896190,0,1232270,0,1106433
2021-11-26,Nebraska,1896190,0,1232270,0,1106433
2021-11-27,Nebraska,1896190,0,1232270,0,1106433
2021-11-28,Nebraska,1896190,0,1232270,0,1106433
2021-11-29,Nebraska,1896190,0,1232270,0,1106433
2021-11-30,Nebraska,1896190,8236,1240506,4052,1110485
2021-12-01,Nebraska,1896190,205,1240711,80,1110565
2021-12-02,Nebraska,1896190,3414,1244125,5095,1115660
2021-12-03,Nebraska,1896190,228,1244353,97,1115757
2021-12-04,Nebraska,1896190,4036,1248389,4309,1120066
2021-12-05,Nebraska,1896190,159,1248548,71,1120137
2021-12-06,Nebraska,1896190,68,1248616,22,1120159
2021-12-07,Nebraska,1896190,4044,1252660,6648,1126807
2021-12-08,Nebraska,1896190,1771,1254431,1869,1128676
2021-12-09,Nebraska,1896190,1937,1256368,2309,1130985
2021-12-10,Nebraska,1896190,2042,1258410,2078,1133063
2021-12-11,Nebraska,1896190,1675,1260085,1910,1134973
2021-12-12,Nebraska,1896190,109,1260194,33,1135006
2021-12-13,Nebraska,1896190,80,1260274,18,1135024
2021-12-14,Nebraska,1896190,3822,1264096,5199,1140223
2021-12-15,Nebraska,1896190,0,1264096,0,1140223
2021-12-16,Nebraska,1896190,1533,1265629,1792,1142015
2021-12-17,Nebraska,1896190,2861,1268490,2846,1144861
2021-12-18,Nebraska,1896190,0,1268490,0,1144861
2021-12-19,Nebraska,1896190,1406,1269896,1059,1145920
2021-12-20,Nebraska,1896190,112,1270008,55,1145975
2021-12-21,Nebraska,1896190,3177,1273185,2542,1148517
2021-12-22,Nebraska,1896190,1272,1274457,1048,1149565
2021-12-23,Nebraska,1896190,1815,1276272,1777,1151342
2021-12-24,Nebraska,1896190,0,1276272,0,1151342
2021-12-25,Nebraska,1896190,0,1276272,0,1151342
2021-12-26,Nebraska,1896190,0,1276272,0,1151342
2021-12-27,Nebraska,1896190,299,1276571,91,1151433
2021-12-28,Nebraska,1896190,4699,1281270,3704,1155137
2021-12-29,Nebraska,1896190,1125,1282395,1215,1156352
2021-12-30,Nebraska,1896190,1697,1284092,1422,1157774
2021-12-31,Nebraska,1896190,0,1284092,0,1157774
2022-01-01,Nebraska,1896190,0,1284092,0,1157774
2022-01-02,Nebraska,1896190,0,1284092,0,1157774
2022-01-03,Nebraska,1896190,0,1284092,0,1157774
2022-01-04,Nebraska,1896190,5613,1289705,4265,1162039
2022-01-05,Nebraska,1896190,993,1290698,1086,1163125
2022-01-06,Nebraska,1896190,0,1290698,0,1163125
2022-01-07,Nebraska,1896190,1425,1292123,1284,1164409
2022-01-08,Nebraska,1896190,2647,1294770,2193,1166602
2022-01-09,Nebraska,1896190,1418,1296188,1098,1167700
2022-01-10,Nebraska,1896190,32,1296220,9,1167709
2022-01-11,Nebraska,1896190,2163,1298383,1442,1169151
2022-01-12,Nebraska,1896190,973,1299356,799,1169950
2022-01-13,Nebraska,1896190,1420,1300776,1042,1170992
2022-01-14,Nebraska,1896190,1404,1302180,1041,1172033
2022-01-15,Nebraska,1896190,0,1302180,0,1172033
2022-01-16,Nebraska,1896190,1395,1303575,905,1172938
2022-01-17,Nebraska,1896190,0,1303575,0,1172938
2022-01-18,Nebraska,1896190,183,1303758,58,1172996
2022-01-19,Nebraska,1896190,13682,1317440,7988,1180984
2022-01-20,Nebraska,1896190,1791,1319231,1620,1182604
2022-01-21,Nebraska,1896190,1136,1320367,1062,1183666
2022-01-22,Nebraska,1896190,1041,1321408,911,1184577
2022-01-23,Nebraska,1896190,80,1321488,24,1184601
2022-01-24,Nebraska,1896190,75,1321563,16,1184617
2022-01-25,Nebraska,1896190,2493,1324056,1906,1186523
2022-01-26,Nebraska,1896190,94,1324150,38,1186561
2022-01-27,Nebraska,1896190,1518,1325668,1504,1188065
2022-01-28,Nebraska,1896190,854,1326522,895,1188960
2022-01-29,Nebraska,1896190,81,1326603,44,1189004
2022-01-30,Nebraska,1896190,88,1326691,55,1189059
2022-01-31,Nebraska,1896190,0,1326691,0,1189059
2022-02-01,Nebraska,1896190,2362,1329053,2588,1191647
2022-02-02,Nebraska,1896190,652,1329705,834,1192481
2022-02-03,Nebraska,1896190,0,1329705,0,1192481
2022-02-04,Nebraska,1896190,1803,1331508,2303,1194784
2022-02-05,Nebraska,1896190,708,1332216,971,1195755
2022-02-06,Nebraska,1896190,189,1332405,66,1195821
2022-02-07,Nebraska,1896190,41,1332446,10,1195831
2022-02-08,Nebraska,1896190,1311,1333757,1811,1197642
2022-02-09,Nebraska,1896190,0,1333757,0,1197642
2021-07-01,New Hampshire,1330608,7026,849998,6612,762403
2021-07-02,New Hampshire,1330608,553,850551,1086,763489
2021-07-03,New Hampshire,1330608,4652,855203,7186,770675
2021-07-04,New Hampshire,1330608,175,855378,176,770851
2021-07-05,New Hampshire,1330608,0,855378,0,770851
2021-07-06,New Hampshire,1330608,542,855920,706,771557
2021-07-07,New Hampshire,1330608,210,856130,223,771780
2021-07-08,New Hampshire,1330608,3999,860129,3999,775779
2021-07-09,New Hampshire,1330608,777,860906,786,776565
2021-07-10,New Hampshire,1330608,658,861564,661,777226
2021-07-11,New Hampshire,1330608,777,862341,682,777908
2021-07-12,New Hampshire,1330608,1462,863803,1918,779826
2021-07-13,New Hampshire,1330608,569,864372,503,780329
2021-07-14,New Hampshire,1330608,409,864781,414,780743
2021-07-15,New Hampshire,1330608,811,865592,789,781532
2021-07-16,New Hampshire,1330608,950,866542,1087,782619
2021-07-17,New Hampshire,1330608,603,867145,593,783212
2021-07-18,New Hampshire,1330608,578,867723,615,783827
2021-07-19,New Hampshire,1330608,636,868359,619,784446
2021-07-20,New Hampshire,1330608,0,868359,0,784446
2021-07-21,New Hampshire,1330608,1866,870225,1690,786136
2021-07-22,New Hampshire,1330608,868,871093,672,786808
2021-07-23,New Hampshire,1330608,674,871767,404,787212
2021-07-24,New Hampshire,1330608,1091,872858,697,787909
2021-07-25,New Hampshire,1330608,788,873646,455,788364
2021-07-26,New Hampshire,1330608,689,874335,490,788854
2021-07-27,New Hampshire,1330608,448,874783,214,789068
2021-07-28,New Hampshire,1330608,2321,877104,1743,790811
2021-07-29,New Hampshire,1330608,876,877980,491,791302
2021-07-30,New Hampshire,1330608,1018,878998,558,791860
2021-07-31,New Hampshire,1330608,777,879775,418,792278
2021-08-01,New Hampshire,1330608,1050,880825,492,792770
2021-08-02,New Hampshire,1330608,1905,882730,1314,794084
2021-08-03,New Hampshire,1330608,659,883389,353,794437
2021-08-04,New Hampshire,1330608,942,884331,477,794914
2021-08-05,New Hampshire,1330608,975,885306,526,795440
2021-08-06,New Hampshire,1330608,869,886175,490,795930
2021-08-07,New Hampshire,1330608,1542,887717,664,796594
2021-08-08,New Hampshire,1330608,1150,888867,589,797183
2021-08-09,New Hampshire,1330608,1737,890604,1128,798311
2021-08-10,New Hampshire,1330608,1270,891874,779,799090
2021-08-11,New Hampshire,1330608,766,892640,350,799440
2021-08-12,New Hampshire,1330608,-1433,891207,-1615,797825
2021-08-13,New Hampshire,1330608,844,892051,528,798353
2021-08-14,New Hampshire,1330608,1577,893628,948,799301
2021-08-15,New Hampshire,1330608,999,894627,627,799928
2021-08-16,New Hampshire,1330608,1021,895648,632,800560
2021-08-17,New Hampshire,1330608,627,896275,450,801010
2021-08-18,New Hampshire,1330608,2296,898571,1529,802539
2021-08-19,New Hampshire,1330608,1342,899913,765,803304
2021-08-20,New Hampshire,1330608,1187,901100,655,803959
2021-08-21,New Hampshire,1330608,1145,902245,1259,805218
2021-08-22,New Hampshire,1330608,1041,903286,691,805909
2021-08-23,New Hampshire,1330608,895,904181,443,806352
2021-08-24,New Hampshire,1330608,1516,905697,1070,807422
2021-08-25,New Hampshire,1330608,1085,906782,636,808058
2021-08-26,New Hampshire,1330608,1045,907827,617,808675
2021-08-27,New Hampshire,1330608,959,908786,585,809260
2021-08-28,New Hampshire,1330608,0,908786,0,809260
2021-08-29,New Hampshire,1330608,1878,910664,1252,810512
2021-08-30,New Hampshire,1330608,695,911359,500,811012
2021-08-31,New Hampshire,1330608,713,912072,439,811451
2021-09-01,New Hampshire,1330608,915,912987,577,812028
2021-09-02,New Hampshire,1330608,491,913478,462,812490
2021-09-03,New Hampshire,1330608,5574,919052,4297,816787
2021-09-04,New Hampshire,1330608,819,919871,645,817432
2021-09-05,New Hampshire,1330608,0,919871,0,817432
2021-09-06,New Hampshire,1330608,0,919871,0,817432
2021-09-07,New Hampshire,1330608,1884,921755,1572,819004
2021-09-08,New Hampshire,1330608,729,922484,575,819579
2021-09-09,New Hampshire,1330608,1300,923784,1167,820746
2021-09-10,New Hampshire,1330608,504,924288,415,821161
2021-09-11,New Hampshire,1330608,985,925273,664,821825
2021-09-12,New Hampshire,1330608,1891,927164,1461,823286
2021-09-13,New Hampshire,1330608,0,927164,0,823286
2021-09-14,New Hampshire,1330608,1915,929079,1509,824795
2021-09-15,New Hampshire,1330608,2041,931120,1863,826658
2021-09-16,New Hampshire,1330608,744,931864,711,827369
2021-09-17,New Hampshire,1330608,773,932637,679,828048
2021-09-18,New Hampshire,1330608,742,933379,615,828663
2021-09-19,New Hampshire,1330608,799,934178,667,829330
2021-09-20,New Hampshire,1330608,704,934882,664,829994
2021-09-21,New Hampshire,1330608,611,935493,543,830537
2021-09-22,New Hampshire,1330608,611,936104,534,831071
2021-09-23,New Hampshire,1330608,1700,937804,1401,832472
2021-09-24,New Hampshire,1330608,579,938383,419,832891
2021-09-25,New Hampshire,1330608,958,939341,530,833421
2021-09-26,New Hampshire,1330608,948,940289,450,833871
2021-09-27,New Hampshire,1330608,3472,943761,1294,835165
2021-09-28,New Hampshire,1330608,0,943761,0,835165
2021-09-29,New Hampshire,1330608,4497,948258,626,835791
2021-09-30,New Hampshire,1330608,2310,950568,486,836277
2021-10-01,New Hampshire,1330608,2407,952975,500,836777
2021-10-02,New Hampshire,1330608,1740,954715,419,837196
2021-10-03,New Hampshire,1330608,2536,957251,677,837873
2021-10-04,New Hampshire,1330608,3280,960531,1931,839804
2021-10-05,New Hampshire,1330608,1663,962194,391,840195
2021-10-06,New Hampshire,1330608,4324,966518,850,841045
2021-10-07,New Hampshire,1330608,2060,968578,404,841449
2021-10-08,New Hampshire,1330608,2090,970668,555,842004
2021-10-09,New Hampshire,1330608,2346,973014,563,842567
2021-10-10,New Hampshire,1330608,0,973014,0,842567
2021-10-11,New Hampshire,1330608,0,973014,0,842567
2021-10-12,New Hampshire,1330608,6766,979780,2706,845273
2021-10-13,New Hampshire,1330608,1878,981658,463,845736
2021-10-14,New Hampshire,1330608,1463,983121,293,846029
2021-10-15,New Hampshire,1330608,2458,985579,600,846629
2021-10-16,New Hampshire,1330608,1894,987473,371,847000
2021-10-17,New Hampshire,1330608,2239,989712,523,847523
2021-10-18,New Hampshire,1330608,1518,991230,404,847927
2021-10-19,New Hampshire,1330608,2731,993961,1216,849143
2021-10-20,New Hampshire,1330608,2142,996103,422,849565
2021-10-21,New Hampshire,1330608,2051,998154,387,849952
2021-10-22,New Hampshire,1330608,3877,1002031,1087,851039
2021-10-23,New Hampshire,1330608,2307,1004338,374,851413
2021-10-24,New Hampshire,1330608,2100,1006438,400,851813
2021-10-25,New Hampshire,1330608,2716,1009154,327,852140
2021-10-26,New Hampshire,1330608,3766,1012920,303,852443
2021-10-27,New Hampshire,1330608,7608,1020528,562,853005
2021-10-28,New Hampshire,1330608,2653,1023181,260,853265
2021-10-29,New Hampshire,1330608,6047,1029228,543,853808
2021-10-30,New Hampshire,1330608,4783,1034011,366,854174
2021-10-31,New Hampshire,1330608,2027,1036038,256,854430
2021-11-01,New Hampshire,1330608,8912,1044950,679,855109
2021-11-02,New Hampshire,1330608,5232,1050182,1723,856832
2021-11-03,New Hampshire,1330608,4379,1054561,458,857290
2021-11-04,New Hampshire,1330608,4416,1058977,477,857767
2021-11-05,New Hampshire,1330608,2930,1061907,2192,859959
2021-11-06,New Hampshire,1330608,5670,1067577,622,860581
2021-11-07,New Hampshire,1330608,1970,1069547,249,860830
2021-11-08,New Hampshire,1330608,5194,1074741,549,861379
2021-11-09,New Hampshire,1330608,3309,1078050,319,861698
2021-11-10,New Hampshire,1330608,4093,1082143,427,862125
2021-11-11,New Hampshire,1330608,0,1082143,0,862125
2021-11-12,New Hampshire,1330608,8817,1090960,821,862946
2021-11-13,New Hampshire,1330608,4734,1095694,487,863433
2021-11-14,New Hampshire,1330608,3936,1099630,469,863902
2021-11-15,New Hampshire,1330608,6430,1106060,1738,865640
2021-11-16,New Hampshire,1330608,9201,1115261,1002,866642
2021-11-17,New Hampshire,1330608,9134,1124395,715,867357
2021-11-18,New Hampshire,1330608,0,1124395,0,867357
2021-11-19,New Hampshire,1330608,4357,1128752,470,867827
2021-11-20,New Hampshire,1330608,4800,1133552,397,868224
2021-11-21,New Hampshire,1330608,8597,1142149,1408,869632
2021-11-22,New Hampshire,1330608,7822,1149971,779,870411
2021-11-23,New Hampshire,1330608,0,1149971,0,870411
2021-11-24,New Hampshire,1330608,23118,1173089,8397,878808
2021-11-25,New Hampshire,1330608,0,1173089,0,878808
2021-11-26,New Hampshire,1330608,0,1173089,0,878808
2021-11-27,New Hampshire,1330608,0,1173089,0,878808
2021-11-28,New Hampshire,1330608,0,1173089,0,878808
2021-11-29,New Hampshire,1330608,0,1173089,0,878808
2021-11-30,New Hampshire,1330608,17994,1191083,2053,880861
2021-12-01,New Hampshire,1330608,4042,1195125,839,881700
2021-12-02,New Hampshire,1330608,4262,1199387,947,882647
2021-12-03,New Hampshire,1330608,4098,1203485,910,883557
2021-12-04,New Hampshire,1330608,7681,1211166,1284,884841
2021-12-05,New Hampshire,1330608,2740,1213906,686,885527
2021-12-06,New Hampshire,1330608,3923,1217829,770,886297
2021-12-07,New Hampshire,1330608,3138,1220967,563,886860
2021-12-08,New Hampshire,1330608,3982,1224949,881,887741
2021-12-09,New Hampshire,1330608,4396,1229345,801,888542
2021-12-10,New Hampshire,1330608,4571,1233916,796,889338
2021-12-11,New Hampshire,1330608,11533,1245449,2137,891475
2021-12-12,New Hampshire,1330608,2135,1247584,580,892055
2021-12-13,New Hampshire,1330608,3991,1251575,855,892910
2021-12-14,New Hampshire,1330608,15688,1267263,6399,899309
2021-12-15,New Hampshire,1330608,0,1267263,0,899309
2021-12-16,New Hampshire,1330608,4076,1271339,736,900045
2021-12-17,New Hampshire,1330608,8201,1279540,1311,901356
2021-12-18,New Hampshire,1330608,0,1279540,0,901356
2021-12-19,New Hampshire,1330608,6587,1286127,840,902196
2021-12-20,New Hampshire,1330608,4077,1290204,471,902667
2021-12-21,New Hampshire,1330608,3251,1293455,383,903050
2021-12-22,New Hampshire,1330608,7834,1301289,1217,904267
2021-12-23,New Hampshire,1330608,12949,1314238,5702,909969
2021-12-24,New Hampshire,1330608,0,1314238,0,909969
2021-12-25,New Hampshire,1330608,0,1314238,0,909969
2021-12-26,New Hampshire,1330608,0,1314238,0,909969
2021-12-27,New Hampshire,1330608,9533,1323771,1120,911089
2021-12-28,New Hampshire,1330608,5122,1328893,1526,912615
2021-12-29,New Hampshire,1330608,3018,1331911,318,912933
2021-12-30,New Hampshire,1330608,3435,1335346,395,913328
2021-12-31,New Hampshire,1330608,0,1335346,0,913328
2022-01-01,New Hampshire,1330608,0,1335346,0,913328
2022-01-02,New Hampshire,1330608,0,1335346,0,913328
2022-01-03,New Hampshire,1330608,0,1335346,0,913328
2022-01-04,New Hampshire,1330608,15834,1351180,2803,916131
2022-01-05,New Hampshire,1330608,2925,1354105,298,916429
2022-01-06,New Hampshire,1330608,0,1354105,0,916429
2022-01-07,New Hampshire,1330608,2856,1356961,302,916731
2022-01-08,New Hampshire,1330608,8913,1365874,1191,917922
2022-01-09,New Hampshire,1330608,7240,1373114,2759,920681
2022-01-10,New Hampshire,1330608,2029,1375143,248,920929
2022-01-11,New Hampshire,1330608,2284,1377427,310,921239
2022-01-12,New Hampshire,1330608,2579,1380006,374,921613
2022-01-13,New Hampshire,1330608,4107,1384113,637,922250
2022-01-14,New Hampshire,1330608,5256,1389369,1753,924003
2022-01-15,New Hampshire,1330608,0,1389369,0,924003
2022-01-16,New Hampshire,1330608,2701,1392070,318,924321
2022-01-17,New Hampshire,1330608,0,1392070,0,924321
2022-01-18,New Hampshire,1330608,7881,1399951,1462,925783
2022-01-19,New Hampshire,1330608,6647,1406598,2814,928597
2022-01-20,New Hampshire,1330608,4820,1411418,963,929560
2022-01-21,New Hampshire,1330608,2746,1414164,720,930280
2022-01-22,New Hampshire,1330608,2170,1416334,298,930578
2022-01-23,New Hampshire,1330608,1907,1418241,203,930781
2022-01-24,New Hampshire,1330608,2712,1420953,768,931549
2022-01-25,New Hampshire,1330608,2184,1423137,411,931960
2022-01-26,New Hampshire,1330608,3001,1426138,715,932675
2022-01-27,New Hampshire,1330608,3211,1429349,1033,933708
2022-01-28,New Hampshire,1330608,1514,1430863,335,934043
2022-01-29,New Hampshire,1330608,1641,1432504,348,934391
2022-01-30,New Hampshire,1330608,735,1433239,184,934575
2022-01-31,New Hampshire,1330608,0,1433239,0,934575
2022-02-01,New Hampshire,1330608,3986,1437225,1434,936009
2022-02-02,New Hampshire,1330608,1545,1438770,442,936451
2022-02-03,New Hampshire,1330608,0,1438770,0,936451
2022-02-04,New Hampshire,1330608,4197,1442967,1588,938039
2022-02-05,New Hampshire,1330608,1915,1444882,885,938924
2022-02-06,New Hampshire,1330608,564,1445446,203,939127
2022-02-07,New Hampshire,1330608,1185,1446631,376,939503
2022-02-08,New Hampshire,1330608,1606,1448237,885,940388
2022-02-09,New Hampshire,1330608,0,1448237,0,940388
2021-07-01,New Jersey,8958013,10619,5591191,14621,4912136
2021-07-02,New Jersey,8958013,9447,5600638,12543,4924679
2021-07-03,New Jersey,8958013,10320,5610958,12983,4937662
2021-07-04,New Jersey,8958013,8423,5619381,9691,4947353
2021-07-05,New Jersey,8958013,0,5619381,0,4947353
2021-07-06,New Jersey,8958013,8542,5627923,8135,4955488
2021-07-07,New Jersey,8958013,9017,5636940,10234,4965722
2021-07-08,New Jersey,8958013,8921,5645861,10854,4976576
2021-07-09,New Jersey,8958013,9363,5655224,10624,4987200
2021-07-10,New Jersey,8958013,8452,5663676,9866,4997066
2021-07-11,New Jersey,8958013,8133,5671809,9275,5006341
2021-07-12,New Jersey,8958013,6253,5678062,6298,5012639
2021-07-13,New Jersey,8958013,5993,5684055,6993,5019632
2021-07-14,New Jersey,8958013,8574,5692629,9414,5029046
2021-07-15,New Jersey,8958013,9010,5701639,9059,5038105
2021-07-16,New Jersey,8958013,8366,5710005,8986,5047091
2021-07-17,New Jersey,8958013,8421,5718426,8801,5055892
2021-07-18,New Jersey,8958013,9032,5727458,9570,5065462
2021-07-19,New Jersey,8958013,6415,5733873,5958,5071420
2021-07-20,New Jersey,8958013,0,5733873,0,5071420
2021-07-21,New Jersey,8958013,15911,5749784,16041,5087461
2021-07-22,New Jersey,8958013,11164,5760948,8860,5096321
2021-07-23,New Jersey,8958013,11030,5771978,8988,5105309
2021-07-24,New Jersey,8958013,13207,5785185,11263,5116572
2021-07-25,New Jersey,8958013,9921,5795106,7455,5124027
2021-07-26,New Jersey,8958013,6872,5801978,5006,5129033
2021-07-27,New Jersey,8958013,9156,5811134,4625,5133658
2021-07-28,New Jersey,8958013,12251,5823385,25402,5159060
2021-07-29,New Jersey,8958013,12241,5835626,9193,5168253
2021-07-30,New Jersey,8958013,12130,5847756,8265,5176518
2021-07-31,New Jersey,8958013,14997,5862753,10618,5187136
2021-08-01,New Jersey,8958013,10235,5872988,6966,5194102
2021-08-02,New Jersey,8958013,7361,5880349,4859,5198961
2021-08-03,New Jersey,8958013,8971,5889320,5313,5204274
2021-08-04,New Jersey,8958013,14904,5904224,9209,5213483
2021-08-05,New Jersey,8958013,12674,5916898,7471,5220954
2021-08-06,New Jersey,8958013,13755,5930653,8469,5229423
2021-08-07,New Jersey,8958013,13799,5944452,7802,5237225
2021-08-08,New Jersey,8958013,12118,5956570,7686,5244911
2021-08-09,New Jersey,8958013,8450,5965020,5042,5249953
2021-08-10,New Jersey,8958013,9504,5974524,5907,5255860
2021-08-11,New Jersey,8958013,10838,5985362,7735,5263595
2021-08-12,New Jersey,8958013,10002,5995364,7415,5271010
2021-08-13,New Jersey,8958013,17849,6013213,12861,5283871
2021-08-14,New Jersey,8958013,11812,6025025,8417,5292288
2021-08-15,New Jersey,8958013,11498,6036523,8327,5300615
2021-08-16,New Jersey,8958013,9403,6045926,6564,5307179
2021-08-17,New Jersey,8958013,11256,6057182,9069,5316248
2021-08-18,New Jersey,8958013,7359,6064541,6077,5322325
2021-08-19,New Jersey,8958013,17613,6082154,14132,5336457
2021-08-20,New Jersey,8958013,11108,6093262,9290,5345747
2021-08-21,New Jersey,8958013,12978,6106240,11776,5357523
2021-08-22,New Jersey,8958013,10061,6116301,9358,5366881
2021-08-23,New Jersey,8958013,8066,6124367,7520,5374401
2021-08-24,New Jersey,8958013,5740,6130107,5374,5379775
2021-08-25,New Jersey,8958013,17144,6147251,16152,5395927
2021-08-26,New Jersey,8958013,12384,6159635,11008,5406935
2021-08-27,New Jersey,8958013,12834,6172469,12762,5419697
2021-08-28,New Jersey,8958013,0,6172469,0,5419697
2021-08-29,New Jersey,8958013,22175,6194644,21562,5441259
2021-08-30,New Jersey,8958013,7647,6202291,7245,5448504
2021-08-31,New Jersey,8958013,8839,6211130,9407,5457911
2021-09-01,New Jersey,8958013,11790,6222920,11700,5469611
2021-09-02,New Jersey,8958013,9624,6232544,9404,5479015
2021-09-03,New Jersey,8958013,15650,6248194,15653,5494668
2021-09-04,New Jersey,8958013,8912,6257106,9065,5503733
2021-09-05,New Jersey,8958013,0,6257106,0,5503733
2021-09-06,New Jersey,8958013,0,6257106,0,5503733
2021-09-07,New Jersey,8958013,20359,6277465,20280,5524013
2021-09-08,New Jersey,8958013,6145,6283610,6573,5530586
2021-09-09,New Jersey,8958013,8107,6291717,9244,5539830
2021-09-10,New Jersey,8958013,10480,6302197,11976,5551806
2021-09-11,New Jersey,8958013,9806,6312003,9889,5561695
2021-09-12,New Jersey,8958013,9269,6321272,10628,5572323
2021-09-13,New Jersey,8958013,0,6321272,0,5572323
2021-09-14,New Jersey,8958013,13693,6334965,14679,5587002
2021-09-15,New Jersey,8958013,10027,6344992,10865,5597867
2021-09-16,New Jersey,8958013,9451,6354443,11215,5609082
2021-09-17,New Jersey,8958013,6179,6360622,7343,5616425
2021-09-18,New Jersey,8958013,10093,6370715,11889,5628314
2021-09-19,New Jersey,8958013,7039,6377754,9221,5637535
2021-09-20,New Jersey,8958013,5432,6383186,6912,5644447
2021-09-21,New Jersey,8958013,4426,6387612,5238,5649685
2021-09-22,New Jersey,8958013,-3676,6383936,5901,5655586
2021-09-23,New Jersey,8958013,7041,6390977,8656,5664242
2021-09-24,New Jersey,8958013,7986,6398963,10260,5674502
2021-09-25,New Jersey,8958013,8489,6407452,8913,5683415
2021-09-26,New Jersey,8958013,8334,6415786,7415,5690830
2021-09-27,New Jersey,8958013,4805,6420591,5115,5695945
2021-09-28,New Jersey,8958013,0,6420591,0,5695945
2021-09-29,New Jersey,8958013,12654,6433245,11166,5707111
2021-09-30,New Jersey,8958013,7102,6440347,6007,5713118
2021-10-01,New Jersey,8958013,3727,6444074,3790,5716908
2021-10-02,New Jersey,8958013,7743,6451817,6915,5723823
2021-10-03,New Jersey,8958013,15501,6467318,13716,5737539
2021-10-04,New Jersey,8958013,4731,6472049,4875,5742414
2021-10-05,New Jersey,8958013,6123,6478172,5846,5748260
2021-10-06,New Jersey,8958013,5232,6483404,4723,5752983
2021-10-07,New Jersey,8958013,11357,6494761,9101,5762084
2021-10-08,New Jersey,8958013,7677,6502438,7623,5769707
2021-10-09,New Jersey,8958013,7183,6509621,6610,5776317
2021-10-10,New Jersey,8958013,0,6509621,0,5776317
2021-10-11,New Jersey,8958013,0,6509621,0,5776317
2021-10-12,New Jersey,8958013,13677,6523298,12887,5789204
2021-10-13,New Jersey,8958013,7747,6531045,6699,5795903
2021-10-14,New Jersey,8958013,7140,6538185,6495,5802398
2021-10-15,New Jersey,8958013,7288,6545473,6779,5809177
2021-10-16,New Jersey,8958013,9102,6554575,7654,5816831
2021-10-17,New Jersey,8958013,6882,6561457,6137,5822968
2021-10-18,New Jersey,8958013,3872,6565329,3500,5826468
2021-10-19,New Jersey,8958013,6421,6571750,5196,5831664
2021-10-20,New Jersey,8958013,7389,6579139,5905,5837569
2021-10-21,New Jersey,8958013,6799,6585938,5648,5843217
2021-10-22,New Jersey,8958013,10955,6596893,8430,5851647
2021-10-23,New Jersey,8958013,6973,6603866,5666,5857313
2021-10-24,New Jersey,8958013,6870,6610736,4637,5861950
2021-10-25,New Jersey,8958013,5033,6615769,3258,5865208
2021-10-26,New Jersey,8958013,7041,6622810,4462,5869670
2021-10-27,New Jersey,8958013,10827,6633637,5902,5875572
2021-10-28,New Jersey,8958013,10480,6644117,5786,5881358
2021-10-29,New Jersey,8958013,9054,6653171,5745,5887103
2021-10-30,New Jersey,8958013,9685,6662856,5666,5892769
2021-10-31,New Jersey,8958013,8099,6670955,4631,5897400
2021-11-01,New Jersey,8958013,4978,6675933,2510,5899910
2021-11-02,New Jersey,8958013,7542,6683475,4344,5904254
2021-11-03,New Jersey,8958013,10267,6693742,5713,5909967
2021-11-04,New Jersey,8958013,3850,6697592,3338,5913305
2021-11-05,New Jersey,8958013,8529,6706121,4072,5917377
2021-11-06,New Jersey,8958013,13036,6719157,5398,5922775
2021-11-07,New Jersey,8958013,15962,6735119,7207,5929982
2021-11-08,New Jersey,8958013,6932,6742051,2097,5932079
2021-11-09,New Jersey,8958013,1167,6743218,413,5932492
2021-11-10,New Jersey,8958013,25774,6768992,8781,5941273
2021-11-11,New Jersey,8958013,0,6768992,0,5941273
2021-11-12,New Jersey,8958013,32663,6801655,8943,5950216
2021-11-13,New Jersey,8958013,16718,6818373,4899,5955115
2021-11-14,New Jersey,8958013,16741,6835114,4130,5959245
2021-11-15,New Jersey,8958013,10092,6845206,2199,5961444
2021-11-16,New Jersey,8958013,15745,6860951,6515,5967959
2021-11-17,New Jersey,8958013,13473,6874424,3882,5971841
2021-11-18,New Jersey,8958013,0,6874424,0,5971841
2021-11-19,New Jersey,8958013,18289,6892713,5319,5977160
2021-11-20,New Jersey,8958013,14252,6906965,4205,5981365
2021-11-21,New Jersey,8958013,17062,6924027,4488,5985853
2021-11-22,New Jersey,8958013,23040,6947067,4895,5990748
2021-11-23,New Jersey,8958013,0,6947067,0,5990748
2021-11-24,New Jersey,8958013,19805,6966872,6439,5997187
2021-11-25,New Jersey,8958013,0,6966872,0,5997187
2021-11-26,New Jersey,8958013,0,6966872,0,5997187
2021-11-27,New Jersey,8958013,0,6966872,0,5997187
2021-11-28,New Jersey,8958013,0,6966872,0,5997187
2021-11-29,New Jersey,8958013,0,6966872,0,5997187
2021-11-30,New Jersey,8958013,61834,7028706,26387,6023574
2021-12-01,New Jersey,8958013,13630,7042336,10725,6034299
2021-12-02,New Jersey,8958013,13515,7055851,8789,6043088
2021-12-03,New Jersey,8958013,23528,7079379,15469,6058557
2021-12-04,New Jersey,8958013,16334,7095713,10961,6069518
2021-12-05,New Jersey,8958013,12587,7108300,11855,6081373
2021-12-06,New Jersey,8958013,7556,7115856,7351,6088724
2021-12-07,New Jersey,8958013,13084,7128940,8963,6097687
2021-12-08,New Jersey,8958013,16009,7144949,10433,6108120
2021-12-09,New Jersey,8958013,15758,7160707,9540,6117660
2021-12-10,New Jersey,8958013,17673,7178380,11767,6129427
2021-12-11,New Jersey,8958013,15350,7193730,9756,6139183
2021-12-12,New Jersey,8958013,12229,7205959,10966,6150149
2021-12-13,New Jersey,8958013,6858,7212817,5794,6155943
2021-12-14,New Jersey,8958013,13600,7226417,10317,6166260
2021-12-15,New Jersey,8958013,0,7226417,0,6166260
2021-12-16,New Jersey,8958013,15971,7242388,9601,6175861
2021-12-17,New Jersey,8958013,32192,7274580,16605,6192466
2021-12-18,New Jersey,8958013,0,7274580,0,6192466
2021-12-19,New Jersey,8958013,30679,7305259,12079,6204545
2021-12-20,New Jersey,8958013,8692,7313951,4041,6208586
2021-12-21,New Jersey,8958013,13077,7327028,7371,6215957
2021-12-22,New Jersey,8958013,10251,7337279,3321,6219278
2021-12-23,New Jersey,8958013,17413,7354692,7201,6226479
2021-12-24,New Jersey,8958013,0,7354692,0,6226479
2021-12-25,New Jersey,8958013,0,7354692,0,6226479
2021-12-26,New Jersey,8958013,0,7354692,0,6226479
2021-12-27,New Jersey,8958013,34094,7388786,14448,6240927
2021-12-28,New Jersey,8958013,12817,7401603,5912,6246839
2021-12-29,New Jersey,8958013,16923,7418526,8169,6255008
2021-12-30,New Jersey,8958013,15704,7434230,6260,6261268
2021-12-31,New Jersey,8958013,0,7434230,0,6261268
2022-01-01,New Jersey,8958013,0,7434230,0,6261268
2022-01-02,New Jersey,8958013,0,7434230,0,6261268
2022-01-03,New Jersey,8958013,0,7434230,0,6261268
2022-01-04,New Jersey,8958013,43750,7477980,20230,6281498
2022-01-05,New Jersey,8958013,15093,7493073,8186,6289684
2022-01-06,New Jersey,8958013,0,7493073,0,6289684
2022-01-07,New Jersey,8958013,13436,7506509,6799,6296483
2022-01-08,New Jersey,8958013,29121,7535630,15050,6311533
2022-01-09,New Jersey,8958013,10142,7545772,6277,6317810
2022-01-10,New Jersey,8958013,8849,7554621,5546,6323356
2022-01-11,New Jersey,8958013,9786,7564407,5606,6328962
2022-01-12,New Jersey,8958013,12772,7577179,6935,6335897
2022-01-13,New Jersey,8958013,13354,7590533,7797,6343694
2022-01-14,New Jersey,8958013,12925,7603458,6886,6350580
2022-01-15,New Jersey,8958013,0,7603458,0,6350580
2022-01-16,New Jersey,8958013,14181,7617639,7100,6357680
2022-01-17,New Jersey,8958013,0,7617639,0,6357680
2022-01-18,New Jersey,8958013,26872,7644511,11695,6369375
2022-01-19,New Jersey,8958013,20217,7664728,12324,6381699
2022-01-20,New Jersey,8958013,11910,7676638,7735,6389434
2022-01-21,New Jersey,8958013,10432,7687070,6714,6396148
2022-01-22,New Jersey,8958013,10574,7697644,7038,6403186
2022-01-23,New Jersey,8958013,9513,7707157,4661,6407847
2022-01-24,New Jersey,8958013,7135,7714292,3017,6410864
2022-01-25,New Jersey,8958013,8262,7722554,5354,6416218
2022-01-26,New Jersey,8958013,9041,7731595,6601,6422819
2022-01-27,New Jersey,8958013,10084,7741679,6666,6429485
2022-01-28,New Jersey,8958013,7772,7749451,6197,6435682
2022-01-29,New Jersey,8958013,10869,7760320,12027,6447709
2022-01-30,New Jersey,8958013,5466,7765786,3902,6451611
2022-01-31,New Jersey,8958013,0,7765786,0,6451611
2022-02-01,New Jersey,8958013,10724,7776510,12903,6464514
2022-02-02,New Jersey,8958013,8832,7785342,11160,6475674
2022-02-03,New Jersey,8958013,0,7785342,0,6475674
2022-02-04,New Jersey,8958013,16044,7801386,21776,6497450
2022-02-05,New Jersey,8958013,6498,7807884,6393,6503843
2022-02-06,New Jersey,8958013,950,7808834,846,6504689
2022-02-07,New Jersey,8958013,8291,7817125,8846,6513535
2022-02-08,New Jersey,8958013,4718,7821843,5156,6518691
2022-02-09,New Jersey,8958013,0,7821843,0,6518691
2021-07-01,New Mexico,2085109,2669,1321330,2652,1145072
2021-07-02,New Mexico,2085109,2223,1323553,4808,1149880
2021-07-03,New Mexico,2085109,2125,1325678,3217,1153097
2021-07-04,New Mexico,2085109,2102,1327780,3093,1156190
2021-07-05,New Mexico,2085109,0,1327780,0,1156190
2021-07-06,New Mexico,2085109,1427,1329207,1342,1157532
2021-07-07,New Mexico,2085109,645,1329852,826,1158358
2021-07-08,New Mexico,2085109,1672,1331524,2179,1160537
2021-07-09,New Mexico,2085109,2019,1333543,2401,1162938
2021-07-10,New Mexico,2085109,1895,1335438,2395,1165333
2021-07-11,New Mexico,2085109,1864,1337302,2225,1167558
2021-07-12,New Mexico,2085109,1048,1338350,1206,1168764
2021-07-13,New Mexico,2085109,60,1338410,39,1168803
2021-07-14,New Mexico,2085109,1605,1340015,2255,1171058
2021-07-15,New Mexico,2085109,1551,1341566,1948,1173006
2021-07-16,New Mexico,2085109,2015,1343581,2100,1175106
2021-07-17,New Mexico,2085109,1814,1345395,1832,1176938
2021-07-18,New Mexico,2085109,1113,1346508,1070,1178008
2021-07-19,New Mexico,2085109,1911,1348419,1787,1179795
2021-07-20,New Mexico,2085109,0,1348419,0,1179795
2021-07-21,New Mexico,2085109,1898,1350317,1626,1181421
2021-07-22,New Mexico,2085109,2808,1353125,2254,1183675
2021-07-23,New Mexico,2085109,2131,1355256,1882,1185557
2021-07-24,New Mexico,2085109,2091,1357347,1475,1187032
2021-07-25,New Mexico,2085109,2039,1359386,1521,1188553
2021-07-26,New Mexico,2085109,1293,1360679,729,1189282
2021-07-27,New Mexico,2085109,729,1361408,415,1189697
2021-07-28,New Mexico,2085109,1784,1363192,1113,1190810
2021-07-29,New Mexico,2085109,2624,1365816,1483,1192293
2021-07-30,New Mexico,2085109,3186,1369002,1894,1194187
2021-07-31,New Mexico,2085109,5229,1374231,4199,1198386
2021-08-01,New Mexico,2085109,3666,1377897,3861,1202247
2021-08-02,New Mexico,2085109,1746,1379643,950,1203197
2021-08-03,New Mexico,2085109,553,1380196,291,1203488
2021-08-04,New Mexico,2085109,3043,1383239,1571,1205059
2021-08-05,New Mexico,2085109,2957,1386196,1410,1206469
2021-08-06,New Mexico,2085109,3573,1389769,1786,1208255
2021-08-07,New Mexico,2085109,3559,1393328,1774,1210029
2021-08-08,New Mexico,2085109,4007,1397335,2191,1212220
2021-08-09,New Mexico,2085109,2241,1399576,1130,1213350
2021-08-10,New Mexico,2085109,887,1400463,494,1213844
2021-08-11,New Mexico,2085109,2502,1402965,1330,1215174
2021-08-12,New Mexico,2085109,3417,1406382,2096,1217270
2021-08-13,New Mexico,2085109,3362,1409744,1981,1219251
2021-08-14,New Mexico,2085109,383,1410127,235,1219486
2021-08-15,New Mexico,2085109,432,1410559,273,1219759
2021-08-16,New Mexico,2085109,6874,1417433,3624,1223383
2021-08-17,New Mexico,2085109,1309,1418742,786,1224169
2021-08-18,New Mexico,2085109,2935,1421677,1573,1225742
2021-08-19,New Mexico,2085109,3093,1424770,2352,1228094
2021-08-20,New Mexico,2085109,4777,1429547,2908,1231002
2021-08-21,New Mexico,2085109,3652,1433199,2294,1233296
2021-08-22,New Mexico,2085109,3975,1437174,2270,1235566
2021-08-23,New Mexico,2085109,2741,1439915,1783,1237349
2021-08-24,New Mexico,2085109,1840,1441755,1029,1238378
2021-08-25,New Mexico,2085109,4046,1445801,5428,1243806
2021-08-26,New Mexico,2085109,3742,1449543,2927,1246733
2021-08-27,New Mexico,2085109,3893,1453436,2596,1249329
2021-08-28,New Mexico,2085109,0,1453436,0,1249329
2021-08-29,New Mexico,2085109,8337,1461773,5847,1255176
2021-08-30,New Mexico,2085109,2407,1464180,1707,1256883
2021-08-31,New Mexico,2085109,1303,1465483,1022,1257905
2021-09-01,New Mexico,2085109,2596,1468079,2207,1260112
2021-09-02,New Mexico,2085109,3309,1471388,2362,1262474
2021-09-03,New Mexico,2085109,3046,1474434,2993,1265467
2021-09-04,New Mexico,2085109,6036,1480470,6098,1271565
2021-09-05,New Mexico,2085109,0,1480470,0,1271565
2021-09-06,New Mexico,2085109,0,1480470,0,1271565
2021-09-07,New Mexico,2085109,2439,1482909,2599,1274164
2021-09-08,New Mexico,2085109,545,1483454,658,1274822
2021-09-09,New Mexico,2085109,1367,1484821,2235,1277057
2021-09-10,New Mexico,2085109,2386,1487207,2954,1280011
2021-09-11,New Mexico,2085109,2519,1489726,2654,1282665
2021-09-12,New Mexico,2085109,775,1490501,427,1283092
2021-09-13,New Mexico,2085109,0,1490501,0,1283092
2021-09-14,New Mexico,2085109,4920,1495421,5876,1288968
2021-09-15,New Mexico,2085109,1642,1497063,2171,1291139
2021-09-16,New Mexico,2085109,2080,1499143,2492,1293631
2021-09-17,New Mexico,2085109,1975,1501118,3368,1296999
2021-09-18,New Mexico,2085109,1953,1503071,2803,1299802
2021-09-19,New Mexico,2085109,2233,1505304,3362,1303164
2021-09-20,New Mexico,2085109,1115,1506419,1800,1304964
2021-09-21,New Mexico,2085109,776,1507195,1218,1306182
2021-09-22,New Mexico,2085109,1274,1508469,2011,1308193
2021-09-23,New Mexico,2085109,1599,1510068,2443,1310636
2021-09-24,New Mexico,2085109,1568,1511636,2430,1313066
2021-09-25,New Mexico,2085109,1565,1513201,2113,1315179
2021-09-26,New Mexico,2085109,1861,1515062,2660,1317839
2021-09-27,New Mexico,2085109,1357,1516419,1130,1318969
2021-09-28,New Mexico,2085109,0,1516419,0,1318969
2021-09-29,New Mexico,2085109,2298,1518717,2290,1321259
2021-09-30,New Mexico,2085109,3379,1522096,3387,1324646
2021-10-01,New Mexico,2085109,1682,1523778,1905,1326551
2021-10-02,New Mexico,2085109,1430,1525208,1854,1328405
2021-10-03,New Mexico,2085109,2632,1527840,2216,1330621
2021-10-04,New Mexico,2085109,1398,1529238,1249,1331870
2021-10-05,New Mexico,2085109,639,1529877,510,1332380
2021-10-06,New Mexico,2085109,939,1530816,804,1333184
2021-10-07,New Mexico,2085109,2029,1532845,1495,1334679
2021-10-08,New Mexico,2085109,603,1533448,259,1334938
2021-10-09,New Mexico,2085109,3352,1536800,2870,1337808
2021-10-10,New Mexico,2085109,0,1536800,0,1337808
2021-10-11,New Mexico,2085109,0,1536800,0,1337808
2021-10-12,New Mexico,2085109,3578,1540378,2892,1340700
2021-10-13,New Mexico,2085109,1096,1541474,892,1341592
2021-10-14,New Mexico,2085109,1963,1543437,2478,1344070
2021-10-15,New Mexico,2085109,1809,1545246,1741,1345811
2021-10-16,New Mexico,2085109,1968,1547214,1665,1347476
2021-10-17,New Mexico,2085109,434,1547648,307,1347783
2021-10-18,New Mexico,2085109,2531,1550179,2009,1349792
2021-10-19,New Mexico,2085109,492,1550671,408,1350200
2021-10-20,New Mexico,2085109,1542,1552213,1178,1351378
2021-10-21,New Mexico,2085109,1798,1554011,1474,1352852
2021-10-22,New Mexico,2085109,28211,1582222,20482,1373334
2021-10-23,New Mexico,2085109,1818,1584040,1438,1374772
2021-10-24,New Mexico,2085109,1941,1585981,1481,1376253
2021-10-25,New Mexico,2085109,1266,1587247,631,1376884
2021-10-26,New Mexico,2085109,-84721,1502526,-79971,1296913
2021-10-27,New Mexico,2085109,1927,1504453,1143,1298056
2021-10-28,New Mexico,2085109,2815,1507268,1523,1299579
2021-10-29,New Mexico,2085109,2417,1509685,1351,1300930
2021-10-30,New Mexico,2085109,1835,1511520,917,1301847
2021-10-31,New Mexico,2085109,2269,1513789,1114,1302961
2021-11-01,New Mexico,2085109,1346,1515135,686,1303647
2021-11-02,New Mexico,2085109,740,1515875,302,1303949
2021-11-03,New Mexico,2085109,2996,1518871,1669,1305618
2021-11-04,New Mexico,2085109,2135,1521006,1218,1306836
2021-11-05,New Mexico,2085109,1952,1522958,1171,1308007
2021-11-06,New Mexico,2085109,2146,1525104,1077,1309084
2021-11-07,New Mexico,2085109,3695,1528799,1461,1310545
2021-11-08,New Mexico,2085109,2543,1531342,973,1311518
2021-11-09,New Mexico,2085109,1724,1533066,419,1311937
2021-11-10,New Mexico,2085109,2532,1535598,1185,1313122
2021-11-11,New Mexico,2085109,0,1535598,0,1313122
2021-11-12,New Mexico,2085109,8392,1543990,2748,1315870
2021-11-13,New Mexico,2085109,3563,1547553,1252,1317122
2021-11-14,New Mexico,2085109,4465,1552018,1089,1318211
2021-11-15,New Mexico,2085109,5142,1557160,734,1318945
2021-11-16,New Mexico,2085109,2233,1559393,432,1319377
2021-11-17,New Mexico,2085109,3718,1563111,1040,1320417
2021-11-18,New Mexico,2085109,0,1563111,0,1320417
2021-11-19,New Mexico,2085109,4355,1567466,1251,1321668
2021-11-20,New Mexico,2085109,5691,1573157,1280,1322948
2021-11-21,New Mexico,2085109,5198,1578355,1433,1324381
2021-11-22,New Mexico,2085109,9896,1588251,2071,1326452
2021-11-23,New Mexico,2085109,0,1588251,0,1326452
2021-11-24,New Mexico,2085109,6160,1594411,1551,1328003
2021-11-25,New Mexico,2085109,0,1594411,0,1328003
2021-11-26,New Mexico,2085109,0,1594411,0,1328003
2021-11-27,New Mexico,2085109,0,1594411,0,1328003
2021-11-28,New Mexico,2085109,0,1594411,0,1328003
2021-11-29,New Mexico,2085109,0,1594411,0,1328003
2021-11-30,New Mexico,2085109,11102,1605513,3841,1331844
2021-12-01,New Mexico,2085109,3341,1608854,2157,1334001
2021-12-02,New Mexico,2085109,3848,1612702,2645,1336646
2021-12-03,New Mexico,2085109,5095,1617797,2726,1339372
2021-12-04,New Mexico,2085109,4272,1622069,2111,1341483
2021-12-05,New Mexico,2085109,3869,1625938,3147,1344630
2021-12-06,New Mexico,2085109,2430,1628368,3085,1347715
2021-12-07,New Mexico,2085109,1529,1629897,1382,1349097
2021-12-08,New Mexico,2085109,3028,1632925,2510,1351607
2021-12-09,New Mexico,2085109,3188,1636113,2246,1353853
2021-12-10,New Mexico,2085109,4222,1640335,3000,1356853
2021-12-11,New Mexico,2085109,3694,1644029,2362,1359215
2021-12-12,New Mexico,2085109,3794,1647823,2872,1362087
2021-12-13,New Mexico,2085109,2686,1650509,3191,1365278
2021-12-14,New Mexico,2085109,1387,1651896,869,1366147
2021-12-15,New Mexico,2085109,0,1651896,0,1366147
2021-12-16,New Mexico,2085109,2959,1654855,2517,1368664
2021-12-17,New Mexico,2085109,6802,1661657,4245,1372909
2021-12-18,New Mexico,2085109,0,1661657,0,1372909
2021-12-19,New Mexico,2085109,6966,1668623,3327,1376236
2021-12-20,New Mexico,2085109,1849,1670472,1009,1377245
2021-12-21,New Mexico,2085109,1447,1671919,907,1378152
2021-12-22,New Mexico,2085109,2910,1674829,1776,1379928
2021-12-23,New Mexico,2085109,6297,1681126,2741,1382669
2021-12-24,New Mexico,2085109,0,1681126,0,1382669
2021-12-25,New Mexico,2085109,0,1681126,0,1382669
2021-12-26,New Mexico,2085109,0,1681126,0,1382669
2021-12-27,New Mexico,2085109,4823,1685949,2442,1385111
2021-12-28,New Mexico,2085109,546,1686495,306,1385417
2021-12-29,New Mexico,2085109,2438,1688933,1717,1387134
2021-12-30,New Mexico,2085109,3652,1692585,1963,1389097
2021-12-31,New Mexico,2085109,0,1692585,0,1389097
2022-01-01,New Mexico,2085109,0,1692585,0,1389097
2022-01-02,New Mexico,2085109,0,1692585,0,1389097
2022-01-03,New Mexico,2085109,0,1692585,0,1389097
2022-01-04,New Mexico,2085109,4835,1697420,2962,1392059
2022-01-05,New Mexico,2085109,1900,1699320,1587,1393646
2022-01-06,New Mexico,2085109,0,1699320,0,1393646
2022-01-07,New Mexico,2085109,2831,1702151,1625,1395271
2022-01-08,New Mexico,2085109,5956,1708107,3620,1398891
2022-01-09,New Mexico,2085109,562,1708669,365,1399256
2022-01-10,New Mexico,2085109,4645,1713314,2746,1402002
2022-01-11,New Mexico,2085109,1273,1714587,652,1402654
2022-01-12,New Mexico,2085109,1938,1716525,1117,1403771
2022-01-13,New Mexico,2085109,3421,1719946,2065,1405836
2022-01-14,New Mexico,2085109,2997,1722943,1749,1407585
2022-01-15,New Mexico,2085109,0,1722943,0,1407585
2022-01-16,New Mexico,2085109,3017,1725960,1213,1408798
2022-01-17,New Mexico,2085109,0,1725960,0,1408798
2022-01-18,New Mexico,2085109,6400,1732360,2391,1411189
2022-01-19,New Mexico,2085109,14162,1746522,8573,1419762
2022-01-20,New Mexico,2085109,4399,1750921,2317,1422079
2022-01-21,New Mexico,2085109,2405,1753326,1474,1423553
2022-01-22,New Mexico,2085109,2785,1756111,1137,1424690
2022-01-23,New Mexico,2085109,544,1756655,287,1424977
2022-01-24,New Mexico,2085109,4118,1760773,1457,1426434
2022-01-25,New Mexico,2085109,1222,1761995,397,1426831
2022-01-26,New Mexico,2085109,1746,1763741,1029,1427860
2022-01-27,New Mexico,2085109,1776,1765517,1175,1429035
2022-01-28,New Mexico,2085109,2024,1767541,1273,1430308
2022-01-29,New Mexico,2085109,1957,1769498,1097,1431405
2022-01-30,New Mexico,2085109,2174,1771672,1483,1432888
2022-01-31,New Mexico,2085109,0,1771672,0,1432888
2022-02-01,New Mexico,2085109,2007,1773679,1160,1434048
2022-02-02,New Mexico,2085109,1415,1775094,1133,1435181
2022-02-03,New Mexico,2085109,0,1775094,0,1435181
2022-02-04,New Mexico,2085109,2974,1778068,2401,1437582
2022-02-05,New Mexico,2085109,1026,1779094,831,1438413
2022-02-06,New Mexico,2085109,1662,1780756,1417,1439830
2022-02-07,New Mexico,2085109,1067,1781823,912,1440742
2022-02-08,New Mexico,2085109,746,1782569,667,1441409
2022-02-09,New Mexico,2085109,0,1782569,0,1441409
2021-07-01,Nevada,2890845,4366,1533848,4027,1295849
2021-07-02,Nevada,2890845,3591,1537439,2969,1298818
2021-07-03,Nevada,2890845,3817,1541256,2822,1301640
2021-07-04,Nevada,2890845,4798,1546054,3893,1305533
2021-07-05,Nevada,2890845,0,1546054,0,1305533
2021-07-06,Nevada,2890845,6058,1552112,3528,1309061
2021-07-07,Nevada,2890845,1641,1553753,1511,1310572
2021-07-08,Nevada,2890845,4250,1558003,2938,1313510
2021-07-09,Nevada,2890845,3916,1561919,2886,1316396
2021-07-10,Nevada,2890845,3908,1565827,2586,1318982
2021-07-11,Nevada,2890845,3131,1568958,2159,1321141
2021-07-12,Nevada,2890845,3673,1572631,2229,1323370
2021-07-13,Nevada,2890845,2543,1575174,1456,1324826
2021-07-14,Nevada,2890845,2913,1578087,2130,1326956
2021-07-15,Nevada,2890845,3935,1582022,1890,1328846
2021-07-16,Nevada,2890845,4723,1586745,2048,1330894
2021-07-17,Nevada,2890845,4015,1590760,2437,1333331
2021-07-18,Nevada,2890845,4128,1594888,2522,1335853
2021-07-19,Nevada,2890845,3627,1598515,1972,1337825
2021-07-20,Nevada,2890845,0,1598515,0,1337825
2021-07-21,Nevada,2890845,6086,1604601,3973,1341798
2021-07-22,Nevada,2890845,4006,1608607,2255,1344053
2021-07-23,Nevada,2890845,4929,1613536,2522,1346575
2021-07-24,Nevada,2890845,5657,1619193,3225,1349800
2021-07-25,Nevada,2890845,4490,1623683,2532,1352332
2021-07-26,Nevada,2890845,5238,1628921,2614,1354946
2021-07-27,Nevada,2890845,3269,1632190,1770,1356716
2021-07-28,Nevada,2890845,4318,1636508,1918,1358634
2021-07-29,Nevada,2890845,3851,1640359,2300,1360934
2021-07-30,Nevada,2890845,6658,1647017,3783,1364717
2021-07-31,Nevada,2890845,5003,1652020,2845,1367562
2021-08-01,Nevada,2890845,6222,1658242,3738,1371300
2021-08-02,Nevada,2890845,4914,1663156,2564,1373864
2021-08-03,Nevada,2890845,3649,1666805,1914,1375778
2021-08-04,Nevada,2890845,4604,1671409,2244,1378022
2021-08-05,Nevada,2890845,5050,1676459,2809,1380831
2021-08-06,Nevada,2890845,5915,1682374,3412,1384243
2021-08-07,Nevada,2890845,5746,1688120,3225,1387468
2021-08-08,Nevada,2890845,4776,1692896,2657,1390125
2021-08-09,Nevada,2890845,6017,1698913,3629,1393754
2021-08-10,Nevada,2890845,3503,1702416,2214,1395968
2021-08-11,Nevada,2890845,2966,1705382,2313,1398281
2021-08-12,Nevada,2890845,2683,1708065,1954,1400235
2021-08-13,Nevada,2890845,6501,1714566,4876,1405111
2021-08-14,Nevada,2890845,4864,1719430,3788,1408899
2021-08-15,Nevada,2890845,4116,1723546,3020,1411919
2021-08-16,Nevada,2890845,5148,1728694,4607,1416526
2021-08-17,Nevada,2890845,2547,1731241,1720,1418246
2021-08-18,Nevada,2890845,2793,1734034,2930,1421176
2021-08-19,Nevada,2890845,4102,1738136,3671,1424847
2021-08-20,Nevada,2890845,4771,1742907,4095,1428942
2021-08-21,Nevada,2890845,4828,1747735,4132,1433074
2021-08-22,Nevada,2890845,4211,1751946,3811,1436885
2021-08-23,Nevada,2890845,4827,1756773,5076,1441961
2021-08-24,Nevada,2890845,2172,1758945,2333,1444294
2021-08-25,Nevada,2890845,3039,1761984,3463,1447757
2021-08-26,Nevada,2890845,4723,1766707,4729,1452486
2021-08-27,Nevada,2890845,4379,1771086,4391,1456877
2021-08-28,Nevada,2890845,0,1771086,0,1456877
2021-08-29,Nevada,2890845,8620,1779706,8985,1465862
2021-08-30,Nevada,2890845,4119,1783825,4779,1470641
2021-08-31,Nevada,2890845,2245,1786070,2891,1473532
2021-09-01,Nevada,2890845,3473,1789543,3873,1477405
2021-09-02,Nevada,2890845,2910,1792453,2995,1480400
2021-09-03,Nevada,2890845,4317,1796770,4131,1484531
2021-09-04,Nevada,2890845,3894,1800664,3579,1488110
2021-09-05,Nevada,2890845,0,1800664,0,1488110
2021-09-06,Nevada,2890845,0,1800664,0,1488110
2021-09-07,Nevada,2890845,8639,1809303,9429,1497539
2021-09-08,Nevada,2890845,1800,1811103,1638,1499177
2021-09-09,Nevada,2890845,1642,1812745,1911,1501088
2021-09-10,Nevada,2890845,3361,1816106,4216,1505304
2021-09-11,Nevada,2890845,3291,1819397,3362,1508666
2021-09-12,Nevada,2890845,2892,1822289,3159,1511825
2021-09-13,Nevada,2890845,0,1822289,0,1511825
2021-09-14,Nevada,2890845,6366,1828655,6611,1518436
2021-09-15,Nevada,2890845,2908,1831563,2589,1521025
2021-09-16,Nevada,2890845,3339,1834902,3323,1524348
2021-09-17,Nevada,2890845,3831,1838733,4036,1528384
2021-09-18,Nevada,2890845,2844,1841577,3038,1531422
2021-09-19,Nevada,2890845,2591,1844168,3205,1534627
2021-09-20,Nevada,2890845,2972,1847140,3305,1537932
2021-09-21,Nevada,2890845,2742,1849882,2912,1540844
2021-09-22,Nevada,2890845,1849,1851731,2524,1543368
2021-09-23,Nevada,2890845,2896,1854627,3236,1546604
2021-09-24,Nevada,2890845,2564,1857191,2780,1549384
2021-09-25,Nevada,2890845,2271,1859462,2593,1551977
2021-09-26,Nevada,2890845,3226,1862688,3467,1555444
2021-09-27,Nevada,2890845,2120,1864808,2148,1557592
2021-09-28,Nevada,2890845,0,1864808,0,1557592
2021-09-29,Nevada,2890845,4467,1869275,4125,1561717
2021-09-30,Nevada,2890845,2300,1871575,1593,1563310
2021-10-01,Nevada,2890845,2027,1873602,1657,1564967
2021-10-02,Nevada,2890845,1297,1874899,1093,1566060
2021-10-03,Nevada,2890845,5497,1880396,4354,1570414
2021-10-04,Nevada,2890845,3358,1883754,3138,1573552
2021-10-05,Nevada,2890845,2258,1886012,2352,1575904
2021-10-06,Nevada,2890845,1538,1887550,1504,1577408
2021-10-07,Nevada,2890845,2062,1889612,1693,1579101
2021-10-08,Nevada,2890845,3804,1893416,3496,1582597
2021-10-09,Nevada,2890845,2951,1896367,2567,1585164
2021-10-10,Nevada,2890845,0,1896367,0,1585164
2021-10-11,Nevada,2890845,0,1896367,0,1585164
2021-10-12,Nevada,2890845,5574,1901941,4981,1590145
2021-10-13,Nevada,2890845,1762,1903703,1700,1591845
2021-10-14,Nevada,2890845,2500,1906203,2400,1594245
2021-10-15,Nevada,2890845,2376,1908579,2132,1596377
2021-10-16,Nevada,2890845,3104,1911683,2638,1599015
2021-10-17,Nevada,2890845,2445,1914128,2280,1601295
2021-10-18,Nevada,2890845,2126,1916254,1800,1603095
2021-10-19,Nevada,2890845,1752,1918006,1503,1604598
2021-10-20,Nevada,2890845,1845,1919851,1714,1606312
2021-10-21,Nevada,2890845,2339,1922190,2073,1608385
2021-10-22,Nevada,2890845,6702,1928892,4557,1612942
2021-10-23,Nevada,2890845,2139,1931031,2023,1614965
2021-10-24,Nevada,2890845,2666,1933697,2422,1617387
2021-10-25,Nevada,2890845,1793,1935490,1475,1618862
2021-10-26,Nevada,2890845,2447,1937937,1889,1620751
2021-10-27,Nevada,2890845,2131,1940068,1702,1622453
2021-10-28,Nevada,2890845,3847,1943915,2870,1625323
2021-10-29,Nevada,2890845,2988,1946903,2298,1627621
2021-10-30,Nevada,2890845,3028,1949931,2247,1629868
2021-10-31,Nevada,2890845,2993,1952924,2140,1632008
2021-11-01,Nevada,2890845,2772,1955696,1984,1633992
2021-11-02,Nevada,2890845,1689,1957385,1328,1635320
2021-11-03,Nevada,2890845,2207,1959592,1570,1636890
2021-11-04,Nevada,2890845,2551,1962143,1774,1638664
2021-11-05,Nevada,2890845,2023,1964166,1336,1640000
2021-11-06,Nevada,2890845,2291,1966457,1477,1641477
2021-11-07,Nevada,2890845,4027,1970484,2683,1644160
2021-11-08,Nevada,2890845,3505,1973989,2322,1646482
2021-11-09,Nevada,2890845,2595,1976584,919,1647401
2021-11-10,Nevada,2890845,2822,1979406,1354,1648755
2021-11-11,Nevada,2890845,0,1979406,0,1648755
2021-11-12,Nevada,2890845,9251,1988657,4342,1653097
2021-11-13,Nevada,2890845,3671,1992328,1457,1654554
2021-11-14,Nevada,2890845,4651,1996979,1778,1656332
2021-11-15,Nevada,2890845,4491,2001470,1653,1657985
2021-11-16,Nevada,2890845,2595,2004065,1002,1658987
2021-11-17,Nevada,2890845,2409,2006474,1105,1660092
2021-11-18,Nevada,2890845,0,2006474,0,1660092
2021-11-19,Nevada,2890845,4205,2010679,2001,1662093
2021-11-20,Nevada,2890845,2298,2012977,1038,1663131
2021-11-21,Nevada,2890845,2933,2015910,1313,1664444
2021-11-22,Nevada,2890845,9580,2025490,4099,1668543
2021-11-23,Nevada,2890845,0,2025490,0,1668543
2021-11-24,Nevada,2890845,5374,2030864,2103,1670646
2021-11-25,Nevada,2890845,0,2030864,0,1670646
2021-11-26,Nevada,2890845,0,2030864,0,1670646
2021-11-27,Nevada,2890845,0,2030864,0,1670646
2021-11-28,Nevada,2890845,0,2030864,0,1670646
2021-11-29,Nevada,2890845,0,2030864,0,1670646
2021-11-30,Nevada,2890845,15682,2046546,8148,1678794
2021-12-01,Nevada,2890845,2676,2049222,2285,1681079
2021-12-02,Nevada,2890845,3682,2052904,3263,1684342
2021-12-03,Nevada,2890845,2855,2055759,1693,1686035
2021-12-04,Nevada,2890845,3252,2059011,2108,1688143
2021-12-05,Nevada,2890845,3771,2062782,2754,1690897
2021-12-06,Nevada,2890845,3492,2066274,3576,1694473
2021-12-07,Nevada,2890845,2523,2068797,2151,1696624
2021-12-08,Nevada,2890845,2365,2071162,1615,1698239
2021-12-09,Nevada,2890845,3943,2075105,2322,1700561
2021-12-10,Nevada,2890845,4571,2079676,2651,1703212
2021-12-11,Nevada,2890845,4591,2084267,3066,1706278
2021-12-12,Nevada,2890845,3950,2088217,2613,1708891
2021-12-13,Nevada,2890845,3015,2091232,2347,1711238
2021-12-14,Nevada,2890845,1348,2092580,825,1712063
2021-12-15,Nevada,2890845,0,2092580,0,1712063
2021-12-16,Nevada,2890845,3354,2095934,2492,1714555
2021-12-17,Nevada,2890845,6881,2102815,4335,1718890
2021-12-18,Nevada,2890845,0,2102815,0,1718890
2021-12-19,Nevada,2890845,6764,2109579,3268,1722158
2021-12-20,Nevada,2890845,3018,2112597,1907,1724065
2021-12-21,Nevada,2890845,2033,2114630,1240,1725305
2021-12-22,Nevada,2890845,2970,2117600,1530,1726835
2021-12-23,Nevada,2890845,4002,2121602,1976,1728811
2021-12-24,Nevada,2890845,0,2121602,0,1728811
2021-12-25,Nevada,2890845,0,2121602,0,1728811
2021-12-26,Nevada,2890845,0,2121602,0,1728811
2021-12-27,Nevada,2890845,8856,2130458,3953,1732764
2021-12-28,Nevada,2890845,3448,2133906,1811,1734575
2021-12-29,Nevada,2890845,2897,2136803,1710,1736285
2021-12-30,Nevada,2890845,4039,2140842,2302,1738587
2021-12-31,Nevada,2890845,0,2140842,0,1738587
2022-01-01,Nevada,2890845,0,2140842,0,1738587
2022-01-02,Nevada,2890845,0,2140842,0,1738587
2022-01-03,Nevada,2890845,0,2140842,0,1738587
2022-01-04,Nevada,2890845,13247,2154089,6675,1745262
2022-01-05,Nevada,2890845,3142,2157231,2145,1747407
2022-01-06,Nevada,2890845,0,2157231,0,1747407
2022-01-07,Nevada,2890845,4212,2161443,2183,1749590
2022-01-08,Nevada,2890845,7627,2169070,3953,1753543
2022-01-09,Nevada,2890845,3810,2172880,2163,1755706
2022-01-10,Nevada,2890845,3560,2176440,1898,1757604
2022-01-11,Nevada,2890845,2471,2178911,1262,1758866
2022-01-12,Nevada,2890845,2822,2181733,1514,1760380
2022-01-13,Nevada,2890845,3757,2185490,2147,1762527
2022-01-14,Nevada,2890845,3615,2189105,1953,1764480
2022-01-15,Nevada,2890845,0,2189105,0,1764480
2022-01-16,Nevada,2890845,2822,2191927,1608,1766088
2022-01-17,Nevada,2890845,0,2191927,0,1766088
2022-01-18,Nevada,2890845,9058,2200985,3828,1769916
2022-01-19,Nevada,2890845,20525,2221510,12376,1782292
2022-01-20,Nevada,2890845,3236,2224746,2173,1784465
2022-01-21,Nevada,2890845,2503,2227249,1823,1786288
2022-01-22,Nevada,2890845,2227,2229476,1640,1787928
2022-01-23,Nevada,2890845,2277,2231753,1588,1789516
2022-01-24,Nevada,2890845,2553,2234306,1174,1790690
2022-01-25,Nevada,2890845,1586,2235892,862,1791552
2022-01-26,Nevada,2890845,1898,2237790,1586,1793138
2022-01-27,Nevada,2890845,1224,2239014,1826,1794964
2022-01-28,Nevada,2890845,1960,2240974,1769,1796733
2022-01-29,Nevada,2890845,1840,2242814,1588,1798321
2022-01-30,Nevada,2890845,2032,2244846,1780,1800101
2022-01-31,Nevada,2890845,0,2244846,0,1800101
2022-02-01,Nevada,2890845,3066,2247912,2993,1803094
2022-02-02,Nevada,2890845,1475,2249387,1422,1804516
2022-02-03,Nevada,2890845,0,2249387,0,1804516
2022-02-04,Nevada,2890845,3048,2252435,2979,1807495
2022-02-05,Nevada,2890845,1734,2254169,1779,1809274
2022-02-06,Nevada,2890845,1943,2256112,1935,1811209
2022-02-07,Nevada,2890845,1487,2257599,1631,1812840
2022-02-08,Nevada,2890845,1248,2258847,1130,1813970
2022-02-09,Nevada,2890845,0,2258847,0,1813970
2021-07-01,New York,19795791,30222,11699728,33299,10541495
2021-07-02,New York,19795791,10627,11710355,15521,10557016
2021-07-03,New York,19795791,33490,11743845,44647,10601663
2021-07-04,New York,19795791,19142,11762987,23099,10624762
2021-07-05,New York,19795791,0,11762987,0,10624762
2021-07-06,New York,19795791,17962,11780949,21562,10646324
2021-07-07,New York,19795791,16665,11797614,21877,10668201
2021-07-08,New York,19795791,19713,11817327,24742,10692943
2021-07-09,New York,19795791,17477,11834804,21377,10714320
2021-07-10,New York,19795791,20319,11855123,23603,10737923
2021-07-11,New York,19795791,21718,11876841,25817,10763740
2021-07-12,New York,19795791,12349,11889190,12907,10776647
2021-07-13,New York,19795791,12032,11901222,12679,10789326
2021-07-14,New York,19795791,16463,11917685,18740,10808066
2021-07-15,New York,19795791,21829,11939514,22678,10830744
2021-07-16,New York,19795791,19187,11958701,19851,10850595
2021-07-17,New York,19795791,17592,11976293,18159,10868754
2021-07-18,New York,19795791,17438,11993731,17190,10885944
2021-07-19,New York,19795791,16109,12009840,16776,10902720
2021-07-20,New York,19795791,0,12009840,0,10902720
2021-07-21,New York,19795791,33500,12043340,30708,10933428
2021-07-22,New York,19795791,23976,12067316,20618,10954046
2021-07-23,New York,19795791,20646,12087962,18650,10972696
2021-07-24,New York,19795791,27101,12115063,21931,10994627
2021-07-25,New York,19795791,14198,12129261,10345,11004972
2021-07-26,New York,19795791,13513,12142774,10302,11015274
2021-07-27,New York,19795791,25980,12168754,18544,11033818
2021-07-28,New York,19795791,23234,12191988,22388,11056206
2021-07-29,New York,19795791,24367,12216355,17087,11073293
2021-07-30,New York,19795791,25689,12242044,17810,11091103
2021-07-31,New York,19795791,29867,12271911,18755,11109858
2021-08-01,New York,19795791,29451,12301362,20093,11129951
2021-08-02,New York,19795791,16625,12317987,10593,11140544
2021-08-03,New York,19795791,16625,12334612,10059,11150603
2021-08-04,New York,19795791,27319,12361931,15189,11165792
2021-08-05,New York,19795791,32994,12394925,20100,11185892
2021-08-06,New York,19795791,38645,12433570,20917,11206809
2021-08-07,New York,19795791,29291,12462861,15987,11222796
2021-08-08,New York,19795791,37186,12500047,19476,11242272
2021-08-09,New York,19795791,16916,12516963,8485,11250757
2021-08-10,New York,19795791,27490,12544453,14492,11265249
2021-08-11,New York,19795791,31367,12575820,16001,11281250
2021-08-12,New York,19795791,22408,12598228,13341,11294591
2021-08-13,New York,19795791,40651,12638879,25979,11320570
2021-08-14,New York,19795791,30119,12668998,20227,11340797
2021-08-15,New York,19795791,21314,12690312,15099,11355896
2021-08-16,New York,19795791,26040,12716352,18358,11374254
2021-08-17,New York,19795791,17723,12734075,14338,11388592
2021-08-18,New York,19795791,27278,12761353,19379,11407971
2021-08-19,New York,19795791,32047,12793400,22478,11430449
2021-08-20,New York,19795791,32486,12825886,23157,11453606
2021-08-21,New York,19795791,29570,12855456,22331,11475937
2021-08-22,New York,19795791,28670,12884126,22112,11498049
2021-08-23,New York,19795791,16335,12900461,13958,11512007
2021-08-24,New York,19795791,17724,12918185,14984,11526991
2021-08-25,New York,19795791,28719,12946904,23665,11550656
2021-08-26,New York,19795791,29065,12975969,24870,11575526
2021-08-27,New York,19795791,31716,13007685,27045,11602571
2021-08-28,New York,19795791,0,13007685,0,11602571
2021-08-29,New York,19795791,57258,13064943,52777,11655348
2021-08-30,New York,19795791,21829,13086772,21341,11676689
2021-08-31,New York,19795791,20498,13107270,20178,11696867
2021-09-01,New York,19795791,29579,13136849,28361,11725228
2021-09-02,New York,19795791,31131,13167980,29548,11754776
2021-09-03,New York,19795791,36049,13204029,31109,11785885
2021-09-04,New York,19795791,32125,13236154,26397,11812282
2021-09-05,New York,19795791,0,13236154,0,11812282
2021-09-06,New York,19795791,0,13236154,0,11812282
2021-09-07,New York,19795791,63414,13299568,56421,11868703
2021-09-08,New York,19795791,17534,13317102,17735,11886438
2021-09-09,New York,19795791,24862,13341964,24186,11910624
2021-09-10,New York,19795791,32615,13374579,34784,11945408
2021-09-11,New York,19795791,30377,13404956,25561,11970969
2021-09-12,New York,19795791,32447,13437403,29062,12000031
2021-09-13,New York,19795791,0,13437403,0,12000031
2021-09-14,New York,19795791,41388,13478791,32929,12032960
2021-09-15,New York,19795791,25833,13504624,22372,12055332
2021-09-16,New York,19795791,28569,13533193,27098,12082430
2021-09-17,New York,19795791,32943,13566136,28844,12111274
2021-09-18,New York,19795791,30764,13596900,30281,12141555
2021-09-19,New York,19795791,25807,13622707,27777,12169332
2021-09-20,New York,19795791,17993,13640700,19915,12189247
2021-09-21,New York,19795791,14674,13655374,14515,12203762
2021-09-22,New York,19795791,23614,13678988,23976,12227738
2021-09-23,New York,19795791,25669,13704657,26532,12254270
2021-09-24,New York,19795791,24732,13729389,22783,12277053
2021-09-25,New York,19795791,29969,13759358,26072,12303125
2021-09-26,New York,19795791,33600,13792958,27579,12330704
2021-09-27,New York,19795791,19520,13812478,17002,12347706
2021-09-28,New York,19795791,0,13812478,0,12347706
2021-09-29,New York,19795791,41674,13854152,31695,12379401
2021-09-30,New York,19795791,27829,13881981,22626,12402027
2021-10-01,New York,19795791,16808,13898789,15761,12417788
2021-10-02,New York,19795791,17960,13916749,17327,12435115
2021-10-03,New York,19795791,43240,13959989,41384,12476499
2021-10-04,New York,19795791,19219,13979208,20422,12496921
2021-10-05,New York,19795791,14472,13993680,14699,12511620
2021-10-06,New York,19795791,7285,14000965,6545,12518165
2021-10-07,New York,19795791,13200,14014165,12661,12530826
2021-10-08,New York,19795791,12420,14026585,10935,12541761
2021-10-09,New York,19795791,11024,14037609,10128,12551889
2021-10-10,New York,19795791,0,14037609,0,12551889
2021-10-11,New York,19795791,0,14037609,0,12551889
2021-10-12,New York,19795791,19449,14057058,19440,12571329
2021-10-13,New York,19795791,7905,14064963,7201,12578530
2021-10-14,New York,19795791,18753,14083716,21230,12599760
2021-10-15,New York,19795791,81335,14165051,97970,12697730
2021-10-16,New York,19795791,18931,14183982,22405,12720135
2021-10-17,New York,19795791,16684,14200666,21196,12741331
2021-10-18,New York,19795791,5745,14206411,6516,12747847
2021-10-19,New York,19795791,16784,14223195,21616,12769463
2021-10-20,New York,19795791,15235,14238430,18362,12787825
2021-10-21,New York,19795791,17437,14255867,19573,12807398
2021-10-22,New York,19795791,26182,14282049,24590,12831988
2021-10-23,New York,19795791,17274,14299323,18752,12850740
2021-10-24,New York,19795791,13556,14312879,14789,12865529
2021-10-25,New York,19795791,11865,14324744,11132,12876661
2021-10-26,New York,19795791,13776,14338520,12226,12888887
2021-10-27,New York,19795791,23222,14361742,15153,12904040
2021-10-28,New York,19795791,27383,14389125,20067,12924107
2021-10-29,New York,19795791,26534,14415659,18851,12942958
2021-10-30,New York,19795791,26173,14441832,17563,12960521
2021-10-31,New York,19795791,22943,14464775,18132,12978653
2021-11-01,New York,19795791,12632,14477407,9139,12987792
2021-11-02,New York,19795791,12951,14490358,9314,12997106
2021-11-03,New York,19795791,19058,14509416,14000,13011106
2021-11-04,New York,19795791,17824,14527240,14569,13025675
2021-11-05,New York,19795791,17591,14544831,12740,13038415
2021-11-06,New York,19795791,18696,14563527,13351,13051766
2021-11-07,New York,19795791,24368,14587895,16599,13068365
2021-11-08,New York,19795791,18418,14606313,11812,13080177
2021-11-09,New York,19795791,12176,14618489,7790,13087967
2021-11-10,New York,19795791,24376,14642865,13545,13101512
2021-11-11,New York,19795791,0,14642865,0,13101512
2021-11-12,New York,19795791,38312,14681177,20766,13122278
2021-11-13,New York,19795791,45421,14726598,18673,13140951
2021-11-14,New York,19795791,36533,14763131,12214,13153165
2021-11-15,New York,19795791,25041,14788172,7429,13160594
2021-11-16,New York,19795791,26344,14814516,9277,13169871
2021-11-17,New York,19795791,30421,14844937,12825,13182696
2021-11-18,New York,19795791,0,14844937,0,13182696
2021-11-19,New York,19795791,39639,14884576,15730,13198426
2021-11-20,New York,19795791,36913,14921489,15073,13213499
2021-11-21,New York,19795791,36193,14957682,15055,13228554
2021-11-22,New York,19795791,67259,15024941,19857,13248411
2021-11-23,New York,19795791,0,15024941,0,13248411
2021-11-24,New York,19795791,50100,15075041,19705,13268116
2021-11-25,New York,19795791,0,15075041,0,13268116
2021-11-26,New York,19795791,0,15075041,0,13268116
2021-11-27,New York,19795791,0,15075041,0,13268116
2021-11-28,New York,19795791,0,15075041,0,13268116
2021-11-29,New York,19795791,0,15075041,0,13268116
2021-11-30,New York,19795791,145029,15220070,56636,13324752
2021-12-01,New York,19795791,32767,15252837,17087,13341839
2021-12-02,New York,19795791,37659,15290496,19981,13361820
2021-12-03,New York,19795791,46352,15336848,22452,13384272
2021-12-04,New York,19795791,43597,15380445,22679,13406951
2021-12-05,New York,19795791,39016,15419461,27456,13434407
2021-12-06,New York,19795791,23591,15443052,18002,13452409
2021-12-07,New York,19795791,25106,15468158,14435,13466844
2021-12-08,New York,19795791,34579,15502737,21845,13488689
2021-12-09,New York,19795791,38851,15541588,24316,13513005
2021-12-10,New York,19795791,145870,15687458,133634,13646639
2021-12-11,New York,19795791,38554,15726012,25096,13671735
2021-12-12,New York,19795791,33373,15759385,26158,13697893
2021-12-13,New York,19795791,19305,15778690,13081,13710974
2021-12-14,New York,19795791,21405,15800095,13069,13724043
2021-12-15,New York,19795791,0,15800095,0,13724043
2021-12-16,New York,19795791,33320,15833415,19904,13743947
2021-12-17,New York,19795791,68948,15902363,37722,13781669
2021-12-18,New York,19795791,0,15902363,0,13781669
2021-12-19,New York,19795791,85342,15987705,36668,13818337
2021-12-20,New York,19795791,26101,16013806,11334,13829671
2021-12-21,New York,19795791,25353,16039159,11135,13840806
2021-12-22,New York,19795791,39825,16078984,14825,13855631
2021-12-23,New York,19795791,47219,16126203,18589,13874220
2021-12-24,New York,19795791,0,16126203,0,13874220
2021-12-25,New York,19795791,0,16126203,0,13874220
2021-12-26,New York,19795791,0,16126203,0,13874220
2021-12-27,New York,19795791,100731,16226934,40346,13914566
2021-12-28,New York,19795791,30019,16256953,12710,13927276
2021-12-29,New York,19795791,43748,16300701,17247,13944523
2021-12-30,New York,19795791,43254,16343955,17266,13961789
2021-12-31,New York,19795791,0,16343955,0,13961789
2022-01-01,New York,19795791,0,16343955,0,13961789
2022-01-02,New York,19795791,0,16343955,0,13961789
2022-01-03,New York,19795791,0,16343955,0,13961789
2022-01-04,New York,19795791,115236,16459191,52550,14014339
2022-01-05,New York,19795791,30144,16489335,17058,14031397
2022-01-06,New York,19795791,0,16489335,0,14031397
2022-01-07,New York,19795791,32044,16521379,17338,14048735
2022-01-08,New York,19795791,59811,16581190,34940,14083675
2022-01-09,New York,19795791,29154,16610344,20946,14104621
2022-01-10,New York,19795791,15808,16626152,10578,14115199
2022-01-11,New York,19795791,17789,16643941,11691,14126890
2022-01-12,New York,19795791,27128,16671069,17936,14144826
2022-01-13,New York,19795791,27246,16698315,18168,14162994
2022-01-14,New York,19795791,26634,16724949,18346,14181340
2022-01-15,New York,19795791,0,16724949,0,14181340
2022-01-16,New York,19795791,29528,16754477,18764,14200104
2022-01-17,New York,19795791,0,16754477,0,14200104
2022-01-18,New York,19795791,52889,16807366,29476,14229580
2022-01-19,New York,19795791,40886,16848252,28304,14257884
2022-01-20,New York,19795791,22050,16870302,18805,14276689
2022-01-21,New York,19795791,20258,16890560,18267,14294956
2022-01-22,New York,19795791,19431,16909991,16543,14311499
2022-01-23,New York,19795791,18201,16928192,12320,14323819
2022-01-24,New York,19795791,11758,16939950,7186,14331005
2022-01-25,New York,19795791,12613,16952563,10335,14341340
2022-01-26,New York,19795791,19115,16971678,16550,14357890
2022-01-27,New York,19795791,15250,16986928,15909,14373799
2022-01-28,New York,19795791,16278,17003206,15394,14389193
2022-01-29,New York,19795791,16529,17019735,15796,14404989
2022-01-30,New York,19795791,13368,17033103,11527,14416516
2022-01-31,New York,19795791,0,17033103,0,14416516
2022-02-01,New York,19795791,14951,17048054,14216,14430732
2022-02-02,New York,19795791,13879,17061933,15035,14445767
2022-02-03,New York,19795791,0,17061933,0,14445767
2022-02-04,New York,19795791,24277,17086210,27781,14473548
2022-02-05,New York,19795791,11879,17098089,13760,14487308
2022-02-06,New York,19795791,12003,17110092,15504,14502812
2022-02-07,New York,19795791,6989,17117081,7104,14509916
2022-02-08,New York,19795791,7934,17125015,7399,14517315
2022-02-09,New York,19795791,0,17125015,0,14517315
2021-07-01,Ohio,11613423,6917,5642147,11368,5238887
2021-07-02,Ohio,11613423,8667,5650814,12446,5251333
2021-07-03,Ohio,11613423,6114,5656928,10306,5261639
2021-07-04,Ohio,11613423,6558,5663486,10078,5271717
2021-07-05,Ohio,11613423,0,5663486,0,5271717
2021-07-06,Ohio,11613423,4933,5668419,8911,5280628
2021-07-07,Ohio,11613423,2757,5671176,3615,5284243
2021-07-08,Ohio,11613423,6161,5677337,8595,5292838
2021-07-09,Ohio,11613423,6328,5683665,9284,5302122
2021-07-10,Ohio,11613423,5473,5689138,7180,5309302
2021-07-11,Ohio,11613423,6960,5696098,9320,5318622
2021-07-12,Ohio,11613423,3515,5699613,5185,5323807
2021-07-13,Ohio,11613423,2770,5702383,3737,5327544
2021-07-14,Ohio,11613423,5758,5708141,5780,5333324
2021-07-15,Ohio,11613423,247,5708388,213,5333537
2021-07-16,Ohio,11613423,12315,5720703,13933,5347470
2021-07-17,Ohio,11613423,5902,5726605,6175,5353645
2021-07-18,Ohio,11613423,6070,5732675,6392,5360037
2021-07-19,Ohio,11613423,4223,5736898,4430,5364467
2021-07-20,Ohio,11613423,0,5736898,0,5364467
2021-07-21,Ohio,11613423,8750,5745648,8366,5372833
2021-07-22,Ohio,11613423,7519,5753167,6009,5378842
2021-07-23,Ohio,11613423,9287,5762454,7519,5386361
2021-07-24,Ohio,11613423,8182,5770636,6140,5392501
2021-07-25,Ohio,11613423,8673,5779309,5725,5398226
2021-07-26,Ohio,11613423,6874,5786183,4481,5402707
2021-07-27,Ohio,11613423,3890,5790073,2260,5404967
2021-07-28,Ohio,11613423,9087,5799160,4101,5409068
2021-07-29,Ohio,11613423,397,5799557,225,5409293
2021-07-30,Ohio,11613423,18521,5818078,21547,5430840
2021-07-31,Ohio,11613423,10359,5828437,6378,5437218
2021-08-01,Ohio,11613423,10170,5838607,7857,5445075
2021-08-02,Ohio,11613423,7811,5846418,4582,5449657
2021-08-03,Ohio,11613423,5745,5852163,3302,5452959
2021-08-04,Ohio,11613423,10358,5862521,5167,5458126
2021-08-05,Ohio,11613423,11536,5874057,5997,5464123
2021-08-06,Ohio,11613423,12695,5886752,6453,5470576
2021-08-07,Ohio,11613423,11962,5898714,6550,5477126
2021-08-08,Ohio,11613423,13010,5911724,6744,5483870
2021-08-09,Ohio,11613423,7640,5919364,4516,5488386
2021-08-10,Ohio,11613423,6686,5926050,3866,5492252
2021-08-11,Ohio,11613423,11342,5937392,5764,5498016
2021-08-12,Ohio,11613423,9967,5947359,5946,5503962
2021-08-13,Ohio,11613423,9612,5956971,6287,5510249
2021-08-14,Ohio,11613423,16659,5973630,10550,5520799
2021-08-15,Ohio,11613423,10673,5984303,8158,5528957
2021-08-16,Ohio,11613423,9151,5993454,7183,5536140
2021-08-17,Ohio,11613423,4783,5998237,3434,5539574
2021-08-18,Ohio,11613423,11343,6009580,7721,5547295
2021-08-19,Ohio,11613423,11564,6021144,8925,5556220
2021-08-20,Ohio,11613423,11058,6032202,8613,5564833
2021-08-21,Ohio,11613423,10516,6042718,8484,5573317
2021-08-22,Ohio,11613423,11602,6054320,9918,5583235
2021-08-23,Ohio,11613423,6957,6061277,7428,5590663
2021-08-24,Ohio,11613423,4495,6065772,5170,5595833
2021-08-25,Ohio,11613423,9823,6075595,7023,5602856
2021-08-26,Ohio,11613423,11580,6087175,10224,5613080
2021-08-27,Ohio,11613423,10616,6097791,9463,5622543
2021-08-28,Ohio,11613423,0,6097791,0,5622543
2021-08-29,Ohio,11613423,23383,6121174,20668,5643211
2021-08-30,Ohio,11613423,7872,6129046,9122,5652333
2021-08-31,Ohio,11613423,4351,6133397,5555,5657888
2021-09-01,Ohio,11613423,11475,6144872,9542,5667430
2021-09-02,Ohio,11613423,487,6145359,354,5667784
2021-09-03,Ohio,11613423,12224,6157583,11488,5679272
2021-09-04,Ohio,11613423,9604,6167187,8114,5687386
2021-09-05,Ohio,11613423,0,6167187,0,5687386
2021-09-06,Ohio,11613423,0,6167187,0,5687386
2021-09-07,Ohio,11613423,22295,6189482,23533,5710919
2021-09-08,Ohio,11613423,5132,6194614,4609,5715528
2021-09-09,Ohio,11613423,8377,6202991,7433,5722961
2021-09-10,Ohio,11613423,9050,6212041,10665,5733626
2021-09-11,Ohio,11613423,10434,6222475,9244,5742870
2021-09-12,Ohio,11613423,12200,6234675,10639,5753509
2021-09-13,Ohio,11613423,0,6234675,0,5753509
2021-09-14,Ohio,11613423,10740,6245415,11821,5765330
2021-09-15,Ohio,11613423,9074,6254489,7286,5772616
2021-09-16,Ohio,11613423,-14245,6240244,-5075,5767541
2021-09-17,Ohio,11613423,9136,6249380,8967,5776508
2021-09-18,Ohio,11613423,11613,6260993,12463,5788971
2021-09-19,Ohio,11613423,8996,6269989,9556,5798527
2021-09-20,Ohio,11613423,6700,6276689,9401,5807928
2021-09-21,Ohio,11613423,3483,6280172,5371,5813299
2021-09-22,Ohio,11613423,405,6280577,308,5813607
2021-09-23,Ohio,11613423,9128,6289705,4879,5818486
2021-09-24,Ohio,11613423,9413,6299118,8841,5827327
2021-09-25,Ohio,11613423,9055,6308173,9857,5837184
2021-09-26,Ohio,11613423,9242,6317415,10570,5847754
2021-09-27,Ohio,11613423,4207,6321622,6066,5853820
2021-09-28,Ohio,11613423,0,6321622,0,5853820
2021-09-29,Ohio,11613423,11109,6332731,11303,5865123
2021-09-30,Ohio,11613423,7327,6340058,5429,5870552
2021-10-01,Ohio,11613423,6957,6347015,6389,5876941
2021-10-02,Ohio,11613423,4735,6351750,4778,5881719
2021-10-03,Ohio,11613423,7404,6359154,8920,5890639
2021-10-04,Ohio,11613423,9254,6368408,14055,5904694
2021-10-05,Ohio,11613423,3641,6372049,4876,5909570
2021-10-06,Ohio,11613423,6289,6378338,6074,5915644
2021-10-07,Ohio,11613423,6682,6385020,7443,5923087
2021-10-08,Ohio,11613423,14167,6399187,13964,5937051
2021-10-09,Ohio,11613423,6901,6406088,7643,5944694
2021-10-10,Ohio,11613423,0,6406088,0,5944694
2021-10-11,Ohio,11613423,0,6406088,0,5944694
2021-10-12,Ohio,11613423,7123,6413211,8970,5953664
2021-10-13,Ohio,11613423,5906,6419117,3808,5957472
2021-10-14,Ohio,11613423,8306,6427423,7470,5964942
2021-10-15,Ohio,11613423,7347,6434770,7305,5972247
2021-10-16,Ohio,11613423,10092,6444862,10601,5982848
2021-10-17,Ohio,11613423,4769,6449631,4940,5987788
2021-10-18,Ohio,11613423,4282,6453913,5383,5993171
2021-10-19,Ohio,11613423,2220,6456133,3272,5996443
2021-10-20,Ohio,11613423,6944,6463077,6027,6002470
2021-10-21,Ohio,11613423,5798,6468875,5982,6008452
2021-10-22,Ohio,11613423,9798,6478673,8983,6017435
2021-10-23,Ohio,11613423,5381,6484054,5868,6023303
2021-10-24,Ohio,11613423,6157,6490211,6294,6029597
2021-10-25,Ohio,11613423,3316,6493527,3778,6033375
2021-10-26,Ohio,11613423,1532,6495059,1446,6034821
2021-10-27,Ohio,11613423,6019,6501078,5385,6040206
2021-10-28,Ohio,11613423,6900,6507978,6001,6046207
2021-10-29,Ohio,11613423,5194,6513172,5855,6052062
2021-10-30,Ohio,11613423,7952,6521124,6341,6058403
2021-10-31,Ohio,11613423,8717,6529841,5589,6063992
2021-11-01,Ohio,11613423,4275,6534116,4011,6068003
2021-11-02,Ohio,11613423,2269,6536385,2427,6070430
2021-11-03,Ohio,11613423,5968,6542353,4651,6075081
2021-11-04,Ohio,11613423,5844,6548197,4882,6079963
2021-11-05,Ohio,11613423,6449,6554646,5684,6085647
2021-11-06,Ohio,11613423,6662,6561308,4402,6090049
2021-11-07,Ohio,11613423,9384,6570692,6398,6096447
2021-11-08,Ohio,11613423,8887,6579579,6570,6103017
2021-11-09,Ohio,11613423,-38,6579541,-180,6102837
2021-11-10,Ohio,11613423,15344,6594885,6946,6109783
2021-11-11,Ohio,11613423,0,6594885,0,6109783
2021-11-12,Ohio,11613423,31843,6626728,12119,6121902
2021-11-13,Ohio,11613423,10774,6637502,4107,6126009
2021-11-14,Ohio,11613423,915,6638417,1112,6127121
2021-11-15,Ohio,11613423,30298,6668715,10185,6137306
2021-11-16,Ohio,11613423,9125,6677840,2385,6139691
2021-11-17,Ohio,11613423,11871,6689711,3894,6143585
2021-11-18,Ohio,11613423,0,6689711,0,6143585
2021-11-19,Ohio,11613423,13320,6703031,5169,6148754
2021-11-20,Ohio,11613423,16721,6719752,6472,6155226
2021-11-21,Ohio,11613423,13373,6733125,4918,6160144
2021-11-22,Ohio,11613423,29505,6762630,9941,6170085
2021-11-23,Ohio,11613423,0,6762630,0,6170085
2021-11-24,Ohio,11613423,16885,6779515,5650,6175735
2021-11-25,Ohio,11613423,0,6779515,0,6175735
2021-11-26,Ohio,11613423,0,6779515,0,6175735
2021-11-27,Ohio,11613423,0,6779515,0,6175735
2021-11-28,Ohio,11613423,0,6779515,0,6175735
2021-11-29,Ohio,11613423,0,6779515,0,6175735
2021-11-30,Ohio,11613423,44741,6824256,24485,6200220
2021-12-01,Ohio,11613423,8418,6832674,9304,6209524
2021-12-02,Ohio,11613423,17860,6850534,15241,6224765
2021-12-03,Ohio,11613423,10547,6861081,11909,6236674
2021-12-04,Ohio,11613423,13146,6874227,12552,6249226
2021-12-05,Ohio,11613423,10687,6884914,11800,6261026
2021-12-06,Ohio,11613423,5731,6890645,13708,6274734
2021-12-07,Ohio,11613423,3845,6894490,7574,6282308
2021-12-08,Ohio,11613423,14777,6909267,16019,6298327
2021-12-09,Ohio,11613423,8654,6917921,10924,6309251
2021-12-10,Ohio,11613423,12096,6930017,13186,6322437
2021-12-11,Ohio,11613423,9796,6939813,12019,6334456
2021-12-12,Ohio,11613423,8798,6948611,10701,6345157
2021-12-13,Ohio,11613423,5153,6953764,12277,6357434
2021-12-14,Ohio,11613423,3791,6957555,4329,6361763
2021-12-15,Ohio,11613423,0,6957555,0,6361763
2021-12-16,Ohio,11613423,8882,6966437,10198,6371961
2021-12-17,Ohio,11613423,16538,6982975,17362,6389323
2021-12-18,Ohio,11613423,0,6982975,0,6389323
2021-12-19,Ohio,11613423,19127,7002102,15455,6404778
2021-12-20,Ohio,11613423,6752,7008854,6867,6411645
2021-12-21,Ohio,11613423,3475,7012329,3439,6415084
2021-12-22,Ohio,11613423,8714,7021043,6259,6421343
2021-12-23,Ohio,11613423,3754,7024797,4100,6425443
2021-12-24,Ohio,11613423,0,7024797,0,6425443
2021-12-25,Ohio,11613423,0,7024797,0,6425443
2021-12-26,Ohio,11613423,0,7024797,0,6425443
2021-12-27,Ohio,11613423,2421,7027218,404,6425847
2021-12-28,Ohio,11613423,20203,7047421,18448,6444295
2021-12-29,Ohio,11613423,7736,7055157,6019,6450314
2021-12-30,Ohio,11613423,10600,7065757,7582,6457896
2021-12-31,Ohio,11613423,0,7065757,0,6457896
2022-01-01,Ohio,11613423,0,7065757,0,6457896
2022-01-02,Ohio,11613423,0,7065757,0,6457896
2022-01-03,Ohio,11613423,0,7065757,0,6457896
2022-01-04,Ohio,11613423,30904,7096661,22423,6480319
2022-01-05,Ohio,11613423,8063,7104724,6380,6486699
2022-01-06,Ohio,11613423,0,7104724,0,6486699
2022-01-07,Ohio,11613423,9720,7114444,7640,6494339
2022-01-08,Ohio,11613423,19720,7134164,14583,6508922
2022-01-09,Ohio,11613423,9484,7143648,7027,6515949
2022-01-10,Ohio,11613423,5517,7149165,4851,6520800
2022-01-11,Ohio,11613423,4000,7153165,2687,6523487
2022-01-12,Ohio,11613423,8098,7161263,5895,6529382
2022-01-13,Ohio,11613423,8799,7170062,6209,6535591
2022-01-14,Ohio,11613423,8775,7178837,6995,6542586
2022-01-15,Ohio,11613423,0,7178837,0,6542586
2022-01-16,Ohio,11613423,8493,7187330,5654,6548240
2022-01-17,Ohio,11613423,0,7187330,0,6548240
2022-01-18,Ohio,11613423,16444,7203774,10039,6558279
2022-01-19,Ohio,11613423,27659,7231433,18967,6577246
2022-01-20,Ohio,11613423,6396,7237829,5439,6582685
2022-01-21,Ohio,11613423,6956,7244785,7019,6589704
2022-01-22,Ohio,11613423,5729,7250514,5835,6595539
2022-01-23,Ohio,11613423,5822,7256336,5591,6601130
2022-01-24,Ohio,11613423,3355,7259691,2676,6603806
2022-01-25,Ohio,11613423,2184,7261875,1919,6605725
2022-01-26,Ohio,11613423,4288,7266163,4507,6610232
2022-01-27,Ohio,11613423,5611,7271774,8510,6618742
2022-01-28,Ohio,11613423,4713,7276487,6531,6625273
2022-01-29,Ohio,11613423,4154,7280641,5404,6630677
2022-01-30,Ohio,11613423,4189,7284830,5907,6636584
2022-01-31,Ohio,11613423,0,7284830,0,6636584
2022-02-01,Ohio,11613423,4051,7288881,6773,6643357
2022-02-02,Ohio,11613423,3258,7292139,4522,6647879
2022-02-03,Ohio,11613423,0,7292139,0,6647879
2022-02-04,Ohio,11613423,7179,7299318,11276,6659155
2022-02-05,Ohio,11613423,1727,7301045,2650,6661805
2022-02-06,Ohio,11613423,1496,7302541,2752,6664557
2022-02-07,Ohio,11613423,1336,7303877,3358,6667915
2022-02-08,Ohio,11613423,1020,7304897,2426,6670341
2022-02-09,Ohio,11613423,0,7304897,0,6670341
2021-07-01,Oklahoma,3911338,3703,1777242,3474,1522466
2021-07-02,Oklahoma,3911338,3226,1780468,3878,1526344
2021-07-03,Oklahoma,3911338,2957,1783425,2837,1529181
2021-07-04,Oklahoma,3911338,2779,1786204,2674,1531855
2021-07-05,Oklahoma,3911338,0,1786204,0,1531855
2021-07-06,Oklahoma,3911338,2518,1788722,2278,1534133
2021-07-07,Oklahoma,3911338,1036,1789758,1016,1535149
2021-07-08,Oklahoma,3911338,2790,1792548,2999,1538148
2021-07-09,Oklahoma,3911338,3512,1796060,2803,1540951
2021-07-10,Oklahoma,3911338,4003,1800063,3434,1544385
2021-07-11,Oklahoma,3911338,3769,1803832,2923,1547308
2021-07-12,Oklahoma,3911338,2402,1806234,1620,1548928
2021-07-13,Oklahoma,3911338,1671,1807905,1076,1550004
2021-07-14,Oklahoma,3911338,3201,1811106,2597,1552601
2021-07-15,Oklahoma,3911338,3745,1814851,2448,1555049
2021-07-16,Oklahoma,3911338,3759,1818610,2591,1557640
2021-07-17,Oklahoma,3911338,4475,1823085,3273,1560913
2021-07-18,Oklahoma,3911338,4657,1827742,2743,1563656
2021-07-19,Oklahoma,3911338,2972,1830714,1653,1565309
2021-07-20,Oklahoma,3911338,0,1830714,0,1565309
2021-07-21,Oklahoma,3911338,6264,1836978,3135,1568444
2021-07-22,Oklahoma,3911338,5646,1842624,2954,1571398
2021-07-23,Oklahoma,3911338,5552,1848176,2845,1574243
2021-07-24,Oklahoma,3911338,6361,1854537,2735,1576978
2021-07-25,Oklahoma,3911338,1549,1856086,502,1577480
2021-07-26,Oklahoma,3911338,919,1857005,254,1577734
2021-07-27,Oklahoma,3911338,12505,1869510,4745,1582479
2021-07-28,Oklahoma,3911338,5728,1875238,1936,1584415
2021-07-29,Oklahoma,3911338,7551,1882789,2965,1587380
2021-07-30,Oklahoma,3911338,7305,1890094,3037,1590417
2021-07-31,Oklahoma,3911338,7138,1897232,2777,1593194
2021-08-01,Oklahoma,3911338,1813,1899045,614,1593808
2021-08-02,Oklahoma,3911338,1063,1900108,559,1594367
2021-08-03,Oklahoma,3911338,15012,1915120,5810,1600177
2021-08-04,Oklahoma,3911338,6940,1922060,2694,1602871
2021-08-05,Oklahoma,3911338,7767,1929827,3170,1606041
2021-08-06,Oklahoma,3911338,7848,1937675,3123,1609164
2021-08-07,Oklahoma,3911338,9625,1947300,3932,1613096
2021-08-08,Oklahoma,3911338,1968,1949268,1074,1614170
2021-08-09,Oklahoma,3911338,783,1950051,311,1614481
2021-08-10,Oklahoma,3911338,16448,1966499,7135,1621616
2021-08-11,Oklahoma,3911338,6509,1973008,3350,1624966
2021-08-12,Oklahoma,3911338,6230,1979238,3287,1628253
2021-08-13,Oklahoma,3911338,8891,1988129,4927,1633180
2021-08-14,Oklahoma,3911338,8735,1996864,5298,1638478
2021-08-15,Oklahoma,3911338,8096,2004960,5199,1643677
2021-08-16,Oklahoma,3911338,5237,2010197,3673,1647350
2021-08-17,Oklahoma,3911338,3695,2013892,2757,1650107
2021-08-18,Oklahoma,3911338,6010,2019902,4422,1654529
2021-08-19,Oklahoma,3911338,7010,2026912,5134,1659663
2021-08-20,Oklahoma,3911338,7666,2034578,5328,1664991
2021-08-21,Oklahoma,3911338,7286,2041864,5477,1670468
2021-08-22,Oklahoma,3911338,7588,2049452,6334,1676802
2021-08-23,Oklahoma,3911338,4840,2054292,4653,1681455
2021-08-24,Oklahoma,3911338,3314,2057606,3192,1684647
2021-08-25,Oklahoma,3911338,6004,2063610,5324,1689971
2021-08-26,Oklahoma,3911338,16218,2079828,15330,1705301
2021-08-27,Oklahoma,3911338,7015,2086843,6071,1711372
2021-08-28,Oklahoma,3911338,0,2086843,0,1711372
2021-08-29,Oklahoma,3911338,14936,2101779,13922,1725294
2021-08-30,Oklahoma,3911338,4558,2106337,5285,1730579
2021-08-31,Oklahoma,3911338,3079,2109416,3788,1734367
2021-09-01,Oklahoma,3911338,7406,2116822,6764,1741131
2021-09-02,Oklahoma,3911338,6381,2123203,6578,1747709
2021-09-03,Oklahoma,3911338,6396,2129599,6090,1753799
2021-09-04,Oklahoma,3911338,7192,2136791,7228,1761027
2021-09-05,Oklahoma,3911338,0,2136791,0,1761027
2021-09-06,Oklahoma,3911338,0,2136791,0,1761027
2021-09-07,Oklahoma,3911338,7627,2144418,7553,1768580
2021-09-08,Oklahoma,3911338,7659,2152077,8281,1776861
2021-09-09,Oklahoma,3911338,4436,2156513,4778,1781639
2021-09-10,Oklahoma,3911338,5293,2161806,6734,1788373
2021-09-11,Oklahoma,3911338,5300,2167106,6075,1794448
2021-09-12,Oklahoma,3911338,6592,2173698,6886,1801334
2021-09-13,Oklahoma,3911338,0,2173698,0,1801334
2021-09-14,Oklahoma,3911338,6206,2179904,7296,1808630
2021-09-15,Oklahoma,3911338,4731,2184635,5795,1814425
2021-09-16,Oklahoma,3911338,4804,2189439,5803,1820228
2021-09-17,Oklahoma,3911338,4819,2194258,6076,1826304
2021-09-18,Oklahoma,3911338,4421,2198679,5793,1832097
2021-09-19,Oklahoma,3911338,4924,2203603,6628,1838725
2021-09-20,Oklahoma,3911338,2780,2206383,3986,1842711
2021-09-21,Oklahoma,3911338,1748,2208131,2592,1845303
2021-09-22,Oklahoma,3911338,3236,2211367,4578,1849881
2021-09-23,Oklahoma,3911338,4013,2215380,5677,1855558
2021-09-24,Oklahoma,3911338,2983,2218363,4114,1859672
2021-09-25,Oklahoma,3911338,4380,2222743,5450,1865122
2021-09-26,Oklahoma,3911338,3602,2226345,5380,1870502
2021-09-27,Oklahoma,3911338,3142,2229487,3580,1874082
2021-09-28,Oklahoma,3911338,0,2229487,0,1874082
2021-09-29,Oklahoma,3911338,6156,2235643,5840,1879922
2021-09-30,Oklahoma,3911338,3613,2239256,3492,1883414
2021-10-01,Oklahoma,3911338,3721,2242977,3731,1887145
2021-10-02,Oklahoma,3911338,2569,2245546,2822,1889967
2021-10-03,Oklahoma,3911338,5095,2250641,5666,1895633
2021-10-04,Oklahoma,3911338,3363,2254004,4286,1899919
2021-10-05,Oklahoma,3911338,1803,2255807,1861,1901780
2021-10-06,Oklahoma,3911338,3188,2258995,3201,1904981
2021-10-07,Oklahoma,3911338,3211,2262206,2800,1907781
2021-10-08,Oklahoma,3911338,4323,2266529,4202,1911983
2021-10-09,Oklahoma,3911338,3907,2270436,3376,1915359
2021-10-10,Oklahoma,3911338,0,2270436,0,1915359
2021-10-11,Oklahoma,3911338,0,2270436,0,1915359
2021-10-12,Oklahoma,3911338,7263,2277699,7005,1922364
2021-10-13,Oklahoma,3911338,2594,2280293,2262,1924626
2021-10-14,Oklahoma,3911338,4709,2285002,5350,1929976
2021-10-15,Oklahoma,3911338,3375,2288377,3237,1933213
2021-10-16,Oklahoma,3911338,3098,2291475,2787,1936000
2021-10-17,Oklahoma,3911338,5142,2296617,4629,1940629
2021-10-18,Oklahoma,3911338,1844,2298461,1644,1942273
2021-10-19,Oklahoma,3911338,1763,2300224,1248,1943521
2021-10-20,Oklahoma,3911338,2919,2303143,2398,1945919
2021-10-21,Oklahoma,3911338,3118,2306261,2664,1948583
2021-10-22,Oklahoma,3911338,14222,2320483,10430,1959013
2021-10-23,Oklahoma,3911338,3145,2323628,2758,1961771
2021-10-24,Oklahoma,3911338,2920,2326548,2587,1964358
2021-10-25,Oklahoma,3911338,2901,2329449,1327,1965685
2021-10-26,Oklahoma,3911338,2803,2332252,1014,1966699
2021-10-27,Oklahoma,3911338,4915,2337167,2421,1969120
2021-10-28,Oklahoma,3911338,4898,2342065,3086,1972206
2021-10-29,Oklahoma,3911338,4412,2346477,2641,1974847
2021-10-30,Oklahoma,3911338,4539,2351016,2655,1977502
2021-10-31,Oklahoma,3911338,4183,2355199,4143,1981645
2021-11-01,Oklahoma,3911338,2357,2357556,1459,1983104
2021-11-02,Oklahoma,3911338,2383,2359939,1077,1984181
2021-11-03,Oklahoma,3911338,3862,2363801,3099,1987280
2021-11-04,Oklahoma,3911338,4250,2368051,2761,1990041
2021-11-05,Oklahoma,3911338,3878,2371929,2462,1992503
2021-11-06,Oklahoma,3911338,4373,2376302,2371,1994874
2021-11-07,Oklahoma,3911338,3896,2380198,3014,1997888
2021-11-08,Oklahoma,3911338,4106,2384304,2354,2000242
2021-11-09,Oklahoma,3911338,3499,2387803,1016,2001258
2021-11-10,Oklahoma,3911338,4742,2392545,2135,2003393
2021-11-11,Oklahoma,3911338,0,2392545,0,2003393
2021-11-12,Oklahoma,3911338,12582,2405127,5543,2008936
2021-11-13,Oklahoma,3911338,5541,2410668,1770,2010706
2021-11-14,Oklahoma,3911338,5612,2416280,2146,2012852
2021-11-15,Oklahoma,3911338,4810,2421090,1296,2014148
2021-11-16,Oklahoma,3911338,2671,2423761,756,2014904
2021-11-17,Oklahoma,3911338,6074,2429835,2154,2017058
2021-11-18,Oklahoma,3911338,0,2429835,0,2017058
2021-11-19,Oklahoma,3911338,5514,2435349,2273,2019331
2021-11-20,Oklahoma,3911338,5453,2440802,2094,2021425
2021-11-21,Oklahoma,3911338,6211,2447013,2606,2024031
2021-11-22,Oklahoma,3911338,9465,2456478,3406,2027437
2021-11-23,Oklahoma,3911338,0,2456478,0,2027437
2021-11-24,Oklahoma,3911338,9865,2466343,2887,2030324
2021-11-25,Oklahoma,3911338,0,2466343,0,2030324
2021-11-26,Oklahoma,3911338,0,2466343,0,2030324
2021-11-27,Oklahoma,3911338,0,2466343,0,2030324
2021-11-28,Oklahoma,3911338,0,2466343,0,2030324
2021-11-29,Oklahoma,3911338,0,2466343,0,2030324
2021-11-30,Oklahoma,3911338,19645,2485988,8770,2039094
2021-12-01,Oklahoma,3911338,4064,2490052,3393,2042487
2021-12-02,Oklahoma,3911338,5942,2495994,4005,2046492
2021-12-03,Oklahoma,3911338,5334,2501328,2975,2049467
2021-12-04,Oklahoma,3911338,11080,2512408,7765,2057232
2021-12-05,Oklahoma,3911338,1703,2514111,639,2057871
2021-12-06,Oklahoma,3911338,3356,2517467,3082,2060953
2021-12-07,Oklahoma,3911338,2852,2520319,1914,2062867
2021-12-08,Oklahoma,3911338,5187,2525506,3049,2065916
2021-12-09,Oklahoma,3911338,5180,2530686,3178,2069094
2021-12-10,Oklahoma,3911338,5136,2535822,3210,2072304
2021-12-11,Oklahoma,3911338,5076,2540898,3324,2075628
2021-12-12,Oklahoma,3911338,4471,2545369,3084,2078712
2021-12-13,Oklahoma,3911338,2569,2547938,1898,2080610
2021-12-14,Oklahoma,3911338,2286,2550224,1054,2081664
2021-12-15,Oklahoma,3911338,0,2550224,0,2081664
2021-12-16,Oklahoma,3911338,4873,2555097,4023,2085687
2021-12-17,Oklahoma,3911338,8851,2563948,6093,2091780
2021-12-18,Oklahoma,3911338,0,2563948,0,2091780
2021-12-19,Oklahoma,3911338,9237,2573185,5066,2096846
2021-12-20,Oklahoma,3911338,2978,2576163,1562,2098408
2021-12-21,Oklahoma,3911338,2999,2579162,882,2099290
2021-12-22,Oklahoma,3911338,5207,2584369,2430,2101720
2021-12-23,Oklahoma,3911338,5366,2589735,2885,2104605
2021-12-24,Oklahoma,3911338,0,2589735,0,2104605
2021-12-25,Oklahoma,3911338,0,2589735,0,2104605
2021-12-26,Oklahoma,3911338,0,2589735,0,2104605
2021-12-27,Oklahoma,3911338,10431,2600166,5760,2110365
2021-12-28,Oklahoma,3911338,2182,2602348,691,2111056
2021-12-29,Oklahoma,3911338,4612,2606960,2610,2113666
2021-12-30,Oklahoma,3911338,5260,2612220,2716,2116382
2021-12-31,Oklahoma,3911338,0,2612220,0,2116382
2022-01-01,Oklahoma,3911338,0,2612220,0,2116382
2022-01-02,Oklahoma,3911338,0,2612220,0,2116382
2022-01-03,Oklahoma,3911338,0,2612220,0,2116382
2022-01-04,Oklahoma,3911338,15217,2627437,7671,2124053
2022-01-05,Oklahoma,3911338,4251,2631688,2191,2126244
2022-01-06,Oklahoma,3911338,0,2631688,0,2126244
2022-01-07,Oklahoma,3911338,4472,2636160,2154,2128398
2022-01-08,Oklahoma,3911338,9408,2645568,4139,2132537
2022-01-09,Oklahoma,3911338,4997,2650565,2460,2134997
2022-01-10,Oklahoma,3911338,2867,2653432,1136,2136133
2022-01-11,Oklahoma,3911338,2435,2655867,873,2137006
2022-01-12,Oklahoma,3911338,4651,2660518,2005,2139011
2022-01-13,Oklahoma,3911338,4765,2665283,2217,2141228
2022-01-14,Oklahoma,3911338,4624,2669907,1965,2143193
2022-01-15,Oklahoma,3911338,0,2669907,0,2143193
2022-01-16,Oklahoma,3911338,5027,2674934,1879,2145072
2022-01-17,Oklahoma,3911338,0,2674934,0,2145072
2022-01-18,Oklahoma,3911338,8901,2683835,3311,2148383
2022-01-19,Oklahoma,3911338,24410,2708245,13442,2161825
2022-01-20,Oklahoma,3911338,3338,2711583,1968,2163793
2022-01-21,Oklahoma,3911338,3244,2714827,2037,2165830
2022-01-22,Oklahoma,3911338,3336,2718163,1847,2167677
2022-01-23,Oklahoma,3911338,3145,2721308,1681,2169358
2022-01-24,Oklahoma,3911338,1875,2723183,958,2170316
2022-01-25,Oklahoma,3911338,1359,2724542,686,2171002
2022-01-26,Oklahoma,3911338,3483,2728025,3212,2174214
2022-01-27,Oklahoma,3911338,2270,2730295,1864,2176078
2022-01-28,Oklahoma,3911338,2256,2732551,1812,2177890
2022-01-29,Oklahoma,3911338,2464,2735015,1872,2179762
2022-01-30,Oklahoma,3911338,2473,2737488,2072,2181834
2022-01-31,Oklahoma,3911338,0,2737488,0,2181834
2022-02-01,Oklahoma,3911338,2286,2739774,1970,2183804
2022-02-02,Oklahoma,3911338,1844,2741618,1641,2185445
2022-02-03,Oklahoma,3911338,0,2741618,0,2185445
2022-02-04,Oklahoma,3911338,2855,2744473,3057,2188502
2022-02-05,Oklahoma,3911338,707,2745180,664,2189166
2022-02-06,Oklahoma,3911338,937,2746117,930,2190096
2022-02-07,Oklahoma,3911338,709,2746826,992,2191088
2022-02-08,Oklahoma,3911338,637,2747463,893,2191981
2022-02-09,Oklahoma,3911338,0,2747463,0,2191981
2021-07-01,Oregon,4028977,13819,2481285,44583,2268409
2021-07-02,Oregon,4028977,3546,2484831,5510,2273919
2021-07-03,Oregon,4028977,3451,2488282,5022,2278941
2021-07-04,Oregon,4028977,4577,2492859,7497,2286438
2021-07-05,Oregon,4028977,0,2492859,0,2286438
2021-07-06,Oregon,4028977,2924,2495783,3477,2289915
2021-07-07,Oregon,4028977,882,2496665,1081,2290996
2021-07-08,Oregon,4028977,3505,2500170,5417,2296413
2021-07-09,Oregon,4028977,141,2500311,157,2296570
2021-07-10,Oregon,4028977,2873,2503184,4352,2300922
2021-07-11,Oregon,4028977,3019,2506203,4561,2305483
2021-07-12,Oregon,4028977,2284,2508487,3289,2308772
2021-07-13,Oregon,4028977,1273,2509760,1890,2310662
2021-07-14,Oregon,4028977,2058,2511818,3022,2313684
2021-07-15,Oregon,4028977,2564,2514382,3820,2317504
2021-07-16,Oregon,4028977,2720,2517102,3668,2321172
2021-07-17,Oregon,4028977,2460,2519562,3176,2324348
2021-07-18,Oregon,4028977,2483,2522045,3420,2327768
2021-07-19,Oregon,4028977,2473,2524518,2912,2330680
2021-07-20,Oregon,4028977,0,2524518,0,2330680
2021-07-21,Oregon,4028977,3577,2528095,3843,2334523
2021-07-22,Oregon,4028977,163,2528258,137,2334660
2021-07-23,Oregon,4028977,6327,2534585,6427,2341087
2021-07-24,Oregon,4028977,146,2534731,105,2341192
2021-07-25,Oregon,4028977,6407,2541138,6368,2347560
2021-07-26,Oregon,4028977,2325,2543463,2128,2349688
2021-07-27,Oregon,4028977,1486,2544949,1171,2350859
2021-07-28,Oregon,4028977,3048,2547997,2274,2353133
2021-07-29,Oregon,4028977,3466,2551463,2329,2355462
2021-07-30,Oregon,4028977,5141,2556604,2513,2357975
2021-07-31,Oregon,4028977,4252,2560856,2872,2360847
2021-08-01,Oregon,4028977,4047,2564903,2849,2363696
2021-08-02,Oregon,4028977,2990,2567893,2065,2365761
2021-08-03,Oregon,4028977,1854,2569747,1114,2366875
2021-08-04,Oregon,4028977,3194,2572941,2188,2369063
2021-08-05,Oregon,4028977,4713,2577654,2890,2371953
2021-08-06,Oregon,4028977,4816,2582470,2489,2374442
2021-08-07,Oregon,4028977,4656,2587126,2741,2377183
2021-08-08,Oregon,4028977,5325,2592451,3214,2380397
2021-08-09,Oregon,4028977,3651,2596102,2057,2382454
2021-08-10,Oregon,4028977,2104,2598206,1145,2383599
2021-08-11,Oregon,4028977,3386,2601592,2159,2385758
2021-08-12,Oregon,4028977,3960,2605552,2531,2388289
2021-08-13,Oregon,4028977,6614,2612166,3786,2392075
2021-08-14,Oregon,4028977,5743,2617909,3208,2395283
2021-08-15,Oregon,4028977,161,2618070,81,2395364
2021-08-16,Oregon,4028977,189,2618259,82,2395446
2021-08-17,Oregon,4028977,1828,2620087,1003,2396449
2021-08-18,Oregon,4028977,228,2620315,110,2396559
2021-08-19,Oregon,4028977,17870,2638185,11180,2407739
2021-08-20,Oregon,4028977,5978,2644163,3998,2411737
2021-08-21,Oregon,4028977,5054,2649217,3481,2415218
2021-08-22,Oregon,4028977,6149,2655366,3873,2419091
2021-08-23,Oregon,4028977,4445,2659811,2810,2421901
2021-08-24,Oregon,4028977,2546,2662357,1655,2423556
2021-08-25,Oregon,4028977,213,2662570,180,2423736
2021-08-26,Oregon,4028977,10561,2673131,7293,2431029
2021-08-27,Oregon,4028977,6145,2679276,3883,2434912
2021-08-28,Oregon,4028977,0,2679276,0,2434912
2021-08-29,Oregon,4028977,11969,2691245,8626,2443538
2021-08-30,Oregon,4028977,4384,2695629,3408,2446946
2021-08-31,Oregon,4028977,2452,2698081,1801,2448747
2021-09-01,Oregon,4028977,5118,2703199,3636,2452383
2021-09-02,Oregon,4028977,250,2703449,151,2452534
2021-09-03,Oregon,4028977,11660,2715109,8980,2461514
2021-09-04,Oregon,4028977,5741,2720850,4394,2465908
2021-09-05,Oregon,4028977,0,2720850,0,2465908
2021-09-06,Oregon,4028977,0,2720850,0,2465908
2021-09-07,Oregon,4028977,11879,2732729,9585,2475493
2021-09-08,Oregon,4028977,2067,2734796,1330,2476823
2021-09-09,Oregon,4028977,3743,2738539,3445,2480268
2021-09-10,Oregon,4028977,5625,2744164,5257,2485525
2021-09-11,Oregon,4028977,5101,2749265,4508,2490033
2021-09-12,Oregon,4028977,5289,2754554,5080,2495113
2021-09-13,Oregon,4028977,0,2754554,0,2495113
2021-09-14,Oregon,4028977,6150,2760704,6223,2501336
2021-09-15,Oregon,4028977,4307,2765011,3643,2504979
2021-09-16,Oregon,4028977,5085,2770096,5019,2509998
2021-09-17,Oregon,4028977,4326,2774422,5045,2515043
2021-09-18,Oregon,4028977,3932,2778354,4633,2519676
2021-09-19,Oregon,4028977,3976,2782330,5374,2525050
2021-09-20,Oregon,4028977,2495,2784825,3666,2528716
2021-09-21,Oregon,4028977,1962,2786787,2840,2531556
2021-09-22,Oregon,4028977,2981,2789768,3862,2535418
2021-09-23,Oregon,4028977,-1237,2788531,1738,2537156
2021-09-24,Oregon,4028977,3248,2791779,4115,2541271
2021-09-25,Oregon,4028977,3519,2795298,5069,2546340
2021-09-26,Oregon,4028977,131,2795429,72,2546412
2021-09-27,Oregon,4028977,4981,2800410,7510,2553922
2021-09-28,Oregon,4028977,0,2800410,0,2553922
2021-09-29,Oregon,4028977,4230,2804640,5336,2559258
2021-09-30,Oregon,4028977,3076,2807716,3655,2562913
2021-10-01,Oregon,4028977,3177,2810893,3755,2566668
2021-10-02,Oregon,4028977,2482,2813375,3527,2570195
2021-10-03,Oregon,4028977,3712,2817087,5665,2575860
2021-10-04,Oregon,4028977,2566,2819653,3610,2579470
2021-10-05,Oregon,4028977,1557,2821210,2022,2581492
2021-10-06,Oregon,4028977,2453,2823663,3522,2585014
2021-10-07,Oregon,4028977,2866,2826529,3554,2588568
2021-10-08,Oregon,4028977,3744,2830273,4452,2593020
2021-10-09,Oregon,4028977,3106,2833379,3601,2596621
2021-10-10,Oregon,4028977,0,2833379,0,2596621
2021-10-11,Oregon,4028977,0,2833379,0,2596621
2021-10-12,Oregon,4028977,6050,2839429,7222,2603843
2021-10-13,Oregon,4028977,2154,2841583,2693,2606536
2021-10-14,Oregon,4028977,2888,2844471,3481,2610017
2021-10-15,Oregon,4028977,2575,2847046,3155,2613172
2021-10-16,Oregon,4028977,2956,2850002,3642,2616814
2021-10-17,Oregon,4028977,2527,2852529,3087,2619901
2021-10-18,Oregon,4028977,1441,2853970,1612,2621513
2021-10-19,Oregon,4028977,947,2854917,1007,2622520
2021-10-20,Oregon,4028977,1885,2856802,2169,2624689
2021-10-21,Oregon,4028977,2430,2859232,2721,2627410
2021-10-22,Oregon,4028977,4225,2863457,3836,2631246
2021-10-23,Oregon,4028977,2688,2866145,2925,2634171
2021-10-24,Oregon,4028977,2487,2868632,2787,2636958
2021-10-25,Oregon,4028977,1597,2870229,1509,2638467
2021-10-26,Oregon,4028977,1611,2871840,1483,2639950
2021-10-27,Oregon,4028977,2527,2874367,2372,2642322
2021-10-28,Oregon,4028977,3127,2877494,2592,2644914
2021-10-29,Oregon,4028977,2970,2880464,2560,2647474
2021-10-30,Oregon,4028977,3031,2883495,2412,2649886
2021-10-31,Oregon,4028977,2889,2886384,2356,2652242
2021-11-01,Oregon,4028977,230,2886614,44,2652286
2021-11-02,Oregon,4028977,3691,2890305,3546,2655832
2021-11-03,Oregon,4028977,1984,2892289,1633,2657465
2021-11-04,Oregon,4028977,2429,2894718,1993,2659458
2021-11-05,Oregon,4028977,2405,2897123,1949,2661407
2021-11-06,Oregon,4028977,3088,2900211,2187,2663594
2021-11-07,Oregon,4028977,3460,2903671,2512,2666106
2021-11-08,Oregon,4028977,4868,2908539,1217,2667323
2021-11-09,Oregon,4028977,516,2909055,132,2667455
2021-11-10,Oregon,4028977,4758,2913813,1845,2669300
2021-11-11,Oregon,4028977,0,2913813,0,2669300
2021-11-12,Oregon,4028977,11015,2924828,3893,2673193
2021-11-13,Oregon,4028977,8214,2933042,1659,2674852
2021-11-14,Oregon,4028977,6907,2939949,1812,2676664
2021-11-15,Oregon,4028977,7899,2947848,997,2677661
2021-11-16,Oregon,4028977,3720,2951568,665,2678326
2021-11-17,Oregon,4028977,4429,2955997,1254,2679580
2021-11-18,Oregon,4028977,0,2955997,0,2679580
2021-11-19,Oregon,4028977,5152,2961149,1797,2681377
2021-11-20,Oregon,4028977,6555,2967704,1904,2683281
2021-11-21,Oregon,4028977,6023,2973727,2185,2685466
2021-11-22,Oregon,4028977,12325,2986052,3006,2688472
2021-11-23,Oregon,4028977,0,2986052,0,2688472
2021-11-24,Oregon,4028977,10460,2996512,4203,2692675
2021-11-25,Oregon,4028977,0,2996512,0,2692675
2021-11-26,Oregon,4028977,0,2996512,0,2692675
2021-11-27,Oregon,4028977,0,2996512,0,2692675
2021-11-28,Oregon,4028977,0,2996512,0,2692675
2021-11-29,Oregon,4028977,0,2996512,0,2692675
2021-11-30,Oregon,4028977,17416,3013928,7022,2699697
2021-12-01,Oregon,4028977,3307,3017235,2216,2701913
2021-12-02,Oregon,4028977,4710,3021945,3905,2705818
2021-12-03,Oregon,4028977,4747,3026692,5401,2711219
2021-12-04,Oregon,4028977,4688,3031380,6126,2717345
2021-12-05,Oregon,4028977,4426,3035806,6774,2724119
2021-12-06,Oregon,4028977,4317,3040123,7240,2731359
2021-12-07,Oregon,4028977,2248,3042371,3228,2734587
2021-12-08,Oregon,4028977,3953,3046324,3393,2737980
2021-12-09,Oregon,4028977,4572,3050896,3850,2741830
2021-12-10,Oregon,4028977,4932,3055828,5508,2747338
2021-12-11,Oregon,4028977,4975,3060803,5085,2752423
2021-12-12,Oregon,4028977,4541,3065344,4512,2756935
2021-12-13,Oregon,4028977,3423,3068767,6232,2763167
2021-12-14,Oregon,4028977,2116,3070883,2110,2765277
2021-12-15,Oregon,4028977,0,3070883,0,2765277
2021-12-16,Oregon,4028977,3205,3074088,3331,2768608
2021-12-17,Oregon,4028977,8827,3082915,7600,2776208
2021-12-18,Oregon,4028977,0,3082915,0,2776208
2021-12-19,Oregon,4028977,5111,3088026,3220,2779428
2021-12-20,Oregon,4028977,7167,3095193,6113,2785541
2021-12-21,Oregon,4028977,2195,3097388,1246,2786787
2021-12-22,Oregon,4028977,3714,3101102,2867,2789654
2021-12-23,Oregon,4028977,5428,3106530,4008,2793662
2021-12-24,Oregon,4028977,0,3106530,0,2793662
2021-12-25,Oregon,4028977,0,3106530,0,2793662
2021-12-26,Oregon,4028977,0,3106530,0,2793662
2021-12-27,Oregon,4028977,11001,3117531,6487,2800149
2021-12-28,Oregon,4028977,1193,3118724,412,2800561
2021-12-29,Oregon,4028977,2589,3121313,2093,2802654
2021-12-30,Oregon,4028977,453,3121766,87,2802741
2021-12-31,Oregon,4028977,0,3121766,0,2802741
2022-01-01,Oregon,4028977,0,3121766,0,2802741
2022-01-02,Oregon,4028977,0,3121766,0,2802741
2022-01-03,Oregon,4028977,0,3121766,0,2802741
2022-01-04,Oregon,4028977,5851,3127617,3573,2806314
2022-01-05,Oregon,4028977,2490,3130107,2132,2808446
2022-01-06,Oregon,4028977,0,3130107,0,2808446
2022-01-07,Oregon,4028977,3467,3133574,2522,2810968
2022-01-08,Oregon,4028977,7360,3140934,5561,2816529
2022-01-09,Oregon,4028977,4193,3145127,3300,2819829
2022-01-10,Oregon,4028977,2557,3147684,2360,2822189
2022-01-11,Oregon,4028977,415,3148099,60,2822249
2022-01-12,Oregon,4028977,3589,3151688,2612,2824861
2022-01-13,Oregon,4028977,4352,3156040,2831,2827692
2022-01-14,Oregon,4028977,4106,3160146,2677,2830369
2022-01-15,Oregon,4028977,0,3160146,0,2830369
2022-01-16,Oregon,4028977,3874,3164020,2504,2832873
2022-01-17,Oregon,4028977,0,3164020,0,2832873
2022-01-18,Oregon,4028977,7094,3171114,4600,2837473
2022-01-19,Oregon,4028977,9544,3180658,5360,2842833
2022-01-20,Oregon,4028977,3548,3184206,1887,2844720
2022-01-21,Oregon,4028977,3371,3187577,2209,2846929
2022-01-22,Oregon,4028977,3785,3191362,1774,2848703
2022-01-23,Oregon,4028977,3203,3194565,1527,2850230
2022-01-24,Oregon,4028977,2225,3196790,1030,2851260
2022-01-25,Oregon,4028977,1327,3198117,587,2851847
2022-01-26,Oregon,4028977,2746,3200863,1711,2853558
2022-01-27,Oregon,4028977,2156,3203019,1714,2855272
2022-01-28,Oregon,4028977,2637,3205656,1992,2857264
2022-01-29,Oregon,4028977,2273,3207929,1762,2859026
2022-01-30,Oregon,4028977,2422,3210351,2052,2861078
2022-01-31,Oregon,4028977,0,3210351,0,2861078
2022-02-01,Oregon,4028977,2690,3213041,1854,2862932
2022-02-02,Oregon,4028977,1761,3214802,1512,2864444
2022-02-03,Oregon,4028977,0,3214802,0,2864444
2022-02-04,Oregon,4028977,4001,3218803,3528,2867972
2022-02-05,Oregon,4028977,1967,3220770,1952,2869924
2022-02-06,Oregon,4028977,2142,3222912,2241,2872165
2022-02-07,Oregon,4028977,1136,3224048,1115,2873280
2022-02-08,Oregon,4028977,602,3224650,512,2873792
2022-02-09,Oregon,4028977,0,3224650,0,2873792
2021-07-01,Pennsylvania,12802503,18326,8048402,23107,6368540
2021-07-02,Pennsylvania,12802503,13907,8062309,16571,6385111
2021-07-03,Pennsylvania,12802503,14229,8076538,16523,6401634
2021-07-04,Pennsylvania,12802503,623,8077161,592,6402226
2021-07-05,Pennsylvania,12802503,0,8077161,0,6402226
2021-07-06,Pennsylvania,12802503,23389,8100550,25907,6428133
2021-07-07,Pennsylvania,12802503,9351,8109901,10883,6439016
2021-07-08,Pennsylvania,12802503,12010,8121911,14496,6453512
2021-07-09,Pennsylvania,12802503,6737,8128648,7883,6461395
2021-07-10,Pennsylvania,12802503,11461,8140109,12370,6473765
2021-07-11,Pennsylvania,12802503,11241,8151350,12876,6486641
2021-07-12,Pennsylvania,12802503,6216,8157566,7183,6493824
2021-07-13,Pennsylvania,12802503,7609,8165175,8081,6501905
2021-07-14,Pennsylvania,12802503,10861,8176036,11850,6513755
2021-07-15,Pennsylvania,12802503,11436,8187472,11377,6525132
2021-07-16,Pennsylvania,12802503,13184,8200656,14308,6539440
2021-07-17,Pennsylvania,12802503,11840,8212496,11480,6550920
2021-07-18,Pennsylvania,12802503,8864,8221360,8712,6559632
2021-07-19,Pennsylvania,12802503,11552,8232912,11505,6571137
2021-07-20,Pennsylvania,12802503,0,8232912,0,6571137
2021-07-21,Pennsylvania,12802503,21396,8254308,20478,6591615
2021-07-22,Pennsylvania,12802503,12016,8266324,9563,6601178
2021-07-23,Pennsylvania,12802503,15580,8281904,11975,6613153
2021-07-24,Pennsylvania,12802503,14855,8296759,13714,6626867
2021-07-25,Pennsylvania,12802503,13183,8309942,10072,6636939
2021-07-26,Pennsylvania,12802503,8659,8318601,5347,6642286
2021-07-27,Pennsylvania,12802503,5768,8324369,3062,6645348
2021-07-28,Pennsylvania,12802503,20290,8344659,14425,6659773
2021-07-29,Pennsylvania,12802503,17093,8361752,21668,6681441
2021-07-30,Pennsylvania,12802503,16350,8378102,12165,6693606
2021-07-31,Pennsylvania,12802503,1043,8379145,662,6694268
2021-08-01,Pennsylvania,12802503,36771,8415916,28142,6722410
2021-08-02,Pennsylvania,12802503,12848,8428764,7502,6729912
2021-08-03,Pennsylvania,12802503,2406,8431170,1324,6731236
2021-08-04,Pennsylvania,12802503,16535,8447705,11836,6743072
2021-08-05,Pennsylvania,12802503,19265,8466970,11762,6754834
2021-08-06,Pennsylvania,12802503,19641,8486611,12173,6767007
2021-08-07,Pennsylvania,12802503,19873,8506484,13125,6780132
2021-08-08,Pennsylvania,12802503,19319,8525803,12160,6792292
2021-08-09,Pennsylvania,12802503,12226,8538029,6392,6798684
2021-08-10,Pennsylvania,12802503,8131,8546160,4567,6803251
2021-08-11,Pennsylvania,12802503,16485,8562645,11398,6814649
2021-08-12,Pennsylvania,12802503,18306,8580951,11823,6826472
2021-08-13,Pennsylvania,12802503,16037,8596988,11895,6838367
2021-08-14,Pennsylvania,12802503,20763,8617751,14756,6853123
2021-08-15,Pennsylvania,12802503,16295,8634046,11984,6865107
2021-08-16,Pennsylvania,12802503,1369,8635415,916,6866023
2021-08-17,Pennsylvania,12802503,21951,8657366,14484,6880507
2021-08-18,Pennsylvania,12802503,12787,8670153,9932,6890439
2021-08-19,Pennsylvania,12802503,19443,8689596,14201,6904640
2021-08-20,Pennsylvania,12802503,18238,8707834,13599,6918239
2021-08-21,Pennsylvania,12802503,20578,8728412,15681,6933920
2021-08-22,Pennsylvania,12802503,17802,8746214,13127,6947047
2021-08-23,Pennsylvania,12802503,10408,8756622,7644,6954691
2021-08-24,Pennsylvania,12802503,9502,8766124,7572,6962263
2021-08-25,Pennsylvania,12802503,15411,8781535,12683,6974946
2021-08-26,Pennsylvania,12802503,18443,8799978,14265,6989211
2021-08-27,Pennsylvania,12802503,22732,8822710,15550,7004761
2021-08-28,Pennsylvania,12802503,0,8822710,0,7004761
2021-08-29,Pennsylvania,12802503,37642,8860352,32628,7037389
2021-08-30,Pennsylvania,12802503,11892,8872244,10350,7047739
2021-08-31,Pennsylvania,12802503,7980,8880224,6801,7054540
2021-09-01,Pennsylvania,12802503,17322,8897546,17417,7071957
2021-09-02,Pennsylvania,12802503,16819,8914365,15280,7087237
2021-09-03,Pennsylvania,12802503,16182,8930547,14647,7101884
2021-09-04,Pennsylvania,12802503,15218,8945765,13986,7115870
2021-09-05,Pennsylvania,12802503,0,8945765,0,7115870
2021-09-06,Pennsylvania,12802503,0,8945765,0,7115870
2021-09-07,Pennsylvania,12802503,35285,8981050,30526,7146396
2021-09-08,Pennsylvania,12802503,6094,8987144,5572,7151968
2021-09-09,Pennsylvania,12802503,12113,8999257,12479,7164447
2021-09-10,Pennsylvania,12802503,16186,9015443,15611,7180058
2021-09-11,Pennsylvania,12802503,16480,9031923,15164,7195222
2021-09-12,Pennsylvania,12802503,2917,9034840,2410,7197632
2021-09-13,Pennsylvania,12802503,0,9034840,0,7197632
2021-09-14,Pennsylvania,12802503,32092,9066932,28517,7226149
2021-09-15,Pennsylvania,12802503,12816,9079748,12266,7238415
2021-09-16,Pennsylvania,12802503,17556,9097304,17145,7255560
2021-09-17,Pennsylvania,12802503,15873,9113177,15396,7270956
2021-09-18,Pennsylvania,12802503,895,9114072,773,7271729
2021-09-19,Pennsylvania,12802503,13409,9127481,13309,7285038
2021-09-20,Pennsylvania,12802503,8714,9136195,9224,7294262
2021-09-21,Pennsylvania,12802503,8193,9144388,8261,7302523
2021-09-22,Pennsylvania,12802503,11252,9155640,11200,7313723
2021-09-23,Pennsylvania,12802503,27117,9182757,25601,7339324
2021-09-24,Pennsylvania,12802503,12011,9194768,11114,7350438
2021-09-25,Pennsylvania,12802503,10884,9205652,9696,7360134
2021-09-26,Pennsylvania,12802503,20086,9225738,11720,7371854
2021-09-27,Pennsylvania,12802503,10202,9235940,6737,7378591
2021-09-28,Pennsylvania,12802503,0,9235940,0,7378591
2021-09-29,Pennsylvania,12802503,28146,9264086,16399,7394990
2021-09-30,Pennsylvania,12802503,19554,9283640,10168,7405158
2021-10-01,Pennsylvania,12802503,19945,9303585,13273,7418431
2021-10-02,Pennsylvania,12802503,11417,9315002,7806,7426237
2021-10-03,Pennsylvania,12802503,27430,9342432,11625,7437862
2021-10-04,Pennsylvania,12802503,21724,9364156,9650,7447512
2021-10-05,Pennsylvania,12802503,12697,9376853,7512,7455024
2021-10-06,Pennsylvania,12802503,17169,9394022,10097,7465121
2021-10-07,Pennsylvania,12802503,29139,9423161,13752,7478873
2021-10-08,Pennsylvania,12802503,33081,9456242,18767,7497640
2021-10-09,Pennsylvania,12802503,32192,9488434,15312,7512952
2021-10-10,Pennsylvania,12802503,0,9488434,0,7512952
2021-10-11,Pennsylvania,12802503,0,9488434,0,7512952
2021-10-12,Pennsylvania,12802503,40019,9528453,20705,7533657
2021-10-13,Pennsylvania,12802503,11270,9539723,6902,7540559
2021-10-14,Pennsylvania,12802503,22173,9561896,11485,7552044
2021-10-15,Pennsylvania,12802503,38171,9600067,29828,7581872
2021-10-16,Pennsylvania,12802503,1514,9601581,553,7582425
2021-10-17,Pennsylvania,12802503,37723,9639304,31671,7614096
2021-10-18,Pennsylvania,12802503,31760,9671064,14329,7628425
2021-10-19,Pennsylvania,12802503,3832,9674896,1753,7630178
2021-10-20,Pennsylvania,12802503,19097,9693993,21451,7651629
2021-10-21,Pennsylvania,12802503,19626,9713619,10016,7661645
2021-10-22,Pennsylvania,12802503,25729,9739348,11898,7673543
2021-10-23,Pennsylvania,12802503,23856,9763204,11906,7685449
2021-10-24,Pennsylvania,12802503,17506,9780710,7675,7693124
2021-10-25,Pennsylvania,12802503,16439,9797149,4604,7697728
2021-10-26,Pennsylvania,12802503,17505,9814654,4600,7702328
2021-10-27,Pennsylvania,12802503,2583,9817237,474,7702802
2021-10-28,Pennsylvania,12802503,74246,9891483,22069,7724871
2021-10-29,Pennsylvania,12802503,30255,9921738,10404,7735275
2021-10-30,Pennsylvania,12802503,40040,9961778,11187,7746462
2021-10-31,Pennsylvania,12802503,29568,9991346,9557,7756019
2021-11-01,Pennsylvania,12802503,29496,10020842,6108,7762127
2021-11-02,Pennsylvania,12802503,3066,10023908,755,7762882
2021-11-03,Pennsylvania,12802503,50049,10073957,14071,7776953
2021-11-04,Pennsylvania,12802503,25813,10099770,8288,7785241
2021-11-05,Pennsylvania,12802503,30358,10130128,9336,7794577
2021-11-06,Pennsylvania,12802503,38457,10168585,13305,7807882
2021-11-07,Pennsylvania,12802503,46184,10214769,11156,7819038
2021-11-08,Pennsylvania,12802503,2007,10216776,464,7819502
2021-11-09,Pennsylvania,12802503,56748,10273524,27743,7847245
2021-11-10,Pennsylvania,12802503,34417,10307941,5243,7852488
2021-11-11,Pennsylvania,12802503,0,10307941,0,7852488
2021-11-12,Pennsylvania,12802503,56410,10364351,12236,7864724
2021-11-13,Pennsylvania,12802503,68906,10433257,12478,7877202
2021-11-14,Pennsylvania,12802503,41220,10474477,13333,7890535
2021-11-15,Pennsylvania,12802503,36489,10510966,4572,7895107
2021-11-16,Pennsylvania,12802503,37018,10547984,8187,7903294
2021-11-17,Pennsylvania,12802503,35194,10583178,5615,7908909
2021-11-18,Pennsylvania,12802503,0,10583178,0,7908909
2021-11-19,Pennsylvania,12802503,41824,10625002,9367,7918276
2021-11-20,Pennsylvania,12802503,38222,10663224,6869,7925145
2021-11-21,Pennsylvania,12802503,43682,10706906,8913,7934058
2021-11-22,Pennsylvania,12802503,78853,10785759,11469,7945527
2021-11-23,Pennsylvania,12802503,0,10785759,0,7945527
2021-11-24,Pennsylvania,12802503,-435776,10349983,-514539,7430988
2021-11-25,Pennsylvania,12802503,0,10349983,0,7430988
2021-11-26,Pennsylvania,12802503,0,10349983,0,7430988
2021-11-27,Pennsylvania,12802503,0,10349983,0,7430988
2021-11-28,Pennsylvania,12802503,0,10349983,0,7430988
2021-11-29,Pennsylvania,12802503,0,10349983,0,7430988
2021-11-30,Pennsylvania,12802503,105843,10455826,47757,7478745
2021-12-01,Pennsylvania,12802503,19998,10475824,14559,7493304
2021-12-02,Pennsylvania,12802503,25246,10501070,20177,7513481
2021-12-03,Pennsylvania,12802503,22610,10523680,17661,7531142
2021-12-04,Pennsylvania,12802503,28577,10552257,19770,7550912
2021-12-05,Pennsylvania,12802503,3811,10556068,640,7551552
2021-12-06,Pennsylvania,12802503,39212,10595280,36110,7587662
2021-12-07,Pennsylvania,12802503,18484,10613764,17984,7605646
2021-12-08,Pennsylvania,12802503,23774,10637538,18354,7624000
2021-12-09,Pennsylvania,12802503,6480,10644018,2577,7626577
2021-12-10,Pennsylvania,12802503,46659,10690677,33633,7660210
2021-12-11,Pennsylvania,12802503,25588,10716265,17161,7677371
2021-12-12,Pennsylvania,12802503,23367,10739632,18199,7695570
2021-12-13,Pennsylvania,12802503,16884,10756516,17505,7713075
2021-12-14,Pennsylvania,12802503,10662,10767178,10535,7723610
2021-12-15,Pennsylvania,12802503,0,10767178,0,7723610
2021-12-16,Pennsylvania,12802503,22121,10789299,17281,7740891
2021-12-17,Pennsylvania,12802503,48467,10837766,33017,7773908
2021-12-18,Pennsylvania,12802503,0,10837766,0,7773908
2021-12-19,Pennsylvania,12802503,27975,10865741,15229,7789137
2021-12-20,Pennsylvania,12802503,39544,10905285,21192,7810329
2021-12-21,Pennsylvania,12802503,-1062847,9842438,292566,8102895
2021-12-22,Pennsylvania,12802503,28928,9871366,12619,8115514
2021-12-23,Pennsylvania,12802503,27338,9898704,10649,8126163
2021-12-24,Pennsylvania,12802503,0,9898704,0,8126163
2021-12-25,Pennsylvania,12802503,0,9898704,0,8126163
2021-12-26,Pennsylvania,12802503,0,9898704,0,8126163
2021-12-27,Pennsylvania,12802503,30972,9929676,11583,8137746
2021-12-28,Pennsylvania,12802503,37836,9967512,14406,8152152
2021-12-29,Pennsylvania,12802503,15469,9982981,7455,8159607
2021-12-30,Pennsylvania,12802503,32930,10015911,15036,8174643
2021-12-31,Pennsylvania,12802503,0,10015911,0,8174643
2022-01-01,Pennsylvania,12802503,0,10015911,0,8174643
2022-01-02,Pennsylvania,12802503,0,10015911,0,8174643
2022-01-03,Pennsylvania,12802503,0,10015911,0,8174643
2022-01-04,Pennsylvania,12802503,68554,10084465,30162,8204805
2022-01-05,Pennsylvania,12802503,15187,10099652,8019,8212824
2022-01-06,Pennsylvania,12802503,0,10099652,0,8212824
2022-01-07,Pennsylvania,12802503,19354,10119006,8664,8221488
2022-01-08,Pennsylvania,12802503,48176,10167182,22786,8244274
2022-01-09,Pennsylvania,12802503,19922,10187104,8987,8253261
2022-01-10,Pennsylvania,12802503,15258,10202362,7278,8260539
2022-01-11,Pennsylvania,12802503,16175,10218537,7624,8268163
2022-01-12,Pennsylvania,12802503,16393,10234930,8207,8276370
2022-01-13,Pennsylvania,12802503,18097,10253027,8482,8284852
2022-01-14,Pennsylvania,12802503,20914,10273941,10413,8295265
2022-01-15,Pennsylvania,12802503,0,10273941,0,8295265
2022-01-16,Pennsylvania,12802503,17835,10291776,8179,8303444
2022-01-17,Pennsylvania,12802503,0,10291776,0,8303444
2022-01-18,Pennsylvania,12802503,39113,10330889,13165,8316609
2022-01-19,Pennsylvania,12802503,26514,10357403,14653,8331262
2022-01-20,Pennsylvania,12802503,25582,10382985,13211,8344473
2022-01-21,Pennsylvania,12802503,12269,10395254,7617,8352090
2022-01-22,Pennsylvania,12802503,16740,10411994,10738,8362828
2022-01-23,Pennsylvania,12802503,11505,10423499,6653,8369481
2022-01-24,Pennsylvania,12802503,10620,10434119,3937,8373418
2022-01-25,Pennsylvania,12802503,7215,10441334,2612,8376030
2022-01-26,Pennsylvania,12802503,8847,10450181,5456,8381486
2022-01-27,Pennsylvania,12802503,19557,10469738,12540,8394026
2022-01-28,Pennsylvania,12802503,9507,10479245,7004,8401030
2022-01-29,Pennsylvania,12802503,9114,10488359,6878,8407908
2022-01-30,Pennsylvania,12802503,9332,10497691,6565,8414473
2022-01-31,Pennsylvania,12802503,0,10497691,0,8414473
2022-02-01,Pennsylvania,12802503,10231,10507922,8648,8423121
2022-02-02,Pennsylvania,12802503,14424,10522346,11616,8434737
2022-02-03,Pennsylvania,12802503,0,10522346,0,8434737
2022-02-04,Pennsylvania,12802503,15603,10537949,15050,8449787
2022-02-05,Pennsylvania,12802503,10688,10548637,9864,8459651
2022-02-06,Pennsylvania,12802503,5942,10554579,5916,8465567
2022-02-07,Pennsylvania,12802503,4511,10559090,4987,8470554
2022-02-08,Pennsylvania,12802503,3061,10562151,3909,8474463
2022-02-09,Pennsylvania,12802503,0,10562151,0,8474463
2021-07-01,Puerto Rico,3285874,180756,2059610,285251,1759206
2021-07-02,Puerto Rico,3285874,84,2059694,82,1759288
2021-07-03,Puerto Rico,3285874,23089,2082783,27007,1786295
2021-07-04,Puerto Rico,3285874,6499,2089282,9919,1796214
2021-07-05,Puerto Rico,3285874,0,2089282,0,1796214
2021-07-06,Puerto Rico,3285874,3708,2092990,4887,1801101
2021-07-07,Puerto Rico,3285874,1768,2094758,2160,1803261
2021-07-08,Puerto Rico,3285874,8179,2102937,10712,1813973
2021-07-09,Puerto Rico,3285874,5959,2108896,9759,1823732
2021-07-10,Puerto Rico,3285874,5582,2114478,7458,1831190
2021-07-11,Puerto Rico,3285874,7204,2121682,8017,1839207
2021-07-12,Puerto Rico,3285874,2469,2124151,2860,1842067
2021-07-13,Puerto Rico,3285874,1128,2125279,959,1843026
2021-07-14,Puerto Rico,3285874,12598,2137877,12114,1855140
2021-07-15,Puerto Rico,3285874,98,2137975,92,1855232
2021-07-16,Puerto Rico,3285874,9850,2147825,8224,1863456
2021-07-17,Puerto Rico,3285874,5070,2152895,4387,1867843
2021-07-18,Puerto Rico,3285874,5043,2157938,3955,1871798
2021-07-19,Puerto Rico,3285874,2181,2160119,1384,1873182
2021-07-20,Puerto Rico,3285874,0,2160119,0,1873182
2021-07-21,Puerto Rico,3285874,6004,2166123,6456,1879638
2021-07-22,Puerto Rico,3285874,9701,2175824,10371,1890009
2021-07-23,Puerto Rico,3285874,70,2175894,70,1890079
2021-07-24,Puerto Rico,3285874,3234,2179128,3891,1893970
2021-07-25,Puerto Rico,3285874,4229,2183357,3838,1897808
2021-07-26,Puerto Rico,3285874,2694,2186051,2164,1899972
2021-07-27,Puerto Rico,3285874,1417,2187468,870,1900842
2021-07-28,Puerto Rico,3285874,2154,2189622,1934,1902776
2021-07-29,Puerto Rico,3285874,2684,2192306,3097,1905873
2021-07-30,Puerto Rico,3285874,4998,2197304,5802,1911675
2021-07-31,Puerto Rico,3285874,87,2197391,44,1911719
2021-08-01,Puerto Rico,3285874,2706,2200097,2801,1914520
2021-08-02,Puerto Rico,3285874,2193,2202290,2362,1916882
2021-08-03,Puerto Rico,3285874,46,2202336,15,1916897
2021-08-04,Puerto Rico,3285874,3260,2205596,3194,1920091
2021-08-05,Puerto Rico,3285874,3505,2209101,3222,1923313
2021-08-06,Puerto Rico,3285874,8945,2218046,8209,1931522
2021-08-07,Puerto Rico,3285874,123,2218169,64,1931586
2021-08-08,Puerto Rico,3285874,5498,2223667,5054,1936640
2021-08-09,Puerto Rico,3285874,3392,2227059,2179,1938819
2021-08-10,Puerto Rico,3285874,1947,2229006,996,1939815
2021-08-11,Puerto Rico,3285874,5531,2234537,3640,1943455
2021-08-12,Puerto Rico,3285874,3999,2238536,2709,1946164
2021-08-13,Puerto Rico,3285874,7007,2245543,4005,1950169
2021-08-14,Puerto Rico,3285874,9498,2255041,3535,1953704
2021-08-15,Puerto Rico,3285874,7000,2262041,3691,1957395
2021-08-16,Puerto Rico,3285874,5125,2267166,1919,1959314
2021-08-17,Puerto Rico,3285874,9236,2276402,4557,1963871
2021-08-18,Puerto Rico,3285874,59,2276461,35,1963906
2021-08-19,Puerto Rico,3285874,8349,2284810,3847,1967753
2021-08-20,Puerto Rico,3285874,13787,2298597,5647,1973400
2021-08-21,Puerto Rico,3285874,189,2298786,74,1973474
2021-08-22,Puerto Rico,3285874,8030,2306816,3959,1977433
2021-08-23,Puerto Rico,3285874,5059,2311875,1624,1979057
2021-08-24,Puerto Rico,3285874,9810,2321685,5288,1984345
2021-08-25,Puerto Rico,3285874,118,2321803,62,1984407
2021-08-26,Puerto Rico,3285874,7407,2329210,5357,1989764
2021-08-27,Puerto Rico,3285874,9341,2338551,5316,1995080
2021-08-28,Puerto Rico,3285874,0,2338551,0,1995080
2021-08-29,Puerto Rico,3285874,19701,2358252,10052,2005132
2021-08-30,Puerto Rico,3285874,5809,2364061,3061,2008193
2021-08-31,Puerto Rico,3285874,3357,2367418,1578,2009771
2021-09-01,Puerto Rico,3285874,7643,2375061,6362,2016133
2021-09-02,Puerto Rico,3285874,10214,2385275,8043,2024176
2021-09-03,Puerto Rico,3285874,9056,2394331,8675,2032851
2021-09-04,Puerto Rico,3285874,7775,2402106,6904,2039755
2021-09-05,Puerto Rico,3285874,0,2402106,0,2039755
2021-09-06,Puerto Rico,3285874,0,2402106,0,2039755
2021-09-07,Puerto Rico,3285874,16778,2418884,16191,2055946
2021-09-08,Puerto Rico,3285874,13077,2431961,12991,2068937
2021-09-09,Puerto Rico,3285874,5673,2437634,6891,2075828
2021-09-10,Puerto Rico,3285874,7956,2445590,10862,2086690
2021-09-11,Puerto Rico,3285874,19675,2465265,40413,2127103
2021-09-12,Puerto Rico,3285874,3252,2468517,5779,2132882
2021-09-13,Puerto Rico,3285874,0,2468517,0,2132882
2021-09-14,Puerto Rico,3285874,1872,2470389,2713,2135595
2021-09-15,Puerto Rico,3285874,3087,2473476,5136,2140731
2021-09-16,Puerto Rico,3285874,8660,2482136,12229,2152960
2021-09-17,Puerto Rico,3285874,10994,2493130,29222,2182182
2021-09-18,Puerto Rico,3285874,4101,2497231,6436,2188618
2021-09-19,Puerto Rico,3285874,66,2497297,46,2188664
2021-09-20,Puerto Rico,3285874,8206,2505503,14162,2202826
2021-09-21,Puerto Rico,3285874,794,2506297,1643,2204469
2021-09-22,Puerto Rico,3285874,3130,2509427,5992,2210461
2021-09-23,Puerto Rico,3285874,191,2509618,404,2210865
2021-09-24,Puerto Rico,3285874,7766,2517384,13494,2224359
2021-09-25,Puerto Rico,3285874,3921,2521305,7080,2231439
2021-09-26,Puerto Rico,3285874,86,2521391,142,2231581
2021-09-27,Puerto Rico,3285874,4759,2526150,7705,2239286
2021-09-28,Puerto Rico,3285874,0,2526150,0,2239286
2021-09-29,Puerto Rico,3285874,3889,2530039,5794,2245080
2021-09-30,Puerto Rico,3285874,172,2530211,115,2245195
2021-10-01,Puerto Rico,3285874,7864,2538075,13229,2258424
2021-10-02,Puerto Rico,3285874,30,2538105,33,2258457
2021-10-03,Puerto Rico,3285874,147,2538252,113,2258570
2021-10-04,Puerto Rico,3285874,174,2538426,108,2258678
2021-10-05,Puerto Rico,3285874,9248,2547674,13219,2271897
2021-10-06,Puerto Rico,3285874,59,2547733,41,2271938
2021-10-07,Puerto Rico,3285874,3991,2551724,6232,2278170
2021-10-08,Puerto Rico,3285874,4260,2555984,4543,2282713
2021-10-09,Puerto Rico,3285874,177,2556161,78,2282791
2021-10-10,Puerto Rico,3285874,0,2556161,0,2282791
2021-10-11,Puerto Rico,3285874,0,2556161,0,2282791
2021-10-12,Puerto Rico,3285874,211,2556372,68,2282859
2021-10-13,Puerto Rico,3285874,10590,2566962,10631,2293490
2021-10-14,Puerto Rico,3285874,2138,2569100,2637,2296127
2021-10-15,Puerto Rico,3285874,157,2569257,61,2296188
2021-10-16,Puerto Rico,3285874,2376,2571633,2987,2299175
2021-10-17,Puerto Rico,3285874,198,2571831,55,2299230
2021-10-18,Puerto Rico,3285874,95,2571926,52,2299282
2021-10-19,Puerto Rico,3285874,6481,2578407,6776,2306058
2021-10-20,Puerto Rico,3285874,2521,2580928,2772,2308830
2021-10-21,Puerto Rico,3285874,23572,2604500,24043,2332873
2021-10-22,Puerto Rico,3285874,2285,2606785,2502,2335375
2021-10-23,Puerto Rico,3285874,1540,2608325,1694,2337069
2021-10-24,Puerto Rico,3285874,156,2608481,23,2337092
2021-10-25,Puerto Rico,3285874,2499,2610980,2296,2339388
2021-10-26,Puerto Rico,3285874,1135,2612115,641,2340029
2021-10-27,Puerto Rico,3285874,1887,2614002,1882,2341911
2021-10-28,Puerto Rico,3285874,356,2614358,56,2341967
2021-10-29,Puerto Rico,3285874,4380,2618738,3752,2345719
2021-10-30,Puerto Rico,3285874,2890,2621628,1938,2347657
2021-10-31,Puerto Rico,3285874,3106,2624734,2193,2349850
2021-11-01,Puerto Rico,3285874,1690,2626424,677,2350527
2021-11-02,Puerto Rico,3285874,966,2627390,290,2350817
2021-11-03,Puerto Rico,3285874,2424,2629814,2332,2353149
2021-11-04,Puerto Rico,3285874,2169,2631983,1732,2354881
2021-11-05,Puerto Rico,3285874,1746,2633729,1363,2356244
2021-11-06,Puerto Rico,3285874,1852,2635581,1411,2357655
2021-11-07,Puerto Rico,3285874,498,2636079,44,2357699
2021-11-08,Puerto Rico,3285874,6103,2642182,2923,2360622
2021-11-09,Puerto Rico,3285874,132,2642314,25,2360647
2021-11-10,Puerto Rico,3285874,2952,2645266,1716,2362363
2021-11-11,Puerto Rico,3285874,0,2645266,0,2362363
2021-11-12,Puerto Rico,3285874,11741,2657007,3816,2366179
2021-11-13,Puerto Rico,3285874,5228,2662235,1294,2367473
2021-11-14,Puerto Rico,3285874,6031,2668266,1532,2369005
2021-11-15,Puerto Rico,3285874,3327,2671593,541,2369546
2021-11-16,Puerto Rico,3285874,2283,2673876,285,2369831
2021-11-17,Puerto Rico,3285874,4912,2678788,1569,2371400
2021-11-18,Puerto Rico,3285874,0,2678788,0,2371400
2021-11-19,Puerto Rico,3285874,6195,2684983,1932,2373332
2021-11-20,Puerto Rico,3285874,7248,2692231,1401,2374733
2021-11-21,Puerto Rico,3285874,492,2692723,37,2374770
2021-11-22,Puerto Rico,3285874,14126,2706849,2674,2377444
2021-11-23,Puerto Rico,3285874,0,2706849,0,2377444
2021-11-24,Puerto Rico,3285874,-16511,2690338,-16284,2361160
2021-11-25,Puerto Rico,3285874,0,2690338,0,2361160
2021-11-26,Puerto Rico,3285874,0,2690338,0,2361160
2021-11-27,Puerto Rico,3285874,0,2690338,0,2361160
2021-11-28,Puerto Rico,3285874,0,2690338,0,2361160
2021-11-29,Puerto Rico,3285874,0,2690338,0,2361160
2021-11-30,Puerto Rico,3285874,19880,2710218,4815,2365975
2021-12-01,Puerto Rico,3285874,458,2710676,24,2365999
2021-12-02,Puerto Rico,3285874,10445,2721121,4939,2370938
2021-12-03,Puerto Rico,3285874,3765,2724886,2666,2373604
2021-12-04,Puerto Rico,3285874,7970,2732856,5460,2379064
2021-12-05,Puerto Rico,3285874,169,2733025,14,2379078
2021-12-06,Puerto Rico,3285874,6472,2739497,4868,2383946
2021-12-07,Puerto Rico,3285874,2184,2741681,1431,2385377
2021-12-08,Puerto Rico,3285874,4748,2746429,4402,2389779
2021-12-09,Puerto Rico,3285874,5169,2751598,4855,2394634
2021-12-10,Puerto Rico,3285874,5686,2757284,4652,2399286
2021-12-11,Puerto Rico,3285874,4777,2762061,3851,2403137
2021-12-12,Puerto Rico,3285874,195,2762256,17,2403154
2021-12-13,Puerto Rico,3285874,154,2762410,37,2403191
2021-12-14,Puerto Rico,3285874,252,2762662,19,2403210
2021-12-15,Puerto Rico,3285874,0,2762662,0,2403210
2021-12-16,Puerto Rico,3285874,14579,2777241,10442,2413652
2021-12-17,Puerto Rico,3285874,20155,2797396,21466,2435118
2021-12-18,Puerto Rico,3285874,0,2797396,0,2435118
2021-12-19,Puerto Rico,3285874,4723,2802119,3326,2438444
2021-12-20,Puerto Rico,3285874,324,2802443,14,2438458
2021-12-21,Puerto Rico,3285874,9267,2811710,4597,2443055
2021-12-22,Puerto Rico,3285874,4473,2816183,2260,2445315
2021-12-23,Puerto Rico,3285874,5357,2821540,2885,2448200
2021-12-24,Puerto Rico,3285874,0,2821540,0,2448200
2021-12-25,Puerto Rico,3285874,0,2821540,0,2448200
2021-12-26,Puerto Rico,3285874,0,2821540,0,2448200
2021-12-27,Puerto Rico,3285874,673,2822213,40,2448240
2021-12-28,Puerto Rico,3285874,10954,2833167,6070,2454310
2021-12-29,Puerto Rico,3285874,327,2833494,20,2454330
2021-12-30,Puerto Rico,3285874,7144,2840638,4701,2459031
2021-12-31,Puerto Rico,3285874,0,2840638,0,2459031
2022-01-01,Puerto Rico,3285874,0,2840638,0,2459031
2022-01-02,Puerto Rico,3285874,0,2840638,0,2459031
2022-01-03,Puerto Rico,3285874,0,2840638,0,2459031
2022-01-04,Puerto Rico,3285874,11875,2852513,6508,2465539
2022-01-05,Puerto Rico,3285874,3720,2856233,2711,2468250
2022-01-06,Puerto Rico,3285874,0,2856233,0,2468250
2022-01-07,Puerto Rico,3285874,3983,2860216,2416,2470666
2022-01-08,Puerto Rico,3285874,5320,2865536,2753,2473419
2022-01-09,Puerto Rico,3285874,2520,2868056,1824,2475243
2022-01-10,Puerto Rico,3285874,2765,2870821,1280,2476523
2022-01-11,Puerto Rico,3285874,1370,2872191,602,2477125
2022-01-12,Puerto Rico,3285874,3576,2875767,2750,2479875
2022-01-13,Puerto Rico,3285874,4603,2880370,2666,2482541
2022-01-14,Puerto Rico,3285874,3785,2884155,2679,2485220
2022-01-15,Puerto Rico,3285874,0,2884155,0,2485220
2022-01-16,Puerto Rico,3285874,4614,2888769,2180,2487400
2022-01-17,Puerto Rico,3285874,0,2888769,0,2487400
2022-01-18,Puerto Rico,3285874,6621,2895390,3322,2490722
2022-01-19,Puerto Rico,3285874,6510,2901900,3427,2494149
2022-01-20,Puerto Rico,3285874,17577,2919477,13349,2507498
2022-01-21,Puerto Rico,3285874,3767,2923244,2655,2510153
2022-01-22,Puerto Rico,3285874,3893,2927137,2866,2513019
2022-01-23,Puerto Rico,3285874,213,2927350,17,2513036
2022-01-24,Puerto Rico,3285874,173,2927523,33,2513069
2022-01-25,Puerto Rico,3285874,7129,2934652,3802,2516871
2022-01-26,Puerto Rico,3285874,3693,2938345,2393,2519264
2022-01-27,Puerto Rico,3285874,195,2938540,31,2519295
2022-01-28,Puerto Rico,3285874,24011,2962551,10977,2530272
2022-01-29,Puerto Rico,3285874,4835,2967386,3129,2533401
2022-01-30,Puerto Rico,3285874,4880,2972266,3045,2536446
2022-01-31,Puerto Rico,3285874,0,2972266,0,2536446
2022-02-01,Puerto Rico,3285874,4265,2976531,2210,2538656
2022-02-02,Puerto Rico,3285874,4373,2980904,3222,2541878
2022-02-03,Puerto Rico,3285874,0,2980904,0,2541878
2022-02-04,Puerto Rico,3285874,9669,2990573,7282,2549160
2022-02-05,Puerto Rico,3285874,4514,2995087,3783,2552943
2022-02-06,Puerto Rico,3285874,124,2995211,25,2552968
2022-02-07,Puerto Rico,3285874,99,2995310,17,2552985
2022-02-08,Puerto Rico,3285874,6672,3001982,5190,2558175
2022-02-09,Puerto Rico,3285874,0,3001982,0,2558175
2021-07-01,Rhode Island,1056298,1239,685515,1680,625477
2021-07-02,Rhode Island,1056298,1000,686515,1358,626835
2021-07-03,Rhode Island,1056298,374,686889,426,627261
2021-07-04,Rhode Island,1056298,951,687840,1147,628408
2021-07-05,Rhode Island,1056298,0,687840,0,628408
2021-07-06,Rhode Island,1056298,1153,688993,1275,629683
2021-07-07,Rhode Island,1056298,197,689190,210,629893
2021-07-08,Rhode Island,1056298,886,690076,1278,631171
2021-07-09,Rhode Island,1056298,963,691039,1323,632494
2021-07-10,Rhode Island,1056298,911,691950,951,633445
2021-07-11,Rhode Island,1056298,872,692822,1101,634546
2021-07-12,Rhode Island,1056298,756,693578,886,635432
2021-07-13,Rhode Island,1056298,500,694078,558,635990
2021-07-14,Rhode Island,1056298,709,694787,722,636712
2021-07-15,Rhode Island,1056298,958,695745,1132,637844
2021-07-16,Rhode Island,1056298,924,696669,994,638838
2021-07-17,Rhode Island,1056298,909,697578,984,639822
2021-07-18,Rhode Island,1056298,786,698364,924,640746
2021-07-19,Rhode Island,1056298,666,699030,666,641412
2021-07-20,Rhode Island,1056298,0,699030,0,641412
2021-07-21,Rhode Island,1056298,1211,700241,1190,642602
2021-07-22,Rhode Island,1056298,1170,701411,1172,643774
2021-07-23,Rhode Island,1056298,1088,702499,895,644669
2021-07-24,Rhode Island,1056298,1207,703706,769,645438
2021-07-25,Rhode Island,1056298,1046,704752,888,646326
2021-07-26,Rhode Island,1056298,877,705629,615,646941
2021-07-27,Rhode Island,1056298,640,706269,359,647300
2021-07-28,Rhode Island,1056298,905,707174,556,647856
2021-07-29,Rhode Island,1056298,1708,708882,1078,648934
2021-07-30,Rhode Island,1056298,3751,712633,1779,650713
2021-07-31,Rhode Island,1056298,1240,713873,785,651498
2021-08-01,Rhode Island,1056298,1175,715048,689,652187
2021-08-02,Rhode Island,1056298,989,716037,684,652871
2021-08-03,Rhode Island,1056298,616,716653,453,653324
2021-08-04,Rhode Island,1056298,879,717532,532,653856
2021-08-05,Rhode Island,1056298,3535,721067,1713,655569
2021-08-06,Rhode Island,1056298,1362,722429,854,656423
2021-08-07,Rhode Island,1056298,1181,723610,814,657237
2021-08-08,Rhode Island,1056298,1405,725015,877,658114
2021-08-09,Rhode Island,1056298,989,726004,629,658743
2021-08-10,Rhode Island,1056298,2726,728730,1183,659926
2021-08-11,Rhode Island,1056298,977,729707,754,660680
2021-08-12,Rhode Island,1056298,982,730689,803,661483
2021-08-13,Rhode Island,1056298,1260,731949,962,662445
2021-08-14,Rhode Island,1056298,1542,733491,1107,663552
2021-08-15,Rhode Island,1056298,77,733568,43,663595
2021-08-16,Rhode Island,1056298,2896,736464,2024,665619
2021-08-17,Rhode Island,1056298,651,737115,388,666007
2021-08-18,Rhode Island,1056298,1348,738463,3379,669386
2021-08-19,Rhode Island,1056298,3151,741614,2111,671497
2021-08-20,Rhode Island,1056298,1201,742815,1067,672564
2021-08-21,Rhode Island,1056298,2228,745043,1693,674257
2021-08-22,Rhode Island,1056298,1224,746267,992,675249
2021-08-23,Rhode Island,1056298,965,747232,846,676095
2021-08-24,Rhode Island,1056298,560,747792,536,676631
2021-08-25,Rhode Island,1056298,1955,749747,1986,678617
2021-08-26,Rhode Island,1056298,1354,751101,1208,679825
2021-08-27,Rhode Island,1056298,1412,752513,1303,681128
2021-08-28,Rhode Island,1056298,0,752513,0,681128
2021-08-29,Rhode Island,1056298,3348,755861,2902,684030
2021-08-30,Rhode Island,1056298,1026,756887,904,684934
2021-08-31,Rhode Island,1056298,659,757546,685,685619
2021-09-01,Rhode Island,1056298,2879,760425,2287,687906
2021-09-02,Rhode Island,1056298,1379,761804,1067,688973
2021-09-03,Rhode Island,1056298,2203,764007,1522,690495
2021-09-04,Rhode Island,1056298,1289,765296,1046,691541
2021-09-05,Rhode Island,1056298,0,765296,0,691541
2021-09-06,Rhode Island,1056298,0,765296,0,691541
2021-09-07,Rhode Island,1056298,2854,768150,2604,694145
2021-09-08,Rhode Island,1056298,2427,770577,1798,695943
2021-09-09,Rhode Island,1056298,702,771279,685,696628
2021-09-10,Rhode Island,1056298,1236,772515,1264,697892
2021-09-11,Rhode Island,1056298,1269,773784,1185,699077
2021-09-12,Rhode Island,1056298,1228,775012,1074,700151
2021-09-13,Rhode Island,1056298,0,775012,0,700151
2021-09-14,Rhode Island,1056298,1565,776577,1531,701682
2021-09-15,Rhode Island,1056298,2696,779273,2137,703819
2021-09-16,Rhode Island,1056298,1144,780417,1109,704928
2021-09-17,Rhode Island,1056298,1744,782161,1731,706659
2021-09-18,Rhode Island,1056298,1642,783803,1561,708220
2021-09-19,Rhode Island,1056298,940,784743,1147,709367
2021-09-20,Rhode Island,1056298,795,785538,1000,710367
2021-09-21,Rhode Island,1056298,478,786016,648,711015
2021-09-22,Rhode Island,1056298,1282,787298,1313,712328
2021-09-23,Rhode Island,1056298,2546,789844,2798,715126
2021-09-24,Rhode Island,1056298,1702,791546,1713,716839
2021-09-25,Rhode Island,1056298,1058,792604,1456,718295
2021-09-26,Rhode Island,1056298,916,793520,1219,719514
2021-09-27,Rhode Island,1056298,747,794267,893,720407
2021-09-28,Rhode Island,1056298,0,794267,0,720407
2021-09-29,Rhode Island,1056298,2034,796301,1889,722296
2021-09-30,Rhode Island,1056298,1117,797418,866,723162
2021-10-01,Rhode Island,1056298,725,798143,785,723947
2021-10-02,Rhode Island,1056298,845,798988,1005,724952
2021-10-03,Rhode Island,1056298,1608,800596,1729,726681
2021-10-04,Rhode Island,1056298,1395,801991,1642,728323
2021-10-05,Rhode Island,1056298,481,802472,464,728787
2021-10-06,Rhode Island,1056298,2109,804581,2121,730908
2021-10-07,Rhode Island,1056298,659,805240,549,731457
2021-10-08,Rhode Island,1056298,1151,806391,1048,732505
2021-10-09,Rhode Island,1056298,1177,807568,1189,733694
2021-10-10,Rhode Island,1056298,0,807568,0,733694
2021-10-11,Rhode Island,1056298,0,807568,0,733694
2021-10-12,Rhode Island,1056298,1645,809213,1620,735314
2021-10-13,Rhode Island,1056298,781,809994,786,736100
2021-10-14,Rhode Island,1056298,907,810901,945,737045
2021-10-15,Rhode Island,1056298,1265,812166,1224,738269
2021-10-16,Rhode Island,1056298,962,813128,1062,739331
2021-10-17,Rhode Island,1056298,832,813960,906,740237
2021-10-18,Rhode Island,1056298,558,814518,641,740878
2021-10-19,Rhode Island,1056298,419,814937,358,741236
2021-10-20,Rhode Island,1056298,768,815705,796,742032
2021-10-21,Rhode Island,1056298,784,816489,748,742780
2021-10-22,Rhode Island,1056298,2166,818655,2018,744798
2021-10-23,Rhode Island,1056298,768,819423,673,745471
2021-10-24,Rhode Island,1056298,761,820184,614,746085
2021-10-25,Rhode Island,1056298,469,820653,299,746384
2021-10-26,Rhode Island,1056298,1423,822076,1123,747507
2021-10-27,Rhode Island,1056298,1013,823089,609,748116
2021-10-28,Rhode Island,1056298,1497,824586,852,748968
2021-10-29,Rhode Island,1056298,987,825573,580,749548
2021-10-30,Rhode Island,1056298,1816,827389,1142,750690
2021-10-31,Rhode Island,1056298,1137,828526,669,751359
2021-11-01,Rhode Island,1056298,885,829411,503,751862
2021-11-02,Rhode Island,1056298,527,829938,331,752193
2021-11-03,Rhode Island,1056298,1565,831503,947,753140
2021-11-04,Rhode Island,1056298,1309,832812,744,753884
2021-11-05,Rhode Island,1056298,803,833615,447,754331
2021-11-06,Rhode Island,1056298,1335,834950,709,755040
2021-11-07,Rhode Island,1056298,1581,836531,663,755703
2021-11-08,Rhode Island,1056298,1844,838375,634,756337
2021-11-09,Rhode Island,1056298,1312,839687,451,756788
2021-11-10,Rhode Island,1056298,1143,840830,329,757117
2021-11-11,Rhode Island,1056298,0,840830,0,757117
2021-11-12,Rhode Island,1056298,5959,846789,1429,758546
2021-11-13,Rhode Island,1056298,1610,848399,348,758894
2021-11-14,Rhode Island,1056298,2284,850683,636,759530
2021-11-15,Rhode Island,1056298,2459,853142,369,759899
2021-11-16,Rhode Island,1056298,2848,855990,674,760573
2021-11-17,Rhode Island,1056298,1769,857759,406,760979
2021-11-18,Rhode Island,1056298,0,857759,0,760979
2021-11-19,Rhode Island,1056298,3343,861102,812,761791
2021-11-20,Rhode Island,1056298,2661,863763,653,762444
2021-11-21,Rhode Island,1056298,2481,866244,746,763190
2021-11-22,Rhode Island,1056298,3960,870204,968,764158
2021-11-23,Rhode Island,1056298,0,870204,0,764158
2021-11-24,Rhode Island,1056298,2855,873059,914,765072
2021-11-25,Rhode Island,1056298,0,873059,0,765072
2021-11-26,Rhode Island,1056298,0,873059,0,765072
2021-11-27,Rhode Island,1056298,0,873059,0,765072
2021-11-28,Rhode Island,1056298,0,873059,0,765072
2021-11-29,Rhode Island,1056298,0,873059,0,765072
2021-11-30,Rhode Island,1056298,8334,881393,3805,768877
2021-12-01,Rhode Island,1056298,1891,883284,1253,770130
2021-12-02,Rhode Island,1056298,2049,885333,1515,771645
2021-12-03,Rhode Island,1056298,1812,887145,2910,774555
2021-12-04,Rhode Island,1056298,2696,889841,2271,776826
2021-12-05,Rhode Island,1056298,1493,891334,1432,778258
2021-12-06,Rhode Island,1056298,1356,892690,2011,780269
2021-12-07,Rhode Island,1056298,3166,895856,2637,782906
2021-12-08,Rhode Island,1056298,1940,897796,2089,784995
2021-12-09,Rhode Island,1056298,2736,900532,2170,787165
2021-12-10,Rhode Island,1056298,2784,903316,2079,789244
2021-12-11,Rhode Island,1056298,2584,905900,2131,791375
2021-12-12,Rhode Island,1056298,1611,907511,1254,792629
2021-12-13,Rhode Island,1056298,1168,908679,1242,793871
2021-12-14,Rhode Island,1056298,2212,910891,1529,795400
2021-12-15,Rhode Island,1056298,0,910891,0,795400
2021-12-16,Rhode Island,1056298,1803,912694,1056,796456
2021-12-17,Rhode Island,1056298,4520,917214,2587,799043
2021-12-18,Rhode Island,1056298,0,917214,0,799043
2021-12-19,Rhode Island,1056298,4371,921585,1963,801006
2021-12-20,Rhode Island,1056298,1532,923117,669,801675
2021-12-21,Rhode Island,1056298,2901,926018,1265,802940
2021-12-22,Rhode Island,1056298,2003,928021,820,803760
2021-12-23,Rhode Island,1056298,1674,929695,743,804503
2021-12-24,Rhode Island,1056298,0,929695,0,804503
2021-12-25,Rhode Island,1056298,0,929695,0,804503
2021-12-26,Rhode Island,1056298,0,929695,0,804503
2021-12-27,Rhode Island,1056298,4043,933738,1688,806191
2021-12-28,Rhode Island,1056298,4459,938197,1464,807655
2021-12-29,Rhode Island,1056298,1702,939899,919,808574
2021-12-30,Rhode Island,1056298,2768,942667,1334,809908
2021-12-31,Rhode Island,1056298,0,942667,0,809908
2022-01-01,Rhode Island,1056298,0,942667,0,809908
2022-01-02,Rhode Island,1056298,0,942667,0,809908
2022-01-03,Rhode Island,1056298,0,942667,0,809908
2022-01-04,Rhode Island,1056298,6797,949464,3250,813158
2022-01-05,Rhode Island,1056298,3012,952476,1357,814515
2022-01-06,Rhode Island,1056298,0,952476,0,814515
2022-01-07,Rhode Island,1056298,2703,955179,1191,815706
2022-01-08,Rhode Island,1056298,3196,958375,1566,817272
2022-01-09,Rhode Island,1056298,1092,959467,614,817886
2022-01-10,Rhode Island,1056298,1233,960700,862,818748
2022-01-11,Rhode Island,1056298,620,961320,270,819018
2022-01-12,Rhode Island,1056298,5680,967000,2352,821370
2022-01-13,Rhode Island,1056298,2386,969386,1197,822567
2022-01-14,Rhode Island,1056298,1967,971353,993,823560
2022-01-15,Rhode Island,1056298,0,971353,0,823560
2022-01-16,Rhode Island,1056298,1245,972598,700,824260
2022-01-17,Rhode Island,1056298,0,972598,0,824260
2022-01-18,Rhode Island,1056298,2827,975425,1131,825391
2022-01-19,Rhode Island,1056298,9454,984879,2413,827804
2022-01-20,Rhode Island,1056298,4663,989542,-457,827347
2022-01-21,Rhode Island,1056298,2072,991614,1441,828788
2022-01-22,Rhode Island,1056298,1018,992632,733,829521
2022-01-23,Rhode Island,1056298,772,993404,659,830180
2022-01-24,Rhode Island,1056298,695,994099,389,830569
2022-01-25,Rhode Island,1056298,2229,996328,1186,831755
2022-01-26,Rhode Island,1056298,1302,997630,823,832578
2022-01-27,Rhode Island,1056298,1030,998660,910,833488
2022-01-28,Rhode Island,1056298,1205,999865,1104,834592
2022-01-29,Rhode Island,1056298,1016,1000881,1180,835772
2022-01-30,Rhode Island,1056298,675,1001556,590,836362
2022-01-31,Rhode Island,1056298,0,1001556,0,836362
2022-02-01,Rhode Island,1056298,1179,1002735,1143,837505
2022-02-02,Rhode Island,1056298,849,1003584,897,838402
2022-02-03,Rhode Island,1056298,0,1003584,0,838402
2022-02-04,Rhode Island,1056298,1893,1005477,1912,840314
2022-02-05,Rhode Island,1056298,908,1006385,1114,841428
2022-02-06,Rhode Island,1056298,173,1006558,178,841606
2022-02-07,Rhode Island,1056298,41,1006599,18,841624
2022-02-08,Rhode Island,1056298,1347,1007946,1369,842993
2022-02-09,Rhode Island,1056298,0,1007946,0,842993
2021-07-01,South Carolina,4896146,4197,2284426,4886,1996786
2021-07-02,South Carolina,4896146,3593,2288019,4336,2001122
2021-07-03,South Carolina,4896146,3631,2291650,4172,2005294
2021-07-04,South Carolina,4896146,3996,2295646,4759,2010053
2021-07-05,South Carolina,4896146,0,2295646,0,2010053
2021-07-06,South Carolina,4896146,4191,2299837,4613,2014666
2021-07-07,South Carolina,4896146,1119,2300956,1242,2015908
2021-07-08,South Carolina,4896146,3535,2304491,3742,2019650
2021-07-09,South Carolina,4896146,3357,2307848,3754,2023404
2021-07-10,South Carolina,4896146,3259,2311107,3677,2027081
2021-07-11,South Carolina,4896146,4253,2315360,5255,2032336
2021-07-12,South Carolina,4896146,2811,2318171,2740,2035076
2021-07-13,South Carolina,4896146,2387,2320558,2406,2037482
2021-07-14,South Carolina,4896146,2164,2322722,885,2038367
2021-07-15,South Carolina,4896146,3738,2326460,3597,2041964
2021-07-16,South Carolina,4896146,3799,2330259,3684,2045648
2021-07-17,South Carolina,4896146,3646,2333905,2916,2048564
2021-07-18,South Carolina,4896146,4692,2338597,3809,2052373
2021-07-19,South Carolina,4896146,3742,2342339,2999,2055372
2021-07-20,South Carolina,4896146,0,2342339,0,2055372
2021-07-21,South Carolina,4896146,6097,2348436,4660,2060032
2021-07-22,South Carolina,4896146,5488,2353924,4021,2064053
2021-07-23,South Carolina,4896146,5232,2359156,3252,2067305
2021-07-24,South Carolina,4896146,5526,2364682,2962,2070267
2021-07-25,South Carolina,4896146,7001,2371683,4139,2074406
2021-07-26,South Carolina,4896146,5907,2377590,2677,2077083
2021-07-27,South Carolina,4896146,3667,2381257,1716,2078799
2021-07-28,South Carolina,4896146,5093,2386350,2071,2080870
2021-07-29,South Carolina,4896146,7333,2393683,3631,2084501
2021-07-30,South Carolina,4896146,7617,2401300,3628,2088129
2021-07-31,South Carolina,4896146,7319,2408619,3149,2091278
2021-08-01,South Carolina,4896146,7466,2416085,4133,2095411
2021-08-02,South Carolina,4896146,6617,2422702,2520,2097931
2021-08-03,South Carolina,4896146,5691,2428393,2366,2100297
2021-08-04,South Carolina,4896146,5811,2434204,2628,2102925
2021-08-05,South Carolina,4896146,8934,2443138,3440,2106365
2021-08-06,South Carolina,4896146,8785,2451923,3188,2109553
2021-08-07,South Carolina,4896146,9441,2461364,3652,2113205
2021-08-08,South Carolina,4896146,9895,2471259,4845,2118050
2021-08-09,South Carolina,4896146,8539,2479798,3371,2121421
2021-08-10,South Carolina,4896146,5403,2485201,1966,2123387
2021-08-11,South Carolina,4896146,700,2485901,382,2123769
2021-08-12,South Carolina,4896146,12462,2498363,5591,2129360
2021-08-13,South Carolina,4896146,9583,2507946,4235,2133595
2021-08-14,South Carolina,4896146,12211,2520157,5582,2139177
2021-08-15,South Carolina,4896146,10315,2530472,5053,2144230
2021-08-16,South Carolina,4896146,9152,2539624,5105,2149335
2021-08-17,South Carolina,4896146,5454,2545078,2460,2151795
2021-08-18,South Carolina,4896146,7316,2552394,3747,2155542
2021-08-19,South Carolina,4896146,9382,2561776,5337,2160879
2021-08-20,South Carolina,4896146,8767,2570543,5153,2166032
2021-08-21,South Carolina,4896146,9011,2579554,5331,2171363
2021-08-22,South Carolina,4896146,9771,2589325,6198,2177561
2021-08-23,South Carolina,4896146,7684,2597009,6227,2183788
2021-08-24,South Carolina,4896146,4786,2601795,3775,2187563
2021-08-25,South Carolina,4896146,6222,2608017,5035,2192598
2021-08-26,South Carolina,4896146,8649,2616666,6671,2199269
2021-08-27,South Carolina,4896146,8302,2624968,6256,2205525
2021-08-28,South Carolina,4896146,0,2624968,0,2205525
2021-08-29,South Carolina,4896146,20089,2645057,14441,2219966
2021-08-30,South Carolina,4896146,8814,2653871,7567,2227533
2021-08-31,South Carolina,4896146,4834,2658705,4675,2232208
2021-09-01,South Carolina,4896146,7307,2666012,5922,2238130
2021-09-02,South Carolina,4896146,8766,2674778,7971,2246101
2021-09-03,South Carolina,4896146,8497,2683275,7522,2253623
2021-09-04,South Carolina,4896146,9121,2692396,7861,2261484
2021-09-05,South Carolina,4896146,0,2692396,0,2261484
2021-09-06,South Carolina,4896146,0,2692396,0,2261484
2021-09-07,South Carolina,4896146,19852,2712248,18731,2280215
2021-09-08,South Carolina,4896146,3796,2716044,3694,2283909
2021-09-09,South Carolina,4896146,4442,2720486,4656,2288565
2021-09-10,South Carolina,4896146,7185,2727671,8507,2297072
2021-09-11,South Carolina,4896146,7719,2735390,7801,2304873
2021-09-12,South Carolina,4896146,9510,2744900,8532,2313405
2021-09-13,South Carolina,4896146,0,2744900,0,2313405
2021-09-14,South Carolina,4896146,10745,2755645,12077,2325482
2021-09-15,South Carolina,4896146,6514,2762159,5798,2331280
2021-09-16,South Carolina,4896146,7448,2769607,7989,2339269
2021-09-17,South Carolina,4896146,10324,2779931,10559,2349828
2021-09-18,South Carolina,4896146,6195,2786126,6844,2356672
2021-09-19,South Carolina,4896146,7148,2793274,9020,2365692
2021-09-20,South Carolina,4896146,4950,2798224,7602,2373294
2021-09-21,South Carolina,4896146,2953,2801177,4100,2377394
2021-09-22,South Carolina,4896146,4472,2805649,5690,2383084
2021-09-23,South Carolina,4896146,5611,2811260,7683,2390767
2021-09-24,South Carolina,4896146,4526,2815786,5564,2396331
2021-09-25,South Carolina,4896146,6190,2821976,8221,2404552
2021-09-26,South Carolina,4896146,5885,2827861,8790,2413342
2021-09-27,South Carolina,4896146,4777,2832638,6535,2419877
2021-09-28,South Carolina,4896146,0,2832638,0,2419877
2021-09-29,South Carolina,4896146,7279,2839917,8851,2428728
2021-09-30,South Carolina,4896146,4177,2844094,4701,2433429
2021-10-01,South Carolina,4896146,4008,2848102,4384,2437813
2021-10-02,South Carolina,4896146,2873,2850975,3675,2441488
2021-10-03,South Carolina,4896146,6873,2857848,9346,2450834
2021-10-04,South Carolina,4896146,5504,2863352,8351,2459185
2021-10-05,South Carolina,4896146,2845,2866197,4014,2463199
2021-10-06,South Carolina,4896146,3584,2869781,4728,2467927
2021-10-07,South Carolina,4896146,3176,2872957,3674,2471601
2021-10-08,South Carolina,4896146,5552,2878509,6948,2478549
2021-10-09,South Carolina,4896146,4495,2883004,5494,2484043
2021-10-10,South Carolina,4896146,0,2883004,0,2484043
2021-10-11,South Carolina,4896146,0,2883004,0,2484043
2021-10-12,South Carolina,4896146,8392,2891396,11858,2495901
2021-10-13,South Carolina,4896146,2280,2893676,2993,2498894
2021-10-14,South Carolina,4896146,6063,2899739,9787,2508681
2021-10-15,South Carolina,4896146,4181,2903920,5384,2514065
2021-10-16,South Carolina,4896146,3384,2907304,4251,2518316
2021-10-17,South Carolina,4896146,4751,2912055,6257,2524573
2021-10-18,South Carolina,4896146,2901,2914956,3998,2528571
2021-10-19,South Carolina,4896146,1549,2916505,1981,2530552
2021-10-20,South Carolina,4896146,3681,2920186,3569,2534121
2021-10-21,South Carolina,4896146,3393,2923579,3878,2537999
2021-10-22,South Carolina,4896146,5609,2929188,5084,2543083
2021-10-23,South Carolina,4896146,3242,2932430,3360,2546443
2021-10-24,South Carolina,4896146,4157,2936587,4398,2550841
2021-10-25,South Carolina,4896146,2888,2939475,2694,2553535
2021-10-26,South Carolina,4896146,2393,2941868,1925,2555460
2021-10-27,South Carolina,4896146,5046,2946914,3895,2559355
2021-10-28,South Carolina,4896146,5901,2952815,4601,2563956
2021-10-29,South Carolina,4896146,4462,2957277,3454,2567410
2021-10-30,South Carolina,4896146,4540,2961817,3416,2570826
2021-10-31,South Carolina,4896146,4874,2966691,3848,2574674
2021-11-01,South Carolina,4896146,3793,2970484,3155,2577829
2021-11-02,South Carolina,4896146,2385,2972869,1703,2579532
2021-11-03,South Carolina,4896146,3664,2976533,2481,2582013
2021-11-04,South Carolina,4896146,3924,2980457,2995,2585008
2021-11-05,South Carolina,4896146,2835,2983292,2209,2587217
2021-11-06,South Carolina,4896146,4482,2987774,2687,2589904
2021-11-07,South Carolina,4896146,5645,2993419,4057,2593961
2021-11-08,South Carolina,4896146,5246,2998665,3511,2597472
2021-11-09,South Carolina,4896146,2559,3001224,999,2598471
2021-11-10,South Carolina,4896146,3967,3005191,1682,2600153
2021-11-11,South Carolina,4896146,0,3005191,0,2600153
2021-11-12,South Carolina,4896146,7882,3013073,3790,2603943
2021-11-13,South Carolina,4896146,11171,3024244,5119,2609062
2021-11-14,South Carolina,4896146,6291,3030535,2927,2611989
2021-11-15,South Carolina,4896146,5882,3036417,2474,2614463
2021-11-16,South Carolina,4896146,3275,3039692,1436,2615899
2021-11-17,South Carolina,4896146,5155,3044847,2071,2617970
2021-11-18,South Carolina,4896146,0,3044847,0,2617970
2021-11-19,South Carolina,4896146,6183,3051030,3210,2621180
2021-11-20,South Carolina,4896146,5575,3056605,2813,2623993
2021-11-21,South Carolina,4896146,5466,3062071,2615,2626608
2021-11-22,South Carolina,4896146,11489,3073560,4966,2631574
2021-11-23,South Carolina,4896146,0,3073560,0,2631574
2021-11-24,South Carolina,4896146,7405,3080965,2938,2634512
2021-11-25,South Carolina,4896146,0,3080965,0,2634512
2021-11-26,South Carolina,4896146,0,3080965,0,2634512
2021-11-27,South Carolina,4896146,0,3080965,0,2634512
2021-11-28,South Carolina,4896146,0,3080965,0,2634512
2021-11-29,South Carolina,4896146,0,3080965,0,2634512
2021-11-30,South Carolina,4896146,21919,3102884,11884,2646396
2021-12-01,South Carolina,4896146,4168,3107052,3852,2650248
2021-12-02,South Carolina,4896146,5759,3112811,5042,2655290
2021-12-03,South Carolina,4896146,5349,3118160,3710,2659000
2021-12-04,South Carolina,4896146,7121,3125281,4614,2663614
2021-12-05,South Carolina,4896146,6582,3131863,4824,2668438
2021-12-06,South Carolina,4896146,5450,3137313,4434,2672872
2021-12-07,South Carolina,4896146,2985,3140298,2449,2675321
2021-12-08,South Carolina,4896146,4935,3145233,3485,2678806
2021-12-09,South Carolina,4896146,5305,3150538,3920,2682726
2021-12-10,South Carolina,4896146,4951,3155489,3557,2686283
2021-12-11,South Carolina,4896146,5172,3160661,3294,2689577
2021-12-12,South Carolina,4896146,4704,3165365,3765,2693342
2021-12-13,South Carolina,4896146,236,3165601,94,2693436
2021-12-14,South Carolina,4896146,4399,3170000,3788,2697224
2021-12-15,South Carolina,4896146,0,3170000,0,2697224
2021-12-16,South Carolina,4896146,3717,3173717,2805,2700029
2021-12-17,South Carolina,4896146,8495,3182212,6069,2706098
2021-12-18,South Carolina,4896146,0,3182212,0,2706098
2021-12-19,South Carolina,4896146,9236,3191448,5872,2711970
2021-12-20,South Carolina,4896146,3472,3194920,2595,2714565
2021-12-21,South Carolina,4896146,2306,3197226,1169,2715734
2021-12-22,South Carolina,4896146,5143,3202369,2525,2718259
2021-12-23,South Carolina,4896146,5680,3208049,3266,2721525
2021-12-24,South Carolina,4896146,0,3208049,0,2721525
2021-12-25,South Carolina,4896146,0,3208049,0,2721525
2021-12-26,South Carolina,4896146,0,3208049,0,2721525
2021-12-27,South Carolina,4896146,14135,3222184,8021,2729546
2021-12-28,South Carolina,4896146,1137,3223321,566,2730112
2021-12-29,South Carolina,4896146,3262,3226583,2003,2732115
2021-12-30,South Carolina,4896146,5136,3231719,3109,2735224
2021-12-31,South Carolina,4896146,0,3231719,0,2735224
2022-01-01,South Carolina,4896146,0,3231719,0,2735224
2022-01-02,South Carolina,4896146,0,3231719,0,2735224
2022-01-03,South Carolina,4896146,0,3231719,0,2735224
2022-01-04,South Carolina,4896146,17992,3249711,9859,2745083
2022-01-05,South Carolina,4896146,3517,3253228,2065,2747148
2022-01-06,South Carolina,4896146,0,3253228,0,2747148
2022-01-07,South Carolina,4896146,4381,3257609,2708,2749856
2022-01-08,South Carolina,4896146,9935,3267544,5372,2755228
2022-01-09,South Carolina,4896146,580,3268124,146,2755374
2022-01-10,South Carolina,4896146,248,3268372,61,2755435
2022-01-11,South Carolina,4896146,11951,3280323,6375,2761810
2022-01-12,South Carolina,4896146,6988,3287311,3971,2765781
2022-01-13,South Carolina,4896146,5069,3292380,2926,2768707
2022-01-14,South Carolina,4896146,4187,3296567,2295,2771002
2022-01-15,South Carolina,4896146,0,3296567,0,2771002
2022-01-16,South Carolina,4896146,3883,3300450,2192,2773194
2022-01-17,South Carolina,4896146,0,3300450,0,2773194
2022-01-18,South Carolina,4896146,9900,3310350,4457,2777651
2022-01-19,South Carolina,4896146,44570,3354920,26876,2804527
2022-01-20,South Carolina,4896146,2599,3357519,1758,2806285
2022-01-21,South Carolina,4896146,3008,3360527,2302,2808587
2022-01-22,South Carolina,4896146,2774,3363301,2418,2811005
2022-01-23,South Carolina,4896146,2954,3366255,2265,2813270
2022-01-24,South Carolina,4896146,344,3366599,98,2813368
2022-01-25,South Carolina,4896146,3044,3369643,1958,2815326
2022-01-26,South Carolina,4896146,2235,3371878,1755,2817081
2022-01-27,South Carolina,4896146,2476,3374354,2309,2819390
2022-01-28,South Carolina,4896146,2312,3376666,2296,2821686
2022-01-29,South Carolina,4896146,2212,3378878,2015,2823701
2022-01-30,South Carolina,4896146,2665,3381543,2834,2826535
2022-01-31,South Carolina,4896146,0,3381543,0,2826535
2022-02-01,South Carolina,4896146,3021,3384564,3213,2829748
2022-02-02,South Carolina,4896146,1732,3386296,1648,2831396
2022-02-03,South Carolina,4896146,0,3386296,0,2831396
2022-02-04,South Carolina,4896146,4118,3390414,4345,2835741
2022-02-05,South Carolina,4896146,2028,3392442,1990,2837731
2022-02-06,South Carolina,4896146,2297,3394739,2715,2840446
2022-02-07,South Carolina,4896146,1752,3396491,2265,2842711
2022-02-08,South Carolina,4896146,889,3397380,1152,2843863
2022-02-09,South Carolina,4896146,0,3397380,0,2843863
2021-07-01,South Dakota,858469,789,447680,879,402310
2021-07-02,South Dakota,858469,722,448402,601,402911
2021-07-03,South Dakota,858469,647,449049,651,403562
2021-07-04,South Dakota,858469,176,449225,161,403723
2021-07-05,South Dakota,858469,0,449225,0,403723
2021-07-06,South Dakota,858469,109,449334,82,403805
2021-07-07,South Dakota,858469,946,450280,952,404757
2021-07-08,South Dakota,858469,567,450847,686,405443
2021-07-09,South Dakota,858469,588,451435,683,406126
2021-07-10,South Dakota,858469,624,452059,584,406710
2021-07-11,South Dakota,858469,142,452201,160,406870
2021-07-12,South Dakota,858469,78,452279,51,406921
2021-07-13,South Dakota,858469,792,453071,631,407552
2021-07-14,South Dakota,858469,475,453546,405,407957
2021-07-15,South Dakota,858469,553,454099,415,408372
2021-07-16,South Dakota,858469,681,454780,519,408891
2021-07-17,South Dakota,858469,727,455507,478,409369
2021-07-18,South Dakota,858469,294,455801,139,409508
2021-07-19,South Dakota,858469,75,455876,57,409565
2021-07-20,South Dakota,858469,0,455876,0,409565
2021-07-21,South Dakota,858469,1041,456917,564,410129
2021-07-22,South Dakota,858469,1887,458804,1263,411392
2021-07-23,South Dakota,858469,1025,459829,406,411798
2021-07-24,South Dakota,858469,1044,460873,595,412393
2021-07-25,South Dakota,858469,333,461206,154,412547
2021-07-26,South Dakota,858469,139,461345,67,412614
2021-07-27,South Dakota,858469,1495,462840,811,413425
2021-07-28,South Dakota,858469,949,463789,373,413798
2021-07-29,South Dakota,858469,1017,464806,507,414305
2021-07-30,South Dakota,858469,1236,466042,672,414977
2021-07-31,South Dakota,858469,944,466986,471,415448
2021-08-01,South Dakota,858469,298,467284,181,415629
2021-08-02,South Dakota,858469,120,467404,57,415686
2021-08-03,South Dakota,858469,1704,469108,804,416490
2021-08-04,South Dakota,858469,1022,470130,407,416897
2021-08-05,South Dakota,858469,1483,471613,728,417625
2021-08-06,South Dakota,858469,1577,473190,892,418517
2021-08-07,South Dakota,858469,1321,474511,682,419199
2021-08-08,South Dakota,858469,380,474891,285,419484
2021-08-09,South Dakota,858469,111,475002,40,419524
2021-08-10,South Dakota,858469,1774,476776,756,420280
2021-08-11,South Dakota,858469,956,477732,683,420963
2021-08-12,South Dakota,858469,1051,478783,670,421633
2021-08-13,South Dakota,858469,1267,480050,870,422503
2021-08-14,South Dakota,858469,1179,481229,616,423119
2021-08-15,South Dakota,858469,348,481577,320,423439
2021-08-16,South Dakota,858469,229,481806,87,423526
2021-08-17,South Dakota,858469,1734,483540,1049,424575
2021-08-18,South Dakota,858469,988,484528,735,425310
2021-08-19,South Dakota,858469,1032,485560,693,426003
2021-08-20,South Dakota,858469,1275,486835,979,426982
2021-08-21,South Dakota,858469,1151,487986,908,427890
2021-08-22,South Dakota,858469,325,488311,258,428148
2021-08-23,South Dakota,858469,207,488518,145,428293
2021-08-24,South Dakota,858469,133,488651,109,428402
2021-08-25,South Dakota,858469,2869,491520,2480,430882
2021-08-26,South Dakota,858469,1284,492804,875,431757
2021-08-27,South Dakota,858469,405,493209,294,432051
2021-08-28,South Dakota,858469,0,493209,0,432051
2021-08-29,South Dakota,858469,2714,495923,1907,433958
2021-08-30,South Dakota,858469,169,496092,99,434057
2021-08-31,South Dakota,858469,185,496277,125,434182
2021-09-01,South Dakota,858469,2797,499074,2106,436288
2021-09-02,South Dakota,858469,1141,500215,904,437192
2021-09-03,South Dakota,858469,1389,501604,1023,438215
2021-09-04,South Dakota,858469,1337,502941,841,439056
2021-09-05,South Dakota,858469,0,502941,0,439056
2021-09-06,South Dakota,858469,0,502941,0,439056
2021-09-07,South Dakota,858469,548,503489,465,439521
2021-09-08,South Dakota,858469,1889,505378,1419,440940
2021-09-09,South Dakota,858469,990,506368,919,441859
2021-09-10,South Dakota,858469,1035,507403,936,442795
2021-09-11,South Dakota,858469,1080,508483,720,443515
2021-09-12,South Dakota,858469,265,508748,208,443723
2021-09-13,South Dakota,858469,0,508748,0,443723
2021-09-14,South Dakota,858469,2193,510941,1407,445130
2021-09-15,South Dakota,858469,861,511802,791,445921
2021-09-16,South Dakota,858469,932,512734,867,446788
2021-09-17,South Dakota,858469,931,513665,993,447781
2021-09-18,South Dakota,858469,1060,514725,1049,448830
2021-09-19,South Dakota,858469,232,514957,249,449079
2021-09-20,South Dakota,858469,151,515108,187,449266
2021-09-21,South Dakota,858469,1306,516414,1514,450780
2021-09-22,South Dakota,858469,737,517151,761,451541
2021-09-23,South Dakota,858469,680,517831,812,452353
2021-09-24,South Dakota,858469,790,518621,898,453251
2021-09-25,South Dakota,858469,754,519375,872,454123
2021-09-26,South Dakota,858469,336,519711,439,454562
2021-09-27,South Dakota,858469,291,520002,142,454704
2021-09-28,South Dakota,858469,0,520002,0,454704
2021-09-29,South Dakota,858469,2767,522769,1967,456671
2021-09-30,South Dakota,858469,988,523757,655,457326
2021-10-01,South Dakota,858469,1058,524815,768,458094
2021-10-02,South Dakota,858469,764,525579,587,458681
2021-10-03,South Dakota,858469,340,525919,221,458902
2021-10-04,South Dakota,858469,126,526045,67,458969
2021-10-05,South Dakota,858469,1181,527226,549,459518
2021-10-06,South Dakota,858469,809,528035,467,459985
2021-10-07,South Dakota,858469,834,528869,515,460500
2021-10-08,South Dakota,858469,1308,530177,922,461422
2021-10-09,South Dakota,858469,1114,531291,823,462245
2021-10-10,South Dakota,858469,0,531291,0,462245
2021-10-11,South Dakota,858469,0,531291,0,462245
2021-10-12,South Dakota,858469,537,531828,353,462598
2021-10-13,South Dakota,858469,2014,533842,1315,463913
2021-10-14,South Dakota,858469,963,534805,603,464516
2021-10-15,South Dakota,858469,885,535690,534,465050
2021-10-16,South Dakota,858469,910,536600,540,465590
2021-10-17,South Dakota,858469,291,536891,158,465748
2021-10-18,South Dakota,858469,120,537011,92,465840
2021-10-19,South Dakota,858469,2063,539074,1372,467212
2021-10-20,South Dakota,858469,839,539913,509,467721
2021-10-21,South Dakota,858469,-2277,537636,-7835,459886
2021-10-22,South Dakota,858469,1819,539455,1322,461208
2021-10-23,South Dakota,858469,1024,540479,666,461874
2021-10-24,South Dakota,858469,406,540885,156,462030
2021-10-25,South Dakota,858469,241,541126,66,462096
2021-10-26,South Dakota,858469,226,541352,66,462162
2021-10-27,South Dakota,858469,3083,544435,1345,463507
2021-10-28,South Dakota,858469,1400,545835,570,464077
2021-10-29,South Dakota,858469,1415,547250,675,464752
2021-10-30,South Dakota,858469,1664,548914,730,465482
2021-10-31,South Dakota,858469,395,549309,149,465631
2021-11-01,South Dakota,858469,218,549527,86,465717
2021-11-02,South Dakota,858469,2323,551850,1160,466877
2021-11-03,South Dakota,858469,317,552167,155,467032
2021-11-04,South Dakota,858469,2380,554547,1293,468325
2021-11-05,South Dakota,858469,40,554587,2216,470541
2021-11-06,South Dakota,858469,1470,556057,731,471272
2021-11-07,South Dakota,858469,437,556494,133,471405
2021-11-08,South Dakota,858469,368,556862,161,471566
2021-11-09,South Dakota,858469,2377,559239,1097,472663
2021-11-10,South Dakota,858469,1128,560367,589,473252
2021-11-11,South Dakota,858469,0,560367,0,473252
2021-11-12,South Dakota,858469,2186,562553,609,473861
2021-11-13,South Dakota,858469,2216,564769,968,474829
2021-11-14,South Dakota,858469,413,565182,98,474927
2021-11-15,South Dakota,858469,234,565416,48,474975
2021-11-16,South Dakota,858469,4184,569600,773,475748
2021-11-17,South Dakota,858469,1913,571513,631,476379
2021-11-18,South Dakota,858469,0,571513,0,476379
2021-11-19,South Dakota,858469,1570,573083,596,476975
2021-11-20,South Dakota,858469,1687,574770,727,477702
2021-11-21,South Dakota,858469,1687,576457,478,478180
2021-11-22,South Dakota,858469,834,577291,157,478337
2021-11-23,South Dakota,858469,0,577291,0,478337
2021-11-24,South Dakota,858469,9513,586804,2394,480731
2021-11-25,South Dakota,858469,0,586804,0,480731
2021-11-26,South Dakota,858469,0,586804,0,480731
2021-11-27,South Dakota,858469,0,586804,0,480731
2021-11-28,South Dakota,858469,0,586804,0,480731
2021-11-29,South Dakota,858469,0,586804,0,480731
2021-11-30,South Dakota,858469,5811,592615,2638,483369
2021-12-01,South Dakota,858469,1506,594121,1079,484448
2021-12-02,South Dakota,858469,1612,595733,1024,485472
2021-12-03,South Dakota,858469,2032,597765,1335,486807
2021-12-04,South Dakota,858469,2014,599779,1274,488081
2021-12-05,South Dakota,858469,715,600494,248,488329
2021-12-06,South Dakota,858469,379,600873,97,488426
2021-12-07,South Dakota,858469,2526,603399,2146,490572
2021-12-08,South Dakota,858469,508,603907,208,490780
2021-12-09,South Dakota,858469,2032,605939,1446,492226
2021-12-10,South Dakota,858469,1627,607566,995,493221
2021-12-11,South Dakota,858469,1538,609104,950,494171
2021-12-12,South Dakota,858469,348,609452,188,494359
2021-12-13,South Dakota,858469,212,609664,53,494412
2021-12-14,South Dakota,858469,1808,611472,1344,495756
2021-12-15,South Dakota,858469,0,611472,0,495756
2021-12-16,South Dakota,858469,1235,612707,852,496608
2021-12-17,South Dakota,858469,2261,614968,1624,498232
2021-12-18,South Dakota,858469,0,614968,0,498232
2021-12-19,South Dakota,858469,1459,616427,683,498915
2021-12-20,South Dakota,858469,256,616683,53,498968
2021-12-21,South Dakota,858469,1963,618646,1116,500084
2021-12-22,South Dakota,858469,1542,620188,866,500950
2021-12-23,South Dakota,858469,1516,621704,758,501708
2021-12-24,South Dakota,858469,0,621704,0,501708
2021-12-25,South Dakota,858469,0,621704,0,501708
2021-12-26,South Dakota,858469,0,621704,0,501708
2021-12-27,South Dakota,858469,1803,623507,1005,502713
2021-12-28,South Dakota,858469,1711,625218,950,503663
2021-12-29,South Dakota,858469,1026,626244,730,504393
2021-12-30,South Dakota,858469,1065,627309,638,505031
2021-12-31,South Dakota,858469,0,627309,0,505031
2022-01-01,South Dakota,858469,0,627309,0,505031
2022-01-02,South Dakota,858469,0,627309,0,505031
2022-01-03,South Dakota,858469,0,627309,0,505031
2022-01-04,South Dakota,858469,3641,630950,2256,507287
2022-01-05,South Dakota,858469,906,631856,662,507949
2022-01-06,South Dakota,858469,0,631856,0,507949
2022-01-07,South Dakota,858469,896,632752,545,508494
2022-01-08,South Dakota,858469,1928,634680,1140,509634
2022-01-09,South Dakota,858469,462,635142,206,509840
2022-01-10,South Dakota,858469,139,635281,29,509869
2022-01-11,South Dakota,858469,1728,637009,1029,510898
2022-01-12,South Dakota,858469,988,637997,631,511529
2022-01-13,South Dakota,858469,855,638852,437,511966
2022-01-14,South Dakota,858469,903,639755,534,512500
2022-01-15,South Dakota,858469,0,639755,0,512500
2022-01-16,South Dakota,858469,940,640695,496,512996
2022-01-17,South Dakota,858469,0,640695,0,512996
2022-01-18,South Dakota,858469,473,641168,139,513135
2022-01-19,South Dakota,858469,5842,647010,3175,516310
2022-01-20,South Dakota,858469,710,647720,540,516850
2022-01-21,South Dakota,858469,736,648456,577,517427
2022-01-22,South Dakota,858469,828,649284,537,517964
2022-01-23,South Dakota,858469,228,649512,94,518058
2022-01-24,South Dakota,858469,117,649629,25,518083
2022-01-25,South Dakota,858469,1019,650648,661,518744
2022-01-26,South Dakota,858469,567,651215,408,519152
2022-01-27,South Dakota,858469,484,651699,428,519580
2022-01-28,South Dakota,858469,690,652389,458,520038
2022-01-29,South Dakota,858469,645,653034,447,520485
2022-01-30,South Dakota,858469,212,653246,123,520608
2022-01-31,South Dakota,858469,0,653246,0,520608
2022-02-01,South Dakota,858469,883,654129,724,521332
2022-02-02,South Dakota,858469,468,654597,474,521806
2022-02-03,South Dakota,858469,0,654597,0,521806
2022-02-04,South Dakota,858469,1046,655643,970,522776
2022-02-05,South Dakota,858469,565,656208,516,523292
2022-02-06,South Dakota,858469,191,656399,103,523395
2022-02-07,South Dakota,858469,96,656495,44,523439
2022-02-08,South Dakota,858469,596,657091,742,524181
2022-02-09,South Dakota,858469,0,657091,0,524181
2021-07-01,Tennessee,6600299,5580,2851272,5211,2421025
2021-07-02,Tennessee,6600299,6556,2857828,5831,2426856
2021-07-03,Tennessee,6600299,43780,2901608,135776,2562632
2021-07-04,Tennessee,6600299,4972,2906580,4881,2567513
2021-07-05,Tennessee,6600299,0,2906580,0,2567513
2021-07-06,Tennessee,6600299,4519,2911099,5009,2572522
2021-07-07,Tennessee,6600299,1192,2912291,1862,2574384
2021-07-08,Tennessee,6600299,4423,2916714,4908,2579292
2021-07-09,Tennessee,6600299,4806,2921520,5070,2584362
2021-07-10,Tennessee,6600299,4621,2926141,5579,2589941
2021-07-11,Tennessee,6600299,6319,2932460,5946,2595887
2021-07-12,Tennessee,6600299,3469,2935929,3347,2599234
2021-07-13,Tennessee,6600299,2934,2938863,2329,2601563
2021-07-14,Tennessee,6600299,4503,2943366,4130,2605693
2021-07-15,Tennessee,6600299,5237,2948603,4490,2610183
2021-07-16,Tennessee,6600299,4998,2953601,4902,2615085
2021-07-17,Tennessee,6600299,5221,2958822,4018,2619103
2021-07-18,Tennessee,6600299,5604,2964426,4567,2623670
2021-07-19,Tennessee,6600299,4316,2968742,3042,2626712
2021-07-20,Tennessee,6600299,0,2968742,0,2626712
2021-07-21,Tennessee,6600299,8296,2977038,5439,2632151
2021-07-22,Tennessee,6600299,7736,2984774,5060,2637211
2021-07-23,Tennessee,6600299,6884,2991658,4163,2641374
2021-07-24,Tennessee,6600299,7890,2999548,4284,2645658
2021-07-25,Tennessee,6600299,9133,3008681,4277,2649935
2021-07-26,Tennessee,6600299,6572,3015253,2869,2652804
2021-07-27,Tennessee,6600299,4673,3019926,1694,2654498
2021-07-28,Tennessee,6600299,8040,3027966,2952,2657450
2021-07-29,Tennessee,6600299,8829,3036795,3848,2661298
2021-07-30,Tennessee,6600299,10103,3046898,4512,2665810
2021-07-31,Tennessee,6600299,9906,3056804,4586,2670396
2021-08-01,Tennessee,6600299,11074,3067878,4668,2675064
2021-08-02,Tennessee,6600299,8338,3076216,3078,2678142
2021-08-03,Tennessee,6600299,5985,3082201,2349,2680491
2021-08-04,Tennessee,6600299,8948,3091149,3658,2684149
2021-08-05,Tennessee,6600299,11673,3102822,4917,2689066
2021-08-06,Tennessee,6600299,11149,3113971,4567,2693633
2021-08-07,Tennessee,6600299,12533,3126504,5024,2698657
2021-08-08,Tennessee,6600299,12832,3139336,5169,2703826
2021-08-09,Tennessee,6600299,10245,3149581,3791,2707617
2021-08-10,Tennessee,6600299,7426,3157007,2845,2710462
2021-08-11,Tennessee,6600299,8921,3165928,4158,2714620
2021-08-12,Tennessee,6600299,8387,3174315,4001,2718621
2021-08-13,Tennessee,6600299,12708,3187023,6104,2724725
2021-08-14,Tennessee,6600299,14470,3201493,7773,2732498
2021-08-15,Tennessee,6600299,12125,3213618,6717,2739215
2021-08-16,Tennessee,6600299,10172,3223790,5615,2744830
2021-08-17,Tennessee,6600299,7388,3231178,3560,2748390
2021-08-18,Tennessee,6600299,10168,3241346,6398,2754788
2021-08-19,Tennessee,6600299,11670,3253016,7144,2761932
2021-08-20,Tennessee,6600299,11908,3264924,7309,2769241
2021-08-21,Tennessee,6600299,11997,3276921,7873,2777114
2021-08-22,Tennessee,6600299,13001,3289922,8605,2785719
2021-08-23,Tennessee,6600299,9586,3299508,7328,2793047
2021-08-24,Tennessee,6600299,6849,3306357,5202,2798249
2021-08-25,Tennessee,6600299,9745,3316102,7431,2805680
2021-08-26,Tennessee,6600299,13041,3329143,9245,2814925
2021-08-27,Tennessee,6600299,13041,3342184,8932,2823857
2021-08-28,Tennessee,6600299,0,3342184,0,2823857
2021-08-29,Tennessee,6600299,13673,3355857,9190,2833047
2021-08-30,Tennessee,6600299,291,3356148,144,2833191
2021-08-31,Tennessee,6600299,29467,3385615,24500,2857691
2021-09-01,Tennessee,6600299,9840,3395455,8765,2866456
2021-09-02,Tennessee,6600299,12349,3407804,9990,2876446
2021-09-03,Tennessee,6600299,11179,3418983,8857,2885303
2021-09-04,Tennessee,6600299,11130,3430113,8743,2894046
2021-09-05,Tennessee,6600299,0,3430113,0,2894046
2021-09-06,Tennessee,6600299,0,3430113,0,2894046
2021-09-07,Tennessee,6600299,692,3430805,433,2894479
2021-09-08,Tennessee,6600299,28414,3459219,27396,2921875
2021-09-09,Tennessee,6600299,5898,3465117,6486,2928361
2021-09-10,Tennessee,6600299,9385,3474502,11057,2939418
2021-09-11,Tennessee,6600299,9147,3483649,9755,2949173
2021-09-12,Tennessee,6600299,398,3484047,307,2949480
2021-09-13,Tennessee,6600299,0,3484047,0,2949480
2021-09-14,Tennessee,6600299,22988,3507035,25082,2974562
2021-09-15,Tennessee,6600299,7041,3514076,8222,2982784
2021-09-16,Tennessee,6600299,7870,3521946,9746,2992530
2021-09-17,Tennessee,6600299,7634,3529580,9551,3002081
2021-09-18,Tennessee,6600299,7620,3537200,9820,3011901
2021-09-19,Tennessee,6600299,368,3537568,279,3012180
2021-09-20,Tennessee,6600299,212,3537780,168,3012348
2021-09-21,Tennessee,6600299,16903,3554683,25459,3037807
2021-09-22,Tennessee,6600299,5046,3559729,7039,3044846
2021-09-23,Tennessee,6600299,6445,3566174,9321,3054167
2021-09-24,Tennessee,6600299,5175,3571349,6892,3061059
2021-09-25,Tennessee,6600299,6795,3578144,9974,3071033
2021-09-26,Tennessee,6600299,384,3578528,302,3071335
2021-09-27,Tennessee,6600299,181,3578709,115,3071450
2021-09-28,Tennessee,6600299,0,3578709,0,3071450
2021-09-29,Tennessee,6600299,16326,3595035,25014,3096464
2021-09-30,Tennessee,6600299,5024,3600059,6634,3103098
2021-10-01,Tennessee,6600299,4149,3604208,5425,3108523
2021-10-02,Tennessee,6600299,2902,3607110,4507,3113030
2021-10-03,Tennessee,6600299,349,3607459,212,3113242
2021-10-04,Tennessee,6600299,346,3607805,176,3113418
2021-10-05,Tennessee,6600299,15885,3623690,23377,3136795
2021-10-06,Tennessee,6600299,3940,3627630,5513,3142308
2021-10-07,Tennessee,6600299,3153,3630783,4120,3146428
2021-10-08,Tennessee,6600299,7354,3638137,8802,3155230
2021-10-09,Tennessee,6600299,4473,3642610,5863,3161093
2021-10-10,Tennessee,6600299,0,3642610,0,3161093
2021-10-11,Tennessee,6600299,0,3642610,0,3161093
2021-10-12,Tennessee,6600299,9843,3652453,13748,3174841
2021-10-13,Tennessee,6600299,3144,3655597,4428,3179269
2021-10-14,Tennessee,6600299,5102,3660699,6504,3185773
2021-10-15,Tennessee,6600299,4354,3665053,5565,3191338
2021-10-16,Tennessee,6600299,3856,3668909,4674,3196012
2021-10-17,Tennessee,6600299,372,3669281,236,3196248
2021-10-18,Tennessee,6600299,186,3669467,133,3196381
2021-10-19,Tennessee,6600299,9755,3679222,12656,3209037
2021-10-20,Tennessee,6600299,3079,3682301,4110,3213147
2021-10-21,Tennessee,6600299,3779,3686080,4459,3217606
2021-10-22,Tennessee,6600299,8529,3694609,7225,3224831
2021-10-23,Tennessee,6600299,3560,3698169,4158,3228989
2021-10-24,Tennessee,6600299,268,3698437,236,3229225
2021-10-25,Tennessee,6600299,205,3698642,58,3229283
2021-10-26,Tennessee,6600299,7790,3706432,9026,3238309
2021-10-27,Tennessee,6600299,3969,3710401,3831,3242140
2021-10-28,Tennessee,6600299,4939,3715340,4615,3246755
2021-10-29,Tennessee,6600299,4169,3719509,3946,3250701
2021-10-30,Tennessee,6600299,4361,3723870,3780,3254481
2021-10-31,Tennessee,6600299,666,3724536,300,3254781
2021-11-01,Tennessee,6600299,322,3724858,147,3254928
2021-11-02,Tennessee,6600299,8310,3733168,8715,3263643
2021-11-03,Tennessee,6600299,3652,3736820,3213,3266856
2021-11-04,Tennessee,6600299,3682,3740502,3498,3270354
2021-11-05,Tennessee,6600299,2917,3743419,2868,3273222
2021-11-06,Tennessee,6600299,3227,3746646,3096,3276318
2021-11-07,Tennessee,6600299,738,3747384,243,3276561
2021-11-08,Tennessee,6600299,368,3747752,185,3276746
2021-11-09,Tennessee,6600299,9662,3757414,9415,3286161
2021-11-10,Tennessee,6600299,12911,3770325,38747,3324908
2021-11-11,Tennessee,6600299,0,3770325,0,3324908
2021-11-12,Tennessee,6600299,13729,3784054,7281,3332189
2021-11-13,Tennessee,6600299,6154,3790208,3043,3335232
2021-11-14,Tennessee,6600299,576,3790784,171,3335403
2021-11-15,Tennessee,6600299,305,3791089,68,3335471
2021-11-16,Tennessee,6600299,16830,3807919,6928,3342399
2021-11-17,Tennessee,6600299,10624,3818543,9945,3352344
2021-11-18,Tennessee,6600299,0,3818543,0,3352344
2021-11-19,Tennessee,6600299,6518,3825061,3586,3355930
2021-11-20,Tennessee,6600299,5713,3830774,3388,3359318
2021-11-21,Tennessee,6600299,6226,3837000,3560,3362878
2021-11-22,Tennessee,6600299,918,3837918,209,3363087
2021-11-23,Tennessee,6600299,0,3837918,0,3363087
2021-11-24,Tennessee,6600299,20658,3858576,9696,3372783
2021-11-25,Tennessee,6600299,0,3858576,0,3372783
2021-11-26,Tennessee,6600299,0,3858576,0,3372783
2021-11-27,Tennessee,6600299,0,3858576,0,3372783
2021-11-28,Tennessee,6600299,0,3858576,0,3372783
2021-11-29,Tennessee,6600299,0,3858576,0,3372783
2021-11-30,Tennessee,6600299,22837,3881413,11021,3383804
2021-12-01,Tennessee,6600299,6624,3888037,3299,3387103
2021-12-02,Tennessee,6600299,6468,3894505,5468,3392571
2021-12-03,Tennessee,6600299,4386,3898891,3696,3396267
2021-12-04,Tennessee,6600299,7030,3905921,6497,3402764
2021-12-05,Tennessee,6600299,566,3906487,168,3402932
2021-12-06,Tennessee,6600299,356,3906843,102,3403034
2021-12-07,Tennessee,6600299,12171,3919014,14031,3417065
2021-12-08,Tennessee,6600299,4719,3923733,4936,3422001
2021-12-09,Tennessee,6600299,5163,3928896,5140,3427141
2021-12-10,Tennessee,6600299,4879,3933775,4133,3431274
2021-12-11,Tennessee,6600299,4527,3938302,4219,3435493
2021-12-12,Tennessee,6600299,344,3938646,86,3435579
2021-12-13,Tennessee,6600299,234,3938880,66,3435645
2021-12-14,Tennessee,6600299,8697,3947577,10082,3445727
2021-12-15,Tennessee,6600299,0,3947577,0,3445727
2021-12-16,Tennessee,6600299,4517,3952094,4911,3450638
2021-12-17,Tennessee,6600299,13562,3965656,21633,3472271
2021-12-18,Tennessee,6600299,0,3965656,0,3472271
2021-12-19,Tennessee,6600299,4014,3969670,3239,3475510
2021-12-20,Tennessee,6600299,322,3969992,61,3475571
2021-12-21,Tennessee,6600299,8829,3978821,8034,3483605
2021-12-22,Tennessee,6600299,4338,3983159,3280,3486885
2021-12-23,Tennessee,6600299,5500,3988659,3971,3490856
2021-12-24,Tennessee,6600299,0,3988659,0,3490856
2021-12-25,Tennessee,6600299,0,3988659,0,3490856
2021-12-26,Tennessee,6600299,0,3988659,0,3490856
2021-12-27,Tennessee,6600299,5750,3994409,3877,3494733
2021-12-28,Tennessee,6600299,7236,4001645,5464,3500197
2021-12-29,Tennessee,6600299,3529,4005174,3362,3503559
2021-12-30,Tennessee,6600299,5159,4010333,3881,3507440
2021-12-31,Tennessee,6600299,0,4010333,0,3507440
2022-01-01,Tennessee,6600299,0,4010333,0,3507440
2022-01-02,Tennessee,6600299,0,4010333,0,3507440
2022-01-03,Tennessee,6600299,0,4010333,0,3507440
2022-01-04,Tennessee,6600299,18073,4028406,11628,3519068
2022-01-05,Tennessee,6600299,3181,4031587,2531,3521599
2022-01-06,Tennessee,6600299,0,4031587,0,3521599
2022-01-07,Tennessee,6600299,4803,4036390,3450,3525049
2022-01-08,Tennessee,6600299,8071,4044461,5419,3530468
2022-01-09,Tennessee,6600299,231,4044692,69,3530537
2022-01-10,Tennessee,6600299,189,4044881,55,3530592
2022-01-11,Tennessee,6600299,7342,4052223,5758,3536350
2022-01-12,Tennessee,6600299,3611,4055834,2790,3539140
2022-01-13,Tennessee,6600299,4568,4060402,3418,3542558
2022-01-14,Tennessee,6600299,4567,4064969,3179,3545737
2022-01-15,Tennessee,6600299,0,4064969,0,3545737
2022-01-16,Tennessee,6600299,3940,4068909,2859,3548596
2022-01-17,Tennessee,6600299,0,4068909,0,3548596
2022-01-18,Tennessee,6600299,8563,4077472,5597,3554193
2022-01-19,Tennessee,6600299,35780,4113252,21656,3575849
2022-01-20,Tennessee,6600299,2590,4115842,2378,3578227
2022-01-21,Tennessee,6600299,3093,4118935,3123,3581350
2022-01-22,Tennessee,6600299,1828,4120763,1882,3583232
2022-01-23,Tennessee,6600299,395,4121158,130,3583362
2022-01-24,Tennessee,6600299,316,4121474,67,3583429
2022-01-25,Tennessee,6600299,3843,4125317,3597,3587026
2022-01-26,Tennessee,6600299,1654,4126971,1556,3588582
2022-01-27,Tennessee,6600299,4593,4131564,4228,3592810
2022-01-28,Tennessee,6600299,3784,4135348,3906,3596716
2022-01-29,Tennessee,6600299,2440,4137788,2208,3598924
2022-01-30,Tennessee,6600299,300,4138088,129,3599053
2022-01-31,Tennessee,6600299,0,4138088,0,3599053
2022-02-01,Tennessee,6600299,5687,4143775,5919,3604972
2022-02-02,Tennessee,6600299,2101,4145876,2016,3606988
2022-02-03,Tennessee,6600299,0,4145876,0,3606988
2022-02-04,Tennessee,6600299,4582,4150458,4768,3611756
2022-02-05,Tennessee,6600299,1943,4152401,1941,3613697
2022-02-06,Tennessee,6600299,371,4152772,128,3613825
2022-02-07,Tennessee,6600299,138,4152910,49,3613874
2022-02-08,Tennessee,6600299,3716,4156626,4703,3618577
2022-02-09,Tennessee,6600299,0,4156626,0,3618577
2021-07-01,Texas,27469114,27945,13990784,42555,11974642
2021-07-02,Texas,27469114,27642,14018426,31958,12006600
2021-07-03,Texas,27469114,30718,14049144,32897,12039497
2021-07-04,Texas,27469114,24188,14073332,25616,12065113
2021-07-05,Texas,27469114,0,14073332,0,12065113
2021-07-06,Texas,27469114,27433,14100765,26881,12091994
2021-07-07,Texas,27469114,22568,14123333,17864,12109858
2021-07-08,Texas,27469114,31412,14154745,34703,12144561
2021-07-09,Texas,27469114,31405,14186150,22259,12166820
2021-07-10,Texas,27469114,29609,14215759,38456,12205276
2021-07-11,Texas,27469114,26431,14242190,24888,12230164
2021-07-12,Texas,27469114,21935,14264125,17921,12248085
2021-07-13,Texas,27469114,21538,14285663,25884,12273969
2021-07-14,Texas,27469114,29621,14315284,39013,12312982
2021-07-15,Texas,27469114,25660,14340944,28809,12341791
2021-07-16,Texas,27469114,23857,14364801,22132,12363923
2021-07-17,Texas,27469114,30822,14395623,27027,12390950
2021-07-18,Texas,27469114,25886,14421509,21210,12412160
2021-07-19,Texas,27469114,19137,14440646,15324,12427484
2021-07-20,Texas,27469114,0,14440646,0,12427484
2021-07-21,Texas,27469114,72471,14513117,57334,12484818
2021-07-22,Texas,27469114,56125,14569242,18334,12503152
2021-07-23,Texas,27469114,41663,14610905,24507,12527659
2021-07-24,Texas,27469114,0,14610905,0,12527659
2021-07-25,Texas,27469114,86750,14697655,47767,12575426
2021-07-26,Texas,27469114,35971,14733626,18479,12593905
2021-07-27,Texas,27469114,33536,14767162,15144,12609049
2021-07-28,Texas,27469114,43516,14810678,21374,12630423
2021-07-29,Texas,27469114,56090,14866768,27689,12658112
2021-07-30,Texas,27469114,56151,14922919,26687,12684799
2021-07-31,Texas,27469114,59444,14982363,28204,12713003
2021-08-01,Texas,27469114,53354,15035717,24091,12737094
2021-08-02,Texas,27469114,42043,15077760,20443,12757537
2021-08-03,Texas,27469114,38442,15116202,28802,12786339
2021-08-04,Texas,27469114,55259,15171461,24286,12810625
2021-08-05,Texas,27469114,54636,15226097,24958,12835583
2021-08-06,Texas,27469114,61152,15287249,22999,12858582
2021-08-07,Texas,27469114,65065,15352314,25874,12884456
2021-08-08,Texas,27469114,61610,15413924,24355,12908811
2021-08-09,Texas,27469114,43216,15457140,17939,12926750
2021-08-10,Texas,27469114,42651,15499791,19439,12946189
2021-08-11,Texas,27469114,48724,15548515,21072,12967261
2021-08-12,Texas,27469114,65536,15614051,33004,13000265
2021-08-13,Texas,27469114,82757,15696808,39194,13039459
2021-08-14,Texas,27469114,79848,15776656,53267,13092726
2021-08-15,Texas,27469114,57673,15834329,34707,13127433
2021-08-16,Texas,27469114,36583,15870912,21303,13148736
2021-08-17,Texas,27469114,43457,15914369,30307,13179043
2021-08-18,Texas,27469114,46938,15961307,29853,13208896
2021-08-19,Texas,27469114,61650,16022957,46321,13255217
2021-08-20,Texas,27469114,54288,16077245,40403,13295620
2021-08-21,Texas,27469114,43531,16120776,34080,13329700
2021-08-22,Texas,27469114,50064,16170840,44989,13374689
2021-08-23,Texas,27469114,34846,16205686,32171,13406860
2021-08-24,Texas,27469114,43460,16249146,39440,13446300
2021-08-25,Texas,27469114,68157,16317303,56910,13503210
2021-08-26,Texas,27469114,61519,16378822,52601,13555811
2021-08-27,Texas,27469114,41510,16420332,39884,13595695
2021-08-28,Texas,27469114,0,16420332,0,13595695
2021-08-29,Texas,27469114,83758,16504090,90444,13686139
2021-08-30,Texas,27469114,27569,16531659,32671,13718810
2021-08-31,Texas,27469114,30463,16562122,35051,13753861
2021-09-01,Texas,27469114,41558,16603680,48369,13802230
2021-09-02,Texas,27469114,35960,16639640,43401,13845631
2021-09-03,Texas,27469114,36384,16676024,43330,13888961
2021-09-04,Texas,27469114,36084,16712108,47050,13936011
2021-09-05,Texas,27469114,0,16712108,0,13936011
2021-09-06,Texas,27469114,0,16712108,0,13936011
2021-09-07,Texas,27469114,74694,16786802,95419,14031430
2021-09-08,Texas,27469114,15123,16801925,20876,14052306
2021-09-09,Texas,27469114,27170,16829095,42557,14094863
2021-09-10,Texas,27469114,29714,16858809,38554,14133417
2021-09-11,Texas,27469114,32677,16891486,42538,14175955
2021-09-12,Texas,27469114,29778,16921264,42340,14218295
2021-09-13,Texas,27469114,0,16921264,0,14218295
2021-09-14,Texas,27469114,42893,16964157,60312,14278607
2021-09-15,Texas,27469114,27493,16991650,35512,14314119
2021-09-16,Texas,27469114,26555,17018205,36325,14350444
2021-09-17,Texas,27469114,59043,17077248,84799,14435243
2021-09-18,Texas,27469114,52161,17129409,76623,14511866
2021-09-19,Texas,27469114,27294,17156703,42217,14554083
2021-09-20,Texas,27469114,12365,17169068,19449,14573532
2021-09-21,Texas,27469114,16833,17185901,21752,14595284
2021-09-22,Texas,27469114,29617,17215518,48256,14643540
2021-09-23,Texas,27469114,24141,17239659,36734,14680274
2021-09-24,Texas,27469114,21864,17261523,36659,14716933
2021-09-25,Texas,27469114,23712,17285235,36274,14753207
2021-09-26,Texas,27469114,18393,17303628,28159,14781366
2021-09-27,Texas,27469114,11573,17315201,18328,14799694
2021-09-28,Texas,27469114,0,17315201,0,14799694
2021-09-29,Texas,27469114,-75207,17239994,1194220,15993914
2021-09-30,Texas,27469114,18089,17258083,-1180229,14813685
2021-10-01,Texas,27469114,15657,17273740,19588,14833273
2021-10-02,Texas,27469114,29601,17303341,38195,14871468
2021-10-03,Texas,27469114,31396,17334737,45436,14916904
2021-10-04,Texas,27469114,11865,17346602,17489,14934393
2021-10-05,Texas,27469114,17354,17363956,23855,14958248
2021-10-06,Texas,27469114,15379,17379335,18629,14976877
2021-10-07,Texas,27469114,29418,17408753,35569,15012446
2021-10-08,Texas,27469114,18630,17427383,22713,15035159
2021-10-09,Texas,27469114,21438,17448821,25153,15060312
2021-10-10,Texas,27469114,0,17448821,0,15060312
2021-10-11,Texas,27469114,0,17448821,0,15060312
2021-10-12,Texas,27469114,36406,17485227,48679,15108991
2021-10-13,Texas,27469114,19914,17505141,22436,15131427
2021-10-14,Texas,27469114,17249,17522390,20764,15152191
2021-10-15,Texas,27469114,17776,17540166,20862,15173053
2021-10-16,Texas,27469114,20032,17560198,24093,15197146
2021-10-17,Texas,27469114,11048,17571246,13756,15210902
2021-10-18,Texas,27469114,10321,17581567,12283,15223185
2021-10-19,Texas,27469114,14269,17595836,16474,15239659
2021-10-20,Texas,27469114,16117,17611953,19199,15258858
2021-10-21,Texas,27469114,21907,17633860,24750,15283608
2021-10-22,Texas,27469114,5384,17639244,28171,15311779
2021-10-23,Texas,27469114,29927,17669171,35227,15347006
2021-10-24,Texas,27469114,10048,17679219,11782,15358788
2021-10-25,Texas,27469114,8964,17688183,9458,15368246
2021-10-26,Texas,27469114,15616,17703799,17062,15385308
2021-10-27,Texas,27469114,20785,17724584,20456,15405764
2021-10-28,Texas,27469114,35590,17760174,26378,15432142
2021-10-29,Texas,27469114,19280,17779454,20490,15452632
2021-10-30,Texas,27469114,14571,17794025,14794,15467426
2021-10-31,Texas,27469114,14261,17808286,14059,15481485
2021-11-01,Texas,27469114,11321,17819607,10351,15491836
2021-11-02,Texas,27469114,9056,17828663,9439,15501275
2021-11-03,Texas,27469114,18475,17847138,17858,15519133
2021-11-04,Texas,27469114,14696,17861834,13391,15532524
2021-11-05,Texas,27469114,18044,17879878,4274,15536798
2021-11-06,Texas,27469114,17983,17897861,14979,15551777
2021-11-07,Texas,27469114,16424,17914285,13759,15565536
2021-11-08,Texas,27469114,15933,17930218,13769,15579305
2021-11-09,Texas,27469114,10625,17940843,9371,15588676
2021-11-10,Texas,27469114,23987,17964830,18411,15607087
2021-11-11,Texas,27469114,0,17964830,0,15607087
2021-11-12,Texas,27469114,46845,18011675,32442,15639529
2021-11-13,Texas,27469114,20002,18031677,22729,15662258
2021-11-14,Texas,27469114,15744,18047421,10085,15672343
2021-11-15,Texas,27469114,10495,18057916,6875,15679218
2021-11-16,Texas,27469114,19254,18077170,12051,15691269
2021-11-17,Texas,27469114,19500,18096670,13246,15704515
2021-11-18,Texas,27469114,0,18096670,0,15704515
2021-11-19,Texas,27469114,19989,18116659,14084,15718599
2021-11-20,Texas,27469114,202770,18319429,18176,15736775
2021-11-21,Texas,27469114,21375,18340804,14130,15750905
2021-11-22,Texas,27469114,62035,18402839,17841,15768746
2021-11-23,Texas,27469114,0,18402839,0,15768746
2021-11-24,Texas,27469114,71589,18474428,24327,15793073
2021-11-25,Texas,27469114,0,18474428,0,15793073
2021-11-26,Texas,27469114,0,18474428,0,15793073
2021-11-27,Texas,27469114,0,18474428,0,15793073
2021-11-28,Texas,27469114,0,18474428,0,15793073
2021-11-29,Texas,27469114,0,18474428,0,15793073
2021-11-30,Texas,27469114,109665,18584093,68269,15861342
2021-12-01,Texas,27469114,25730,18609823,25845,15887187
2021-12-02,Texas,27469114,23453,18633276,22596,15909783
2021-12-03,Texas,27469114,44277,18677553,41886,15951669
2021-12-04,Texas,27469114,34718,18712271,32409,15984078
2021-12-05,Texas,27469114,26695,18738966,31186,16015264
2021-12-06,Texas,27469114,16303,18755269,21729,16036993
2021-12-07,Texas,27469114,27825,18783094,27680,16064673
2021-12-08,Texas,27469114,29702,18812796,29511,16094184
2021-12-09,Texas,27469114,36636,18849432,33508,16127692
2021-12-10,Texas,27469114,29577,18879009,26384,16154076
2021-12-11,Texas,27469114,31668,18910677,28264,16182340
2021-12-12,Texas,27469114,1754,18912431,344,16182684
2021-12-13,Texas,27469114,36358,18948789,40719,16223403
2021-12-14,Texas,27469114,21941,18970730,24006,16247409
2021-12-15,Texas,27469114,0,18970730,0,16247409
2021-12-16,Texas,27469114,34647,19005377,27107,16274516
2021-12-17,Texas,27469114,56634,19062011,45704,16320220
2021-12-18,Texas,27469114,0,19062011,0,16320220
2021-12-19,Texas,27469114,50534,19112545,33460,16353680
2021-12-20,Texas,27469114,16150,19128695,9841,16363521
2021-12-21,Texas,27469114,24823,19153518,17919,16381440
2021-12-22,Texas,27469114,34482,19188000,21060,16402500
2021-12-23,Texas,27469114,34170,19222170,20846,16423346
2021-12-24,Texas,27469114,0,19222170,0,16423346
2021-12-25,Texas,27469114,0,19222170,0,16423346
2021-12-26,Texas,27469114,0,19222170,0,16423346
2021-12-27,Texas,27469114,60469,19282639,39565,16462911
2021-12-28,Texas,27469114,21531,19304170,14283,16477194
2021-12-29,Texas,27469114,32800,19336970,20321,16497515
2021-12-30,Texas,27469114,35165,19372135,19848,16517363
2021-12-31,Texas,27469114,0,19372135,0,16517363
2022-01-01,Texas,27469114,0,19372135,0,16517363
2022-01-02,Texas,27469114,0,19372135,0,16517363
2022-01-03,Texas,27469114,0,19372135,0,16517363
2022-01-04,Texas,27469114,102884,19475019,59480,16576843
2022-01-05,Texas,27469114,31439,19506458,18304,16595147
2022-01-06,Texas,27469114,0,19506458,0,16595147
2022-01-07,Texas,27469114,26850,19533308,15511,16610658
2022-01-08,Texas,27469114,62399,19595707,37521,16648179
2022-01-09,Texas,27469114,25378,19621085,15121,16663300
2022-01-10,Texas,27469114,14453,19635538,8320,16671620
2022-01-11,Texas,27469114,22950,19658488,14250,16685870
2022-01-12,Texas,27469114,34387,19692875,22693,16708563
2022-01-13,Texas,27469114,29584,19722459,19215,16727778
2022-01-14,Texas,27469114,27552,19750011,17249,16745027
2022-01-15,Texas,27469114,0,19750011,0,16745027
2022-01-16,Texas,27469114,24896,19774907,15845,16760872
2022-01-17,Texas,27469114,0,19774907,0,16760872
2022-01-18,Texas,27469114,59283,19834190,29338,16790210
2022-01-19,Texas,27469114,151219,19985409,84562,16874772
2022-01-20,Texas,27469114,22005,20007414,17657,16892429
2022-01-21,Texas,27469114,1864,20009278,722,16893151
2022-01-22,Texas,27469114,41880,20051158,33870,16927021
2022-01-23,Texas,27469114,18368,20069526,12377,16939398
2022-01-24,Texas,27469114,13181,20082707,6615,16946013
2022-01-25,Texas,27469114,15630,20098337,12554,16958567
2022-01-26,Texas,27469114,17090,20115427,16382,16974949
2022-01-27,Texas,27469114,38585,20154012,37784,17012733
2022-01-28,Texas,27469114,17852,20171864,16324,17029057
2022-01-29,Texas,27469114,17747,20189611,17643,17046700
2022-01-30,Texas,27469114,11768,20201379,10656,17057356
2022-01-31,Texas,27469114,0,20201379,0,17057356
2022-02-01,Texas,27469114,32571,20233950,27520,17084876
2022-02-02,Texas,27469114,15228,20249178,15591,17100467
2022-02-03,Texas,27469114,0,20249178,0,17100467
2022-02-04,Texas,27469114,30473,20279651,30600,17131067
2022-02-05,Texas,27469114,11854,20291505,11325,17142392
2022-02-06,Texas,27469114,11099,20302604,12192,17154584
2022-02-07,Texas,27469114,7567,20310171,8659,17163243
2022-02-08,Texas,27469114,13822,20323993,12803,17176046
2022-02-09,Texas,27469114,0,20323993,0,17176046
2021-07-01,Utah,2763885,5025,1566312,4620,1201088
2021-07-02,Utah,2763885,96,1566408,71,1201159
2021-07-03,Utah,2763885,156,1566564,188,1201347
2021-07-04,Utah,2763885,92,1566656,71,1201418
2021-07-05,Utah,2763885,0,1566656,0,1201418
2021-07-06,Utah,2763885,59,1566715,27,1201445
2021-07-07,Utah,2763885,9782,1576497,8963,1210408
2021-07-08,Utah,2763885,4743,1581240,4041,1214449
2021-07-09,Utah,2763885,2891,1584131,3100,1217549
2021-07-10,Utah,2763885,3125,1587256,3213,1220762
2021-07-11,Utah,2763885,72,1587328,52,1220814
2021-07-12,Utah,2763885,42,1587370,26,1220840
2021-07-13,Utah,2763885,3461,1590831,3124,1223964
2021-07-14,Utah,2763885,24763,1615594,170897,1394861
2021-07-15,Utah,2763885,4695,1620289,3745,1398606
2021-07-16,Utah,2763885,5496,1625785,4884,1403490
2021-07-17,Utah,2763885,122,1625907,82,1403572
2021-07-18,Utah,2763885,84,1625991,52,1403624
2021-07-19,Utah,2763885,63,1626054,21,1403645
2021-07-20,Utah,2763885,0,1626054,0,1403645
2021-07-21,Utah,2763885,6440,1632494,5610,1409255
2021-07-22,Utah,2763885,10377,1642871,8179,1417434
2021-07-23,Utah,2763885,87,1642958,61,1417495
2021-07-24,Utah,2763885,126,1643084,89,1417584
2021-07-25,Utah,2763885,125,1643209,57,1417641
2021-07-26,Utah,2763885,72,1643281,36,1417677
2021-07-27,Utah,2763885,7157,1650438,5832,1423509
2021-07-28,Utah,2763885,12699,1663137,8644,1432153
2021-07-29,Utah,2763885,190,1663327,65,1432218
2021-07-30,Utah,2763885,139,1663466,58,1432276
2021-07-31,Utah,2763885,7275,1670741,4693,1436969
2021-08-01,Utah,2763885,108,1670849,58,1437027
2021-08-02,Utah,2763885,70,1670919,23,1437050
2021-08-03,Utah,2763885,89,1671008,40,1437090
2021-08-04,Utah,2763885,14795,1685803,9432,1446522
2021-08-05,Utah,2763885,152,1685955,78,1446600
2021-08-06,Utah,2763885,203,1686158,91,1446691
2021-08-07,Utah,2763885,16110,1702268,9757,1456448
2021-08-08,Utah,2763885,112,1702380,57,1456505
2021-08-09,Utah,2763885,83,1702463,19,1456524
2021-08-10,Utah,2763885,15570,1718033,8697,1465221
2021-08-11,Utah,2763885,6962,1724995,4192,1469413
2021-08-12,Utah,2763885,118,1725113,69,1469482
2021-08-13,Utah,2763885,175,1725288,84,1469566
2021-08-14,Utah,2763885,235,1725523,105,1469671
2021-08-15,Utah,2763885,88,1725611,47,1469718
2021-08-16,Utah,2763885,123,1725734,54,1469772
2021-08-17,Utah,2763885,92,1725826,-154,1469618
2021-08-18,Utah,2763885,19746,1745572,12411,1482029
2021-08-19,Utah,2763885,6154,1751726,3332,1485361
2021-08-20,Utah,2763885,8313,1760039,4496,1489857
2021-08-21,Utah,2763885,11781,1771820,7676,1497533
2021-08-22,Utah,2763885,141,1771961,73,1497606
2021-08-23,Utah,2763885,80,1772041,32,1497638
2021-08-24,Utah,2763885,10973,1783014,7257,1504895
2021-08-25,Utah,2763885,8799,1791813,7902,1512797
2021-08-26,Utah,2763885,2242,1794055,2156,1514953
2021-08-27,Utah,2763885,139,1794194,100,1515053
2021-08-28,Utah,2763885,0,1794194,0,1515053
2021-08-29,Utah,2763885,9073,1803267,7829,1522882
2021-08-30,Utah,2763885,76,1803343,59,1522941
2021-08-31,Utah,2763885,72,1803415,56,1522997
2021-09-01,Utah,2763885,9008,1812423,8044,1531041
2021-09-02,Utah,2763885,117,1812540,95,1531136
2021-09-03,Utah,2763885,4302,1816842,4602,1535738
2021-09-04,Utah,2763885,5965,1822807,6708,1542446
2021-09-05,Utah,2763885,0,1822807,0,1542446
2021-09-06,Utah,2763885,0,1822807,0,1542446
2021-09-07,Utah,2763885,2981,1825788,3465,1545911
2021-09-08,Utah,2763885,3934,1829722,3939,1549850
2021-09-09,Utah,2763885,4619,1834341,4296,1554146
2021-09-10,Utah,2763885,4690,1839031,4649,1558795
2021-09-11,Utah,2763885,4437,1843468,4645,1563440
2021-09-12,Utah,2763885,181,1843649,110,1563550
2021-09-13,Utah,2763885,0,1843649,0,1563550
2021-09-14,Utah,2763885,3799,1847448,3969,1567519
2021-09-15,Utah,2763885,3231,1850679,3427,1570946
2021-09-16,Utah,2763885,2064,1852743,2690,1573636
2021-09-17,Utah,2763885,3560,1856303,5267,1578903
2021-09-18,Utah,2763885,7265,1863568,9276,1588179
2021-09-19,Utah,2763885,134,1863702,67,1588246
2021-09-20,Utah,2763885,104,1863806,65,1588311
2021-09-21,Utah,2763885,5056,1868862,6684,1594995
2021-09-22,Utah,2763885,2965,1871827,3473,1598468
2021-09-23,Utah,2763885,3395,1875222,4644,1603112
2021-09-24,Utah,2763885,4100,1879322,5023,1608135
2021-09-25,Utah,2763885,3223,1882545,3810,1611945
2021-09-26,Utah,2763885,134,1882679,75,1612020
2021-09-27,Utah,2763885,44,1882723,39,1612059
2021-09-28,Utah,2763885,0,1882723,0,1612059
2021-09-29,Utah,2763885,5441,1888164,7951,1620010
2021-09-30,Utah,2763885,1820,1889984,2161,1622171
2021-10-01,Utah,2763885,2894,1892878,6043,1628214
2021-10-02,Utah,2763885,2652,1895530,4056,1632270
2021-10-03,Utah,2763885,129,1895659,54,1632324
2021-10-04,Utah,2763885,97,1895756,42,1632366
2021-10-05,Utah,2763885,7039,1902795,10673,1643039
2021-10-06,Utah,2763885,4995,1907790,7799,1650838
2021-10-07,Utah,2763885,1731,1909521,2015,1652853
2021-10-08,Utah,2763885,2981,1912502,3493,1656346
2021-10-09,Utah,2763885,4533,1917035,6757,1663103
2021-10-10,Utah,2763885,0,1917035,0,1663103
2021-10-11,Utah,2763885,0,1917035,0,1663103
2021-10-12,Utah,2763885,196,1917231,117,1663220
2021-10-13,Utah,2763885,3401,1920632,6016,1669236
2021-10-14,Utah,2763885,3607,1924239,4791,1674027
2021-10-15,Utah,2763885,5175,1929414,7631,1681658
2021-10-16,Utah,2763885,108,1929522,76,1681734
2021-10-17,Utah,2763885,80,1929602,54,1681788
2021-10-18,Utah,2763885,114,1929716,81,1681869
2021-10-19,Utah,2763885,120,1929836,139,1682008
2021-10-20,Utah,2763885,6958,1936794,9269,1691277
2021-10-21,Utah,2763885,2333,1939127,2887,1694164
2021-10-22,Utah,2763885,4175,1943302,4079,1698243
2021-10-23,Utah,2763885,2034,1945336,2319,1700562
2021-10-24,Utah,2763885,112,1945448,81,1700643
2021-10-25,Utah,2763885,112,1945560,31,1700674
2021-10-26,Utah,2763885,2112,1947672,2797,1703471
2021-10-27,Utah,2763885,1779,1949451,2088,1705559
2021-10-28,Utah,2763885,2050,1951501,2094,1707653
2021-10-29,Utah,2763885,197,1951698,71,1707724
2021-10-30,Utah,2763885,8159,1959857,10006,1717730
2021-10-31,Utah,2763885,374,1960231,66,1717796
2021-11-01,Utah,2763885,93,1960324,26,1717822
2021-11-02,Utah,2763885,2225,1962549,2776,1720598
2021-11-03,Utah,2763885,4828,1967377,5289,1725887
2021-11-04,Utah,2763885,2816,1970193,3158,1729045
2021-11-05,Utah,2763885,2431,1972624,2818,1731863
2021-11-06,Utah,2763885,2404,1975028,2491,1734354
2021-11-07,Utah,2763885,491,1975519,60,1734414
2021-11-08,Utah,2763885,298,1975817,122,1734536
2021-11-09,Utah,2763885,6555,1982372,7977,1742513
2021-11-10,Utah,2763885,2284,1984656,2441,1744954
2021-11-11,Utah,2763885,0,1984656,0,1744954
2021-11-12,Utah,2763885,2957,1987613,2353,1747307
2021-11-13,Utah,2763885,205,1987818,38,1747345
2021-11-14,Utah,2763885,263,1988081,43,1747388
2021-11-15,Utah,2763885,122,1988203,33,1747421
2021-11-16,Utah,2763885,120,1988323,16,1747437
2021-11-17,Utah,2763885,19863,2008186,11694,1759131
2021-11-18,Utah,2763885,0,2008186,0,1759131
2021-11-19,Utah,2763885,8676,2016862,3247,1762378
2021-11-20,Utah,2763885,13287,2030149,4493,1766871
2021-11-21,Utah,2763885,8024,2038173,2811,1769682
2021-11-22,Utah,2763885,406,2038579,100,1769782
2021-11-23,Utah,2763885,0,2038579,0,1769782
2021-11-24,Utah,2763885,2842,2041421,1125,1770907
2021-11-25,Utah,2763885,0,2041421,0,1770907
2021-11-26,Utah,2763885,0,2041421,0,1770907
2021-11-27,Utah,2763885,0,2041421,0,1770907
2021-11-28,Utah,2763885,0,2041421,0,1770907
2021-11-29,Utah,2763885,0,2041421,0,1770907
2021-11-30,Utah,2763885,6846,2048267,1883,1772790
2021-12-01,Utah,2763885,30855,2079122,14285,1787075
2021-12-02,Utah,2763885,235,2079357,77,1787152
2021-12-03,Utah,2763885,6118,2085475,3597,1790749
2021-12-04,Utah,2763885,284,2085759,83,1790832
2021-12-05,Utah,2763885,258,2086017,92,1790924
2021-12-06,Utah,2763885,165,2086182,75,1790999
2021-12-07,Utah,2763885,6510,2092692,9714,1800713
2021-12-08,Utah,2763885,6395,2099087,11448,1812161
2021-12-09,Utah,2763885,4464,2103551,6928,1819089
2021-12-10,Utah,2763885,245,2103796,72,1819161
2021-12-11,Utah,2763885,9636,2113432,11227,1830388
2021-12-12,Utah,2763885,214,2113646,71,1830459
2021-12-13,Utah,2763885,135,2113781,48,1830507
2021-12-14,Utah,2763885,2995,2116776,4580,1835087
2021-12-15,Utah,2763885,0,2116776,0,1835087
2021-12-16,Utah,2763885,4165,2120941,5974,1841061
2021-12-17,Utah,2763885,10618,2131559,15241,1856302
2021-12-18,Utah,2763885,0,2131559,0,1856302
2021-12-19,Utah,2763885,326,2131885,93,1856395
2021-12-20,Utah,2763885,123,2132008,29,1856424
2021-12-21,Utah,2763885,2924,2134932,4079,1860503
2021-12-22,Utah,2763885,5513,2140445,7528,1868031
2021-12-23,Utah,2763885,4005,2144450,2673,1870704
2021-12-24,Utah,2763885,0,2144450,0,1870704
2021-12-25,Utah,2763885,0,2144450,0,1870704
2021-12-26,Utah,2763885,0,2144450,0,1870704
2021-12-27,Utah,2763885,3496,2147946,2737,1873441
2021-12-28,Utah,2763885,6284,2154230,5711,1879152
2021-12-29,Utah,2763885,2647,2156877,2694,1881846
2021-12-30,Utah,2763885,3422,2160299,3237,1885083
2021-12-31,Utah,2763885,0,2160299,0,1885083
2022-01-01,Utah,2763885,0,2160299,0,1885083
2022-01-02,Utah,2763885,0,2160299,0,1885083
2022-01-03,Utah,2763885,0,2160299,0,1885083
2022-01-04,Utah,2763885,6724,2167023,5770,1890853
2022-01-05,Utah,2763885,1305,2168328,1133,1891986
2022-01-06,Utah,2763885,0,2168328,0,1891986
2022-01-07,Utah,2763885,774,2169102,538,1892524
2022-01-08,Utah,2763885,7688,2176790,7902,1900426
2022-01-09,Utah,2763885,214,2177004,67,1900493
2022-01-10,Utah,2763885,83,2177087,32,1900525
2022-01-11,Utah,2763885,3222,2180309,3187,1903712
2022-01-12,Utah,2763885,147,2180456,37,1903749
2022-01-13,Utah,2763885,2988,2183444,2999,1906748
2022-01-14,Utah,2763885,5678,2189122,5562,1912310
2022-01-15,Utah,2763885,0,2189122,0,1912310
2022-01-16,Utah,2763885,3614,2192736,3043,1915353
2022-01-17,Utah,2763885,0,2192736,0,1915353
2022-01-18,Utah,2763885,3693,2196429,3378,1918731
2022-01-19,Utah,2763885,16491,2212920,9860,1928591
2022-01-20,Utah,2763885,262,2213182,107,1928698
2022-01-21,Utah,2763885,150,2213332,41,1928739
2022-01-22,Utah,2763885,169,2213501,45,1928784
2022-01-23,Utah,2763885,112,2213613,40,1928824
2022-01-24,Utah,2763885,116,2213729,33,1928857
2022-01-25,Utah,2763885,12405,2226134,10131,1938988
2022-01-26,Utah,2763885,3220,2229354,2361,1941349
2022-01-27,Utah,2763885,-5,2229349,73,1941422
2022-01-28,Utah,2763885,2933,2232282,1733,1943155
2022-01-29,Utah,2763885,1639,2233921,1158,1944313
2022-01-30,Utah,2763885,122,2234043,47,1944360
2022-01-31,Utah,2763885,0,2234043,0,1944360
2022-02-01,Utah,2763885,2240,2236283,1803,1946163
2022-02-02,Utah,2763885,143,2236426,53,1946216
2022-02-03,Utah,2763885,0,2236426,0,1946216
2022-02-04,Utah,2763885,9992,2246418,7540,1953756
2022-02-05,Utah,2763885,5768,2252186,5705,1959461
2022-02-06,Utah,2763885,236,2252422,76,1959537
2022-02-07,Utah,2763885,200,2252622,187,1959724
2022-02-08,Utah,2763885,3252,2255874,3870,1963594
2022-02-09,Utah,2763885,0,2255874,0,1963594
2021-07-01,Virginia,8382993,7902,5048162,11023,4433088
2021-07-02,Virginia,8382993,10571,5058733,14706,4447794
2021-07-03,Virginia,8382993,8417,5067150,10050,4457844
2021-07-04,Virginia,8382993,7517,5074667,9206,4467050
2021-07-05,Virginia,8382993,0,5074667,0,4467050
2021-07-06,Virginia,8382993,9305,5083972,11267,4478317
2021-07-07,Virginia,8382993,2590,5086562,3079,4481396
2021-07-08,Virginia,8382993,6696,5093258,8222,4489618
2021-07-09,Virginia,8382993,7841,5101099,10659,4500277
2021-07-10,Virginia,8382993,6766,5107865,7962,4508239
2021-07-11,Virginia,8382993,5475,5113340,5856,4514095
2021-07-12,Virginia,8382993,7538,5120878,9463,4523558
2021-07-13,Virginia,8382993,4432,5125310,4854,4528412
2021-07-14,Virginia,8382993,6108,5131418,8070,4536482
2021-07-15,Virginia,8382993,6786,5138204,7894,4544376
2021-07-16,Virginia,8382993,8476,5146680,10548,4554924
2021-07-17,Virginia,8382993,7169,5153849,7467,4562391
2021-07-18,Virginia,8382993,6843,5160692,7098,4569489
2021-07-19,Virginia,8382993,6040,5166732,6410,4575899
2021-07-20,Virginia,8382993,0,5166732,0,4575899
2021-07-21,Virginia,8382993,11417,5178149,10533,4586432
2021-07-22,Virginia,8382993,7716,5185865,7592,4594024
2021-07-23,Virginia,8382993,8435,5194300,8092,4602116
2021-07-24,Virginia,8382993,8701,5203001,7384,4609500
2021-07-25,Virginia,8382993,11470,5214471,8064,4617564
2021-07-26,Virginia,8382993,8027,5222498,5574,4623138
2021-07-27,Virginia,8382993,5378,5227876,3654,4626792
2021-07-28,Virginia,8382993,7530,5235406,4316,4631108
2021-07-29,Virginia,8382993,9765,5245171,6882,4637990
2021-07-30,Virginia,8382993,10248,5255419,6765,4644755
2021-07-31,Virginia,8382993,11447,5266866,8019,4652774
2021-08-01,Virginia,8382993,20022,5286888,12526,4665300
2021-08-02,Virginia,8382993,7232,5294120,4093,4669393
2021-08-03,Virginia,8382993,501,5294621,261,4669654
2021-08-04,Virginia,8382993,8798,5303419,5157,4674811
2021-08-05,Virginia,8382993,11482,5314901,6868,4681679
2021-08-06,Virginia,8382993,11580,5326481,7042,4688721
2021-08-07,Virginia,8382993,11482,5337963,6718,4695439
2021-08-08,Virginia,8382993,22726,5360689,13258,4708697
2021-08-09,Virginia,8382993,385,5361074,135,4708832
2021-08-10,Virginia,8382993,7909,5368983,4338,4713170
2021-08-11,Virginia,8382993,13148,5382131,9742,4722912
2021-08-12,Virginia,8382993,9645,5391776,6155,4729067
2021-08-13,Virginia,8382993,9302,5401078,5928,4734995
2021-08-14,Virginia,8382993,17475,5418553,11493,4746488
2021-08-15,Virginia,8382993,765,5419318,492,4746980
2021-08-16,Virginia,8382993,20230,5439548,14737,4761717
2021-08-17,Virginia,8382993,7904,5447452,4577,4766294
2021-08-18,Virginia,8382993,8200,5455652,6620,4772914
2021-08-19,Virginia,8382993,7688,5463340,6077,4778991
2021-08-20,Virginia,8382993,12300,5475640,9924,4788915
2021-08-21,Virginia,8382993,11127,5486767,9404,4798319
2021-08-22,Virginia,8382993,9589,5496356,8154,4806473
2021-08-23,Virginia,8382993,9823,5506179,8649,4815122
2021-08-24,Virginia,8382993,5984,5512163,5425,4820547
2021-08-25,Virginia,8382993,8826,5520989,8629,4829176
2021-08-26,Virginia,8382993,11039,5532028,9722,4838898
2021-08-27,Virginia,8382993,1074,5533102,7912,4846810
2021-08-28,Virginia,8382993,0,5533102,0,4846810
2021-08-29,Virginia,8382993,24010,5557112,22076,4868886
2021-08-30,Virginia,8382993,10479,5567591,11329,4880215
2021-08-31,Virginia,8382993,6605,5574196,7316,4887531
2021-09-01,Virginia,8382993,8325,5582521,8044,4895575
2021-09-02,Virginia,8382993,8332,5590853,7958,4903533
2021-09-03,Virginia,8382993,10586,5601439,9302,4912835
2021-09-04,Virginia,8382993,12998,5614437,11419,4924254
2021-09-05,Virginia,8382993,0,5614437,0,4924254
2021-09-06,Virginia,8382993,0,5614437,0,4924254
2021-09-07,Virginia,8382993,22528,5636965,23525,4947779
2021-09-08,Virginia,8382993,6278,5643243,5752,4953531
2021-09-09,Virginia,8382993,6195,5649438,5592,4959123
2021-09-10,Virginia,8382993,11354,5660792,12913,4972036
2021-09-11,Virginia,8382993,9967,5670759,9214,4981250
2021-09-12,Virginia,8382993,9981,5680740,9117,4990367
2021-09-13,Virginia,8382993,0,5680740,0,4990367
2021-09-14,Virginia,8382993,15336,5696076,16140,5006507
2021-09-15,Virginia,8382993,7650,5703726,7593,5014100
2021-09-16,Virginia,8382993,8561,5712287,8457,5022557
2021-09-17,Virginia,8382993,10628,5722915,11636,5034193
2021-09-18,Virginia,8382993,25964,5748879,27325,5061518
2021-09-19,Virginia,8382993,18127,5767006,19380,5080898
2021-09-20,Virginia,8382993,10452,5777458,13383,5094281
2021-09-21,Virginia,8382993,4980,5782438,6083,5100364
2021-09-22,Virginia,8382993,4826,5787264,6036,5106400
2021-09-23,Virginia,8382993,-894,5786370,817,5107217
2021-09-24,Virginia,8382993,12180,5798550,16388,5123605
2021-09-25,Virginia,8382993,6673,5805223,8319,5131924
2021-09-26,Virginia,8382993,9980,5815203,11164,5143088
2021-09-27,Virginia,8382993,4523,5819726,5550,5148638
2021-09-28,Virginia,8382993,0,5819726,0,5148638
2021-09-29,Virginia,8382993,13688,5833414,16294,5164932
2021-09-30,Virginia,8382993,5665,5839079,5618,5170550
2021-10-01,Virginia,8382993,8543,5847622,7558,5178108
2021-10-02,Virginia,8382993,4026,5851648,3823,5181931
2021-10-03,Virginia,8382993,6814,5858462,7192,5189123
2021-10-04,Virginia,8382993,14544,5873006,15966,5205089
2021-10-05,Virginia,8382993,4495,5877501,4750,5209839
2021-10-06,Virginia,8382993,6362,5883863,7017,5216856
2021-10-07,Virginia,8382993,5339,5889202,4780,5221636
2021-10-08,Virginia,8382993,9219,5898421,9506,5231142
2021-10-09,Virginia,8382993,8426,5906847,8009,5239151
2021-10-10,Virginia,8382993,0,5906847,0,5239151
2021-10-11,Virginia,8382993,0,5906847,0,5239151
2021-10-12,Virginia,8382993,17519,5924366,16283,5255434
2021-10-13,Virginia,8382993,5175,5929541,5684,5261118
2021-10-14,Virginia,8382993,9984,5939525,11925,5273043
2021-10-15,Virginia,8382993,8776,5948301,8394,5281437
2021-10-16,Virginia,8382993,7502,5955803,7605,5289042
2021-10-17,Virginia,8382993,9869,5965672,9785,5298827
2021-10-18,Virginia,8382993,5975,5971647,5739,5304566
2021-10-19,Virginia,8382993,4816,5976463,4735,5309301
2021-10-20,Virginia,8382993,6227,5982690,5855,5315156
2021-10-21,Virginia,8382993,7537,5990227,6429,5321585
2021-10-22,Virginia,8382993,13401,6003628,11089,5332674
2021-10-23,Virginia,8382993,5749,6009377,5596,5338270
2021-10-24,Virginia,8382993,6909,6016286,7469,5345739
2021-10-25,Virginia,8382993,5418,6021704,4210,5349949
2021-10-26,Virginia,8382993,5681,6027385,4060,5354009
2021-10-27,Virginia,8382993,6098,6033483,4480,5358489
2021-10-28,Virginia,8382993,18950,6052433,14087,5372576
2021-10-29,Virginia,8382993,2280,6054713,785,5373361
2021-10-30,Virginia,8382993,8757,6063470,6150,5379511
2021-10-31,Virginia,8382993,9074,6072544,6657,5386168
2021-11-01,Virginia,8382993,7584,6080128,5822,5391990
2021-11-02,Virginia,8382993,5580,6085708,3766,5395756
2021-11-03,Virginia,8382993,6389,6092097,4716,5400472
2021-11-04,Virginia,8382993,9064,6101161,6295,5406767
2021-11-05,Virginia,8382993,6802,6107963,5610,5412377
2021-11-06,Virginia,8382993,9018,6116981,5828,5418205
2021-11-07,Virginia,8382993,11167,6128148,5053,5423258
2021-11-08,Virginia,8382993,15305,6143453,7379,5430637
2021-11-09,Virginia,8382993,12385,6155838,6127,5436764
2021-11-10,Virginia,8382993,11724,6167562,4133,5440897
2021-11-11,Virginia,8382993,0,6167562,0,5440897
2021-11-12,Virginia,8382993,41425,6208987,13848,5454745
2021-11-13,Virginia,8382993,17383,6226370,4702,5459447
2021-11-14,Virginia,8382993,14896,6241266,3843,5463290
2021-11-15,Virginia,8382993,24504,6265770,6568,5469858
2021-11-16,Virginia,8382993,13297,6279067,3165,5473023
2021-11-17,Virginia,8382993,8995,6288062,3349,5476372
2021-11-18,Virginia,8382993,0,6288062,0,5476372
2021-11-19,Virginia,8382993,15188,6303250,4935,5481307
2021-11-20,Virginia,8382993,22561,6325811,13883,5495190
2021-11-21,Virginia,8382993,15459,6341270,5644,5500834
2021-11-22,Virginia,8382993,32545,6373815,9496,5510330
2021-11-23,Virginia,8382993,0,6373815,0,5510330
2021-11-24,Virginia,8382993,19653,6393468,5733,5516063
2021-11-25,Virginia,8382993,0,6393468,0,5516063
2021-11-26,Virginia,8382993,0,6393468,0,5516063
2021-11-27,Virginia,8382993,0,6393468,0,5516063
2021-11-28,Virginia,8382993,0,6393468,0,5516063
2021-11-29,Virginia,8382993,0,6393468,0,5516063
2021-11-30,Virginia,8382993,57977,6451445,26877,5542940
2021-12-01,Virginia,8382993,7803,6459248,8197,5551137
2021-12-02,Virginia,8382993,12625,6471873,13331,5564468
2021-12-03,Virginia,8382993,11502,6483375,14115,5578583
2021-12-04,Virginia,8382993,13977,6497352,17253,5595836
2021-12-05,Virginia,8382993,12628,6509980,15409,5611245
2021-12-06,Virginia,8382993,11504,6521484,17230,5628475
2021-12-07,Virginia,8382993,7632,6529116,10188,5638663
2021-12-08,Virginia,8382993,17799,6546915,20565,5659228
2021-12-09,Virginia,8382993,2646,6549561,842,5660070
2021-12-10,Virginia,8382993,11002,6560563,9759,5669829
2021-12-11,Virginia,8382993,12735,6573298,12812,5682641
2021-12-12,Virginia,8382993,9437,6582735,9955,5692596
2021-12-13,Virginia,8382993,9489,6592224,8996,5701592
2021-12-14,Virginia,8382993,7245,6599469,7486,5709078
2021-12-15,Virginia,8382993,0,6599469,0,5709078
2021-12-16,Virginia,8382993,7631,6607100,7183,5716261
2021-12-17,Virginia,8382993,20590,6627690,17504,5733765
2021-12-18,Virginia,8382993,0,6627690,0,5733765
2021-12-19,Virginia,8382993,22792,6650482,18623,5752388
2021-12-20,Virginia,8382993,10636,6661118,5687,5758075
2021-12-21,Virginia,8382993,8533,6669651,5343,5763418
2021-12-22,Virginia,8382993,7756,6677407,4270,5767688
2021-12-23,Virginia,8382993,10822,6688229,5839,5773527
2021-12-24,Virginia,8382993,0,6688229,0,5773527
2021-12-25,Virginia,8382993,0,6688229,0,5773527
2021-12-26,Virginia,8382993,0,6688229,0,5773527
2021-12-27,Virginia,8382993,35663,6723892,18263,5791790
2021-12-28,Virginia,8382993,2098,6725990,284,5792074
2021-12-29,Virginia,8382993,5612,6731602,3230,5795304
2021-12-30,Virginia,8382993,8747,6740349,4910,5800214
2021-12-31,Virginia,8382993,0,6740349,0,5800214
2022-01-01,Virginia,8382993,0,6740349,0,5800214
2022-01-02,Virginia,8382993,0,6740349,0,5800214
2022-01-03,Virginia,8382993,0,6740349,0,5800214
2022-01-04,Virginia,8382993,45066,6785415,23894,5824108
2022-01-05,Virginia,8382993,6258,6791673,3714,5827822
2022-01-06,Virginia,8382993,0,6791673,0,5827822
2022-01-07,Virginia,8382993,5377,6797050,3241,5831063
2022-01-08,Virginia,8382993,16197,6813247,9769,5840832
2022-01-09,Virginia,8382993,8970,6822217,4899,5845731
2022-01-10,Virginia,8382993,6407,6828624,3713,5849444
2022-01-11,Virginia,8382993,11435,6840059,7520,5856964
2022-01-12,Virginia,8382993,8865,6848924,5499,5862463
2022-01-13,Virginia,8382993,8260,6857184,5367,5867830
2022-01-14,Virginia,8382993,8175,6865359,5370,5873200
2022-01-15,Virginia,8382993,0,6865359,0,5873200
2022-01-16,Virginia,8382993,8643,6874002,5341,5878541
2022-01-17,Virginia,8382993,0,6874002,0,5878541
2022-01-18,Virginia,8382993,19265,6893267,10720,5889261
2022-01-19,Virginia,8382993,149865,7043132,96833,5986094
2022-01-20,Virginia,8382993,5161,7048293,3216,5989310
2022-01-21,Virginia,8382993,6676,7054969,4048,5993358
2022-01-22,Virginia,8382993,6444,7061413,3967,5997325
2022-01-23,Virginia,8382993,5666,7067079,4544,6001869
2022-01-24,Virginia,8382993,3919,7070998,2587,6004456
2022-01-25,Virginia,8382993,3793,7074791,2140,6006596
2022-01-26,Virginia,8382993,4000,7078791,2442,6009038
2022-01-27,Virginia,8382993,3966,7082757,3286,6012324
2022-01-28,Virginia,8382993,5085,7087842,3980,6016304
2022-01-29,Virginia,8382993,835,7088677,293,6016597
2022-01-30,Virginia,8382993,7818,7096495,6899,6023496
2022-01-31,Virginia,8382993,0,7096495,0,6023496
2022-02-01,Virginia,8382993,5815,7102310,5020,6028516
2022-02-02,Virginia,8382993,4526,7106836,3345,6031861
2022-02-03,Virginia,8382993,0,7106836,0,6031861
2022-02-04,Virginia,8382993,8672,7115508,7023,6038884
2022-02-05,Virginia,8382993,5731,7121239,4468,6043352
2022-02-06,Virginia,8382993,4809,7126048,4170,6047522
2022-02-07,Virginia,8382993,1807,7127855,2086,6049608
2022-02-08,Virginia,8382993,1269,7129124,1466,6051074
2022-02-09,Virginia,8382993,0,7129124,0,6051074
2021-07-01,Virgin Islands,104901,91,41165,95,35112
2021-07-02,Virgin Islands,104901,91,41256,97,35209
2021-07-03,Virgin Islands,104901,114,41370,121,35330
2021-07-04,Virgin Islands,104901,23,41393,5,35335
2021-07-05,Virgin Islands,104901,0,41393,0,35335
2021-07-06,Virgin Islands,104901,29,41422,13,35348
2021-07-07,Virgin Islands,104901,156,41578,199,35547
2021-07-08,Virgin Islands,104901,138,41716,119,35666
2021-07-09,Virgin Islands,104901,137,41853,108,35774
2021-07-10,Virgin Islands,104901,131,41984,96,35870
2021-07-11,Virgin Islands,104901,19,42003,29,35899
2021-07-12,Virgin Islands,104901,8,42011,10,35909
2021-07-13,Virgin Islands,104901,154,42165,94,36003
2021-07-14,Virgin Islands,104901,139,42304,140,36143
2021-07-15,Virgin Islands,104901,117,42421,103,36246
2021-07-16,Virgin Islands,104901,133,42554,119,36365
2021-07-17,Virgin Islands,104901,140,42694,151,36516
2021-07-18,Virgin Islands,104901,10,42704,10,36526
2021-07-19,Virgin Islands,104901,18,42722,11,36537
2021-07-20,Virgin Islands,104901,0,42722,0,36537
2021-07-21,Virgin Islands,104901,438,43160,213,36750
2021-07-22,Virgin Islands,104901,173,43333,91,36841
2021-07-23,Virgin Islands,104901,251,43584,98,36939
2021-07-24,Virgin Islands,104901,324,43908,89,37028
2021-07-25,Virgin Islands,104901,10,43918,3,37031
2021-07-26,Virgin Islands,104901,48,43966,13,37044
2021-07-27,Virgin Islands,104901,263,44229,35,37079
2021-07-28,Virgin Islands,104901,309,44538,125,37204
2021-07-29,Virgin Islands,104901,302,44840,133,37337
2021-07-30,Virgin Islands,104901,295,45135,143,37480
2021-07-31,Virgin Islands,104901,346,45481,127,37607
2021-08-01,Virgin Islands,104901,39,45520,8,37615
2021-08-02,Virgin Islands,104901,29,45549,11,37626
2021-08-03,Virgin Islands,104901,386,45935,113,37739
2021-08-04,Virgin Islands,104901,336,46271,131,37870
2021-08-05,Virgin Islands,104901,269,46540,115,37985
2021-08-06,Virgin Islands,104901,325,46865,125,38110
2021-08-07,Virgin Islands,104901,312,47177,153,38263
2021-08-08,Virgin Islands,104901,18,47195,8,38271
2021-08-09,Virgin Islands,104901,17,47212,5,38276
2021-08-10,Virgin Islands,104901,318,47530,230,38506
2021-08-11,Virgin Islands,104901,208,47738,157,38663
2021-08-12,Virgin Islands,104901,399,48137,281,38944
2021-08-13,Virgin Islands,104901,315,48452,185,39129
2021-08-14,Virgin Islands,104901,305,48757,287,39416
2021-08-15,Virgin Islands,104901,2,48759,0,39416
2021-08-16,Virgin Islands,104901,6,48765,5,39421
2021-08-17,Virgin Islands,104901,213,48978,236,39657
2021-08-18,Virgin Islands,104901,215,49193,338,39995
2021-08-19,Virgin Islands,104901,173,49366,252,40247
2021-08-20,Virgin Islands,104901,357,49723,261,40508
2021-08-21,Virgin Islands,104901,183,49906,347,40855
2021-08-22,Virgin Islands,104901,16,49922,20,40875
2021-08-23,Virgin Islands,104901,3,49925,2,40877
2021-08-24,Virgin Islands,104901,194,50119,381,41258
2021-08-25,Virgin Islands,104901,149,50268,273,41531
2021-08-26,Virgin Islands,104901,171,50439,283,41814
2021-08-27,Virgin Islands,104901,152,50591,239,42053
2021-08-28,Virgin Islands,104901,0,50591,0,42053
2021-08-29,Virgin Islands,104901,264,50855,289,42342
2021-08-30,Virgin Islands,104901,4,50859,1,42343
2021-08-31,Virgin Islands,104901,180,51039,291,42634
2021-09-01,Virgin Islands,104901,128,51167,192,42826
2021-09-02,Virgin Islands,104901,103,51270,169,42995
2021-09-03,Virgin Islands,104901,155,51425,329,43324
2021-09-04,Virgin Islands,104901,163,51588,284,43608
2021-09-05,Virgin Islands,104901,0,51588,0,43608
2021-09-06,Virgin Islands,104901,0,51588,0,43608
2021-09-07,Virgin Islands,104901,12,51600,18,43626
2021-09-08,Virgin Islands,104901,161,51761,257,43883
2021-09-09,Virgin Islands,104901,108,51869,237,44120
2021-09-10,Virgin Islands,104901,166,52035,343,44463
2021-09-11,Virgin Islands,104901,196,52231,234,44697
2021-09-12,Virgin Islands,104901,78,52309,16,44713
2021-09-13,Virgin Islands,104901,0,52309,0,44713
2021-09-14,Virgin Islands,104901,165,52474,186,44899
2021-09-15,Virgin Islands,104901,162,52636,147,45046
2021-09-16,Virgin Islands,104901,119,52755,121,45167
2021-09-17,Virgin Islands,104901,170,52925,189,45356
2021-09-18,Virgin Islands,104901,113,53038,193,45549
2021-09-19,Virgin Islands,104901,6,53044,2,45551
2021-09-20,Virgin Islands,104901,4,53048,2,45553
2021-09-21,Virgin Islands,104901,80,53128,163,45716
2021-09-22,Virgin Islands,104901,166,53294,210,45926
2021-09-23,Virgin Islands,104901,-26,53268,33,45959
2021-09-24,Virgin Islands,104901,40,53308,94,46053
2021-09-25,Virgin Islands,104901,116,53424,139,46192
2021-09-26,Virgin Islands,104901,5,53429,0,46192
2021-09-27,Virgin Islands,104901,4,53433,2,46194
2021-09-28,Virgin Islands,104901,0,53433,0,46194
2021-09-29,Virgin Islands,104901,191,53624,250,46444
2021-09-30,Virgin Islands,104901,132,53756,188,46632
2021-10-01,Virgin Islands,104901,152,53908,275,46907
2021-10-02,Virgin Islands,104901,125,54033,130,47037
2021-10-03,Virgin Islands,104901,2,54035,8,47045
2021-10-04,Virgin Islands,104901,11,54046,7,47052
2021-10-05,Virgin Islands,104901,112,54158,134,47186
2021-10-06,Virgin Islands,104901,120,54278,112,47298
2021-10-07,Virgin Islands,104901,79,54357,106,47404
2021-10-08,Virgin Islands,104901,79,54436,94,47498
2021-10-09,Virgin Islands,104901,94,54530,94,47592
2021-10-10,Virgin Islands,104901,0,54530,0,47592
2021-10-11,Virgin Islands,104901,0,54530,0,47592
2021-10-12,Virgin Islands,104901,21,54551,20,47612
2021-10-13,Virgin Islands,104901,131,54682,153,47765
2021-10-14,Virgin Islands,104901,117,54799,94,47859
2021-10-15,Virgin Islands,104901,75,54874,105,47964
2021-10-16,Virgin Islands,104901,132,55006,108,48072
2021-10-17,Virgin Islands,104901,12,55018,15,48087
2021-10-18,Virgin Islands,104901,3,55021,7,48094
2021-10-19,Virgin Islands,104901,108,55129,91,48185
2021-10-20,Virgin Islands,104901,66,55195,77,48262
2021-10-21,Virgin Islands,104901,85,55280,108,48370
2021-10-22,Virgin Islands,104901,97,55377,137,48507
2021-10-23,Virgin Islands,104901,58,55435,89,48596
2021-10-24,Virgin Islands,104901,23,55458,16,48612
2021-10-25,Virgin Islands,104901,24,55482,7,48619
2021-10-26,Virgin Islands,104901,91,55573,134,48753
2021-10-27,Virgin Islands,104901,80,55653,66,48819
2021-10-28,Virgin Islands,104901,84,55737,114,48933
2021-10-29,Virgin Islands,104901,87,55824,67,49000
2021-10-30,Virgin Islands,104901,86,55910,105,49105
2021-10-31,Virgin Islands,104901,8,55918,2,49107
2021-11-01,Virgin Islands,104901,12,55930,6,49113
2021-11-02,Virgin Islands,104901,20,55950,39,49152
2021-11-03,Virgin Islands,104901,98,56048,104,49256
2021-11-04,Virgin Islands,104901,92,56140,82,49338
2021-11-05,Virgin Islands,104901,83,56223,75,49413
2021-11-06,Virgin Islands,104901,93,56316,86,49499
2021-11-07,Virgin Islands,104901,6,56322,4,49503
2021-11-08,Virgin Islands,104901,10,56332,2,49505
2021-11-09,Virgin Islands,104901,87,56419,117,49622
2021-11-10,Virgin Islands,104901,85,56504,66,49688
2021-11-11,Virgin Islands,104901,0,56504,0,49688
2021-11-12,Virgin Islands,104901,140,56644,134,49822
2021-11-13,Virgin Islands,104901,144,56788,123,49945
2021-11-14,Virgin Islands,104901,44,56832,15,49960
2021-11-15,Virgin Islands,104901,5,56837,0,49960
2021-11-16,Virgin Islands,104901,75,56912,72,50032
2021-11-17,Virgin Islands,104901,99,57011,80,50112
2021-11-18,Virgin Islands,104901,0,57011,0,50112
2021-11-19,Virgin Islands,104901,210,57221,61,50173
2021-11-20,Virgin Islands,104901,82,57303,54,50227
2021-11-21,Virgin Islands,104901,2170,59473,1557,51784
2021-11-22,Virgin Islands,104901,58,59531,10,51794
2021-11-23,Virgin Islands,104901,0,59531,0,51794
2021-11-24,Virgin Islands,104901,183,59714,110,51904
2021-11-25,Virgin Islands,104901,0,59714,0,51904
2021-11-26,Virgin Islands,104901,0,59714,0,51904
2021-11-27,Virgin Islands,104901,0,59714,0,51904
2021-11-28,Virgin Islands,104901,0,59714,0,51904
2021-11-29,Virgin Islands,104901,0,59714,0,51904
2021-11-30,Virgin Islands,104901,481,60195,183,52087
2021-12-01,Virgin Islands,104901,308,60503,97,52184
2021-12-02,Virgin Islands,104901,129,60632,67,52251
2021-12-03,Virgin Islands,104901,100,60732,39,52290
2021-12-04,Virgin Islands,104901,144,60876,97,52387
2021-12-05,Virgin Islands,104901,3,60879,32,52419
2021-12-06,Virgin Islands,104901,17,60896,4,52423
2021-12-07,Virgin Islands,104901,114,61010,55,52478
2021-12-08,Virgin Islands,104901,78,61088,98,52576
2021-12-09,Virgin Islands,104901,315,61403,148,52724
2021-12-10,Virgin Islands,104901,100,61503,59,52783
2021-12-11,Virgin Islands,104901,139,61642,93,52876
2021-12-12,Virgin Islands,104901,3,61645,0,52876
2021-12-13,Virgin Islands,104901,42,61687,34,52910
2021-12-14,Virgin Islands,104901,65,61752,69,52979
2021-12-15,Virgin Islands,104901,0,61752,0,52979
2021-12-16,Virgin Islands,104901,68,61820,63,53042
2021-12-17,Virgin Islands,104901,397,62217,132,53174
2021-12-18,Virgin Islands,104901,0,62217,0,53174
2021-12-19,Virgin Islands,104901,143,62360,97,53271
2021-12-20,Virgin Islands,104901,2,62362,1,53272
2021-12-21,Virgin Islands,104901,375,62737,116,53388
2021-12-22,Virgin Islands,104901,121,62858,68,53456
2021-12-23,Virgin Islands,104901,60,62918,42,53498
2021-12-24,Virgin Islands,104901,0,62918,0,53498
2021-12-25,Virgin Islands,104901,0,62918,0,53498
2021-12-26,Virgin Islands,104901,0,62918,0,53498
2021-12-27,Virgin Islands,104901,147,63065,78,53576
2021-12-28,Virgin Islands,104901,41,63106,29,53605
2021-12-29,Virgin Islands,104901,112,63218,85,53690
2021-12-30,Virgin Islands,104901,89,63307,93,53783
2021-12-31,Virgin Islands,104901,0,63307,0,53783
2022-01-01,Virgin Islands,104901,0,63307,0,53783
2022-01-02,Virgin Islands,104901,0,63307,0,53783
2022-01-03,Virgin Islands,104901,0,63307,0,53783
2022-01-04,Virgin Islands,104901,385,63692,129,53912
2022-01-05,Virgin Islands,104901,78,63770,54,53966
2022-01-06,Virgin Islands,104901,0,63770,0,53966
2022-01-07,Virgin Islands,104901,101,63871,51,54017
2022-01-08,Virgin Islands,104901,148,64019,83,54100
2022-01-09,Virgin Islands,104901,2,64021,0,54100
2022-01-10,Virgin Islands,104901,9,64030,4,54104
2022-01-11,Virgin Islands,104901,275,64305,99,54203
2022-01-12,Virgin Islands,104901,86,64391,84,54287
2022-01-13,Virgin Islands,104901,82,64473,39,54326
2022-01-14,Virgin Islands,104901,71,64544,52,54378
2022-01-15,Virgin Islands,104901,0,64544,0,54378
2022-01-16,Virgin Islands,104901,91,64635,47,54425
2022-01-17,Virgin Islands,104901,0,64635,0,54425
2022-01-18,Virgin Islands,104901,8,64643,8,54433
2022-01-19,Virgin Islands,104901,258,64901,162,54595
2022-01-20,Virgin Islands,104901,625,65526,181,54776
2022-01-21,Virgin Islands,104901,39,65565,61,54837
2022-01-22,Virgin Islands,104901,73,65638,51,54888
2022-01-23,Virgin Islands,104901,6,65644,1,54889
2022-01-24,Virgin Islands,104901,1,65645,0,54889
2022-01-25,Virgin Islands,104901,164,65809,69,54958
2022-01-26,Virgin Islands,104901,27,65836,71,55029
2022-01-27,Virgin Islands,104901,43,65879,48,55077
2022-01-28,Virgin Islands,104901,44,65923,49,55126
2022-01-29,Virgin Islands,104901,52,65975,100,55226
2022-01-30,Virgin Islands,104901,4,65979,4,55230
2022-01-31,Virgin Islands,104901,0,65979,0,55230
2022-02-01,Virgin Islands,104901,17,65996,38,55268
2022-02-02,Virgin Islands,104901,289,66285,63,55331
2022-02-03,Virgin Islands,104901,0,66285,0,55331
2022-02-04,Virgin Islands,104901,50,66335,44,55375
2022-02-05,Virgin Islands,104901,58,66393,57,55432
2022-02-06,Virgin Islands,104901,2,66395,1,55433
2022-02-07,Virgin Islands,104901,3,66398,4,55437
2022-02-08,Virgin Islands,104901,39,66437,30,55467
2022-02-09,Virgin Islands,104901,0,66437,0,55467
2021-07-01,Vermont,626042,424,461667,610,409864
2021-07-02,Vermont,626042,338,462005,642,410506
2021-07-03,Vermont,626042,407,462412,606,411112
2021-07-04,Vermont,626042,392,462804,586,411698
2021-07-05,Vermont,626042,0,462804,0,411698
2021-07-06,Vermont,626042,686,463490,787,412485
2021-07-07,Vermont,626042,109,463599,163,412648
2021-07-08,Vermont,626042,257,463856,257,412905
2021-07-09,Vermont,626042,304,464160,486,413391
2021-07-10,Vermont,626042,332,464492,442,413833
2021-07-11,Vermont,626042,337,464829,518,414351
2021-07-12,Vermont,626042,407,465236,513,414864
2021-07-13,Vermont,626042,287,465523,297,415161
2021-07-14,Vermont,626042,168,465691,170,415331
2021-07-15,Vermont,626042,305,465996,386,415717
2021-07-16,Vermont,626042,349,466345,779,416496
2021-07-17,Vermont,626042,417,466762,592,417088
2021-07-18,Vermont,626042,384,467146,403,417491
2021-07-19,Vermont,626042,371,467517,594,418085
2021-07-20,Vermont,626042,0,467517,0,418085
2021-07-21,Vermont,626042,375,467892,395,418480
2021-07-22,Vermont,626042,326,468218,349,418829
2021-07-23,Vermont,626042,347,468565,306,419135
2021-07-24,Vermont,626042,365,468930,331,419466
2021-07-25,Vermont,626042,350,469280,344,419810
2021-07-26,Vermont,626042,391,469671,356,420166
2021-07-27,Vermont,626042,245,469916,180,420346
2021-07-28,Vermont,626042,224,470140,145,420491
2021-07-29,Vermont,626042,357,470497,307,420798
2021-07-30,Vermont,626042,411,470908,308,421106
2021-07-31,Vermont,626042,368,471276,338,421444
2021-08-01,Vermont,626042,398,471674,309,421753
2021-08-02,Vermont,626042,465,472139,339,422092
2021-08-03,Vermont,626042,315,472454,178,422270
2021-08-04,Vermont,626042,256,472710,166,422436
2021-08-05,Vermont,626042,407,473117,257,422693
2021-08-06,Vermont,626042,413,473530,377,423070
2021-08-07,Vermont,626042,464,473994,405,423475
2021-08-08,Vermont,626042,496,474490,313,423788
2021-08-09,Vermont,626042,433,474923,351,424139
2021-08-10,Vermont,626042,329,475252,223,424362
2021-08-11,Vermont,626042,188,475440,131,424493
2021-08-12,Vermont,626042,-8922,466518,-7802,416691
2021-08-13,Vermont,626042,822,467340,788,417479
2021-08-14,Vermont,626042,546,467886,348,417827
2021-08-15,Vermont,626042,508,468394,403,418230
2021-08-16,Vermont,626042,476,468870,353,418583
2021-08-17,Vermont,626042,295,469165,125,418708
2021-08-18,Vermont,626042,241,469406,175,418883
2021-08-19,Vermont,626042,454,469860,391,419274
2021-08-20,Vermont,626042,566,470426,427,419701
2021-08-21,Vermont,626042,479,470905,466,420167
2021-08-22,Vermont,626042,623,471528,505,420672
2021-08-23,Vermont,626042,448,471976,405,421077
2021-08-24,Vermont,626042,307,472283,227,421304
2021-08-25,Vermont,626042,212,472495,161,421465
2021-08-26,Vermont,626042,401,472896,386,421851
2021-08-27,Vermont,626042,527,473423,507,422358
2021-08-28,Vermont,626042,0,473423,0,422358
2021-08-29,Vermont,626042,898,474321,753,423111
2021-08-30,Vermont,626042,417,474738,397,423508
2021-08-31,Vermont,626042,267,475005,228,423736
2021-09-01,Vermont,626042,200,475205,169,423905
2021-09-02,Vermont,626042,374,475579,418,424323
2021-09-03,Vermont,626042,500,476079,497,424820
2021-09-04,Vermont,626042,426,476505,400,425220
2021-09-05,Vermont,626042,0,476505,0,425220
2021-09-06,Vermont,626042,0,476505,0,425220
2021-09-07,Vermont,626042,1034,477539,1103,426323
2021-09-08,Vermont,626042,199,477738,153,426476
2021-09-09,Vermont,626042,124,477862,141,426617
2021-09-10,Vermont,626042,275,478137,349,426966
2021-09-11,Vermont,626042,392,478529,374,427340
2021-09-12,Vermont,626042,614,479143,689,428029
2021-09-13,Vermont,626042,0,479143,0,428029
2021-09-14,Vermont,626042,775,479918,627,428656
2021-09-15,Vermont,626042,225,480143,175,428831
2021-09-16,Vermont,626042,319,480462,314,429145
2021-09-17,Vermont,626042,373,480835,375,429520
2021-09-18,Vermont,626042,377,481212,343,429863
2021-09-19,Vermont,626042,260,481472,272,430135
2021-09-20,Vermont,626042,315,481787,310,430445
2021-09-21,Vermont,626042,298,482085,318,430763
2021-09-22,Vermont,626042,174,482259,156,430919
2021-09-23,Vermont,626042,290,482549,309,431228
2021-09-24,Vermont,626042,273,482822,329,431557
2021-09-25,Vermont,626042,302,483124,309,431866
2021-09-26,Vermont,626042,538,483662,549,432415
2021-09-27,Vermont,626042,369,484031,310,432725
2021-09-28,Vermont,626042,0,484031,0,432725
2021-09-29,Vermont,626042,366,484397,329,433054
2021-09-30,Vermont,626042,565,484962,511,433565
2021-10-01,Vermont,626042,353,485315,271,433836
2021-10-02,Vermont,626042,404,485719,359,434195
2021-10-03,Vermont,626042,462,486181,383,434578
2021-10-04,Vermont,626042,562,486743,384,434962
2021-10-05,Vermont,626042,370,487113,285,435247
2021-10-06,Vermont,626042,235,487348,147,435394
2021-10-07,Vermont,626042,292,487640,289,435683
2021-10-08,Vermont,626042,1047,488687,1680,437363
2021-10-09,Vermont,626042,468,489155,386,437749
2021-10-10,Vermont,626042,0,489155,0,437749
2021-10-11,Vermont,626042,0,489155,0,437749
2021-10-12,Vermont,626042,1021,490176,956,438705
2021-10-13,Vermont,626042,154,490330,185,438890
2021-10-14,Vermont,626042,267,490597,225,439115
2021-10-15,Vermont,626042,354,490951,338,439453
2021-10-16,Vermont,626042,335,491286,320,439773
2021-10-17,Vermont,626042,300,491586,326,440099
2021-10-18,Vermont,626042,321,491907,342,440441
2021-10-19,Vermont,626042,236,492143,220,440661
2021-10-20,Vermont,626042,140,492283,102,440763
2021-10-21,Vermont,626042,297,492580,282,441045
2021-10-22,Vermont,626042,553,493133,440,441485
2021-10-23,Vermont,626042,340,493473,315,441800
2021-10-24,Vermont,626042,350,493823,360,442160
2021-10-25,Vermont,626042,386,494209,368,442528
2021-10-26,Vermont,626042,309,494518,158,442686
2021-10-27,Vermont,626042,437,494955,168,442854
2021-10-28,Vermont,626042,524,495479,392,443246
2021-10-29,Vermont,626042,711,496190,469,443715
2021-10-30,Vermont,626042,713,496903,462,444177
2021-10-31,Vermont,626042,574,497477,396,444573
2021-11-01,Vermont,626042,874,498351,414,444987
2021-11-02,Vermont,626042,629,498980,321,445308
2021-11-03,Vermont,626042,438,499418,224,445532
2021-11-04,Vermont,626042,563,499981,349,445881
2021-11-05,Vermont,626042,572,500553,455,446336
2021-11-06,Vermont,626042,680,501233,400,446736
2021-11-07,Vermont,626042,623,501856,388,447124
2021-11-08,Vermont,626042,813,502669,443,447567
2021-11-09,Vermont,626042,820,503489,292,447859
2021-11-10,Vermont,626042,1098,504587,201,448060
2021-11-11,Vermont,626042,0,504587,0,448060
2021-11-12,Vermont,626042,1971,506558,668,448728
2021-11-13,Vermont,626042,2066,508624,384,449112
2021-11-14,Vermont,626042,2092,510716,404,449516
2021-11-15,Vermont,626042,1547,512263,486,450002
2021-11-16,Vermont,626042,1704,513967,239,450241
2021-11-17,Vermont,626042,1563,515530,206,450447
2021-11-18,Vermont,626042,0,515530,0,450447
2021-11-19,Vermont,626042,949,516479,302,450749
2021-11-20,Vermont,626042,1312,517791,752,451501
2021-11-21,Vermont,626042,2375,520166,497,451998
2021-11-22,Vermont,626042,4440,524606,846,452844
2021-11-23,Vermont,626042,0,524606,0,452844
2021-11-24,Vermont,626042,3219,527825,574,453418
2021-11-25,Vermont,626042,0,527825,0,453418
2021-11-26,Vermont,626042,0,527825,0,453418
2021-11-27,Vermont,626042,0,527825,0,453418
2021-11-28,Vermont,626042,0,527825,0,453418
2021-11-29,Vermont,626042,0,527825,0,453418
2021-11-30,Vermont,626042,5393,533218,1365,454783
2021-12-01,Vermont,626042,572,533790,635,455418
2021-12-02,Vermont,626042,813,534603,588,456006
2021-12-03,Vermont,626042,913,535516,690,456696
2021-12-04,Vermont,626042,1532,537048,1724,458420
2021-12-05,Vermont,626042,1523,538571,2115,460535
2021-12-06,Vermont,626042,968,539539,1119,461654
2021-12-07,Vermont,626042,561,540100,1258,462912
2021-12-08,Vermont,626042,511,540611,1207,464119
2021-12-09,Vermont,626042,605,541216,853,464972
2021-12-10,Vermont,626042,802,542018,1106,466078
2021-12-11,Vermont,626042,1151,543169,1362,467440
2021-12-12,Vermont,626042,869,544038,1675,469115
2021-12-13,Vermont,626042,649,544687,1442,470557
2021-12-14,Vermont,626042,1269,545956,1322,471879
2021-12-15,Vermont,626042,0,545956,0,471879
2021-12-16,Vermont,626042,583,546539,1151,473030
2021-12-17,Vermont,626042,1473,548012,2117,475147
2021-12-18,Vermont,626042,0,548012,0,475147
2021-12-19,Vermont,626042,1795,549807,2146,477293
2021-12-20,Vermont,626042,767,550574,698,477991
2021-12-21,Vermont,626042,548,551122,511,478502
2021-12-22,Vermont,626042,748,551870,473,478975
2021-12-23,Vermont,626042,1410,553280,627,479602
2021-12-24,Vermont,626042,0,553280,0,479602
2021-12-25,Vermont,626042,0,553280,0,479602
2021-12-26,Vermont,626042,0,553280,0,479602
2021-12-27,Vermont,626042,2768,556048,2671,482273
2021-12-28,Vermont,626042,315,556363,69,482342
2021-12-29,Vermont,626042,216,556579,135,482477
2021-12-30,Vermont,626042,578,557157,448,482925
2021-12-31,Vermont,626042,0,557157,0,482925
2022-01-01,Vermont,626042,0,557157,0,482925
2022-01-02,Vermont,626042,0,557157,0,482925
2022-01-03,Vermont,626042,0,557157,0,482925
2022-01-04,Vermont,626042,2898,560055,2215,485140
2022-01-05,Vermont,626042,199,560254,92,485232
2022-01-06,Vermont,626042,0,560254,0,485232
2022-01-07,Vermont,626042,426,560680,435,485667
2022-01-08,Vermont,626042,1479,562159,1130,486797
2022-01-09,Vermont,626042,1110,563269,690,487487
2022-01-10,Vermont,626042,611,563880,549,488036
2022-01-11,Vermont,626042,338,564218,296,488332
2022-01-12,Vermont,626042,341,564559,277,488609
2022-01-13,Vermont,626042,583,565142,368,488977
2022-01-14,Vermont,626042,722,565864,496,489473
2022-01-15,Vermont,626042,0,565864,0,489473
2022-01-16,Vermont,626042,661,566525,396,489869
2022-01-17,Vermont,626042,0,566525,0,489869
2022-01-18,Vermont,626042,1442,567967,887,490756
2022-01-19,Vermont,626042,2540,570507,1519,492275
2022-01-20,Vermont,626042,383,570890,252,492527
2022-01-21,Vermont,626042,446,571336,330,492857
2022-01-22,Vermont,626042,453,571789,328,493185
2022-01-23,Vermont,626042,393,572182,367,493552
2022-01-24,Vermont,626042,518,572700,288,493840
2022-01-25,Vermont,626042,313,573013,209,494049
2022-01-26,Vermont,626042,193,573206,126,494175
2022-01-27,Vermont,626042,330,573536,239,494414
2022-01-28,Vermont,626042,262,573798,234,494648
2022-01-29,Vermont,626042,261,574059,213,494861
2022-01-30,Vermont,626042,347,574406,372,495233
2022-01-31,Vermont,626042,0,574406,0,495233
2022-02-01,Vermont,626042,690,575096,415,495648
2022-02-02,Vermont,626042,118,575214,170,495818
2022-02-03,Vermont,626042,0,575214,0,495818
2022-02-04,Vermont,626042,609,575823,477,496295
2022-02-05,Vermont,626042,131,575954,60,496355
2022-02-06,Vermont,626042,331,576285,418,496773
2022-02-07,Vermont,626042,149,576434,170,496943
2022-02-08,Vermont,626042,138,576572,104,497047
2022-02-09,Vermont,626042,0,576572,0,497047
2021-07-01,Washington,7170351,11110,4674964,13083,4163605
2021-07-02,Washington,7170351,8268,4683232,11451,4175056
2021-07-03,Washington,7170351,8820,4692052,10883,4185939
2021-07-04,Washington,7170351,12077,4704129,13140,4199079
2021-07-05,Washington,7170351,0,4704129,0,4199079
2021-07-06,Washington,7170351,4820,4708949,7270,4206349
2021-07-07,Washington,7170351,10142,4719091,13615,4219964
2021-07-08,Washington,7170351,8069,4727160,10466,4230430
2021-07-09,Washington,7170351,7641,4734801,10299,4240729
2021-07-10,Washington,7170351,7073,4741874,9352,4250081
2021-07-11,Washington,7170351,7560,4749434,10415,4260496
2021-07-12,Washington,7170351,5924,4755358,8048,4268544
2021-07-13,Washington,7170351,3978,4759336,4883,4273427
2021-07-14,Washington,7170351,4809,4764145,6085,4279512
2021-07-15,Washington,7170351,7045,4771190,8052,4287564
2021-07-16,Washington,7170351,6768,4777958,8452,4296016
2021-07-17,Washington,7170351,5632,4783590,6503,4302519
2021-07-18,Washington,7170351,5918,4789508,7167,4309686
2021-07-19,Washington,7170351,5604,4795112,6826,4316512
2021-07-20,Washington,7170351,0,4795112,0,4316512
2021-07-21,Washington,7170351,4826,4799938,9494,4326006
2021-07-22,Washington,7170351,7308,4807246,7254,4333260
2021-07-23,Washington,7170351,7306,4814552,7258,4340518
2021-07-24,Washington,7170351,7883,4822435,7626,4348144
2021-07-25,Washington,7170351,7525,4829960,6722,4354866
2021-07-26,Washington,7170351,6254,4836214,5158,4360024
2021-07-27,Washington,7170351,3494,4839708,3064,4363088
2021-07-28,Washington,7170351,5550,4845258,4679,4367767
2021-07-29,Washington,7170351,7914,4853172,6424,4374191
2021-07-30,Washington,7170351,10584,4863756,8562,4382753
2021-07-31,Washington,7170351,8491,4872247,6075,4388828
2021-08-01,Washington,7170351,9049,4881296,6127,4394955
2021-08-02,Washington,7170351,7001,4888297,5128,4400083
2021-08-03,Washington,7170351,4211,4892508,3120,4403203
2021-08-04,Washington,7170351,6808,4899316,5911,4409114
2021-08-05,Washington,7170351,10235,4909551,6879,4415993
2021-08-06,Washington,7170351,10330,4919881,6555,4422548
2021-08-07,Washington,7170351,9789,4929670,6434,4428982
2021-08-08,Washington,7170351,10444,4940114,6846,4435828
2021-08-09,Washington,7170351,8197,4948311,4940,4440768
2021-08-10,Washington,7170351,5145,4953456,2887,4443655
2021-08-11,Washington,7170351,1367,4954823,437,4444092
2021-08-12,Washington,7170351,15736,4970559,10688,4454780
2021-08-13,Washington,7170351,12137,4982696,7663,4462443
2021-08-14,Washington,7170351,9872,4992568,6408,4468851
2021-08-15,Washington,7170351,11704,5004272,7790,4476641
2021-08-16,Washington,7170351,8261,5012533,5175,4481816
2021-08-17,Washington,7170351,5671,5018204,2230,4484046
2021-08-18,Washington,7170351,8123,5026327,5378,4489424
2021-08-19,Washington,7170351,11121,5037448,7763,4497187
2021-08-20,Washington,7170351,11530,5048978,7669,4504856
2021-08-21,Washington,7170351,11281,5060259,7374,4512230
2021-08-22,Washington,7170351,12675,5072934,8778,4521008
2021-08-23,Washington,7170351,9901,5082835,6419,4527427
2021-08-24,Washington,7170351,6244,5089079,3736,4531163
2021-08-25,Washington,7170351,9616,5098695,5848,4537011
2021-08-26,Washington,7170351,13580,5112275,8905,4545916
2021-08-27,Washington,7170351,12515,5124790,8299,4554215
2021-08-28,Washington,7170351,0,5124790,0,4554215
2021-08-29,Washington,7170351,24292,5149082,16732,4570947
2021-08-30,Washington,7170351,10312,5159394,6939,4577886
2021-08-31,Washington,7170351,5977,5165371,3747,4581633
2021-09-01,Washington,7170351,10460,5175831,6884,4588517
2021-09-02,Washington,7170351,10192,5186023,8779,4597296
2021-09-03,Washington,7170351,14210,5200233,10003,4607299
2021-09-04,Washington,7170351,11473,5211706,8026,4615325
2021-09-05,Washington,7170351,0,5211706,0,4615325
2021-09-06,Washington,7170351,0,5211706,0,4615325
2021-09-07,Washington,7170351,7201,5218907,2854,4618179
2021-09-08,Washington,7170351,28095,5247002,22466,4640645
2021-09-09,Washington,7170351,8458,5255460,6525,4647170
2021-09-10,Washington,7170351,10440,5265900,10296,4657466
2021-09-11,Washington,7170351,14916,5280816,11028,4668494
2021-09-12,Washington,7170351,608,5281424,377,4668871
2021-09-13,Washington,7170351,0,5281424,0,4668871
2021-09-14,Washington,7170351,31783,5313207,29673,4698544
2021-09-15,Washington,7170351,9920,5323127,8109,4706653
2021-09-16,Washington,7170351,12358,5335485,10866,4717519
2021-09-17,Washington,7170351,10465,5345950,10218,4727737
2021-09-18,Washington,7170351,7996,5353946,8614,4736351
2021-09-19,Washington,7170351,2720,5356666,2114,4738465
2021-09-20,Washington,7170351,2040,5358706,1785,4740250
2021-09-21,Washington,7170351,19822,5378528,24638,4764888
2021-09-22,Washington,7170351,8438,5386966,9178,4774066
2021-09-23,Washington,7170351,-308229,5078737,-192724,4581342
2021-09-24,Washington,7170351,8122,5086859,10037,4591379
2021-09-25,Washington,7170351,6071,5092930,8352,4599731
2021-09-26,Washington,7170351,471,5093401,488,4600219
2021-09-27,Washington,7170351,408,5093809,308,4600527
2021-09-28,Washington,7170351,0,5093809,0,4600527
2021-09-29,Washington,7170351,19124,5112933,24923,4625450
2021-09-30,Washington,7170351,5127,5118060,6471,4631921
2021-10-01,Washington,7170351,6250,5124310,7368,4639289
2021-10-02,Washington,7170351,4447,5128757,6067,4645356
2021-10-03,Washington,7170351,609,5129366,290,4645646
2021-10-04,Washington,7170351,488,5129854,173,4645819
2021-10-05,Washington,7170351,22027,5151881,39677,4685496
2021-10-06,Washington,7170351,5059,5156940,7521,4693017
2021-10-07,Washington,7170351,4215,5161155,5308,4698325
2021-10-08,Washington,7170351,7939,5169094,10813,4709138
2021-10-09,Washington,7170351,5591,5174685,6669,4715807
2021-10-10,Washington,7170351,0,5174685,0,4715807
2021-10-11,Washington,7170351,0,5174685,0,4715807
2021-10-12,Washington,7170351,12191,5186876,15653,4731460
2021-10-13,Washington,7170351,4566,5191442,6194,4737654
2021-10-14,Washington,7170351,5545,5196987,7221,4744875
2021-10-15,Washington,7170351,5010,5201997,7025,4751900
2021-10-16,Washington,7170351,4869,5206866,5485,4757385
2021-10-17,Washington,7170351,419,5207285,270,4757655
2021-10-18,Washington,7170351,360,5207645,161,4757816
2021-10-19,Washington,7170351,11411,5219056,14033,4771849
2021-10-20,Washington,7170351,4180,5223236,4817,4776666
2021-10-21,Washington,7170351,5328,5228564,5805,4782471
2021-10-22,Washington,7170351,10411,5238975,9024,4791495
2021-10-23,Washington,7170351,5496,5244471,6502,4797997
2021-10-24,Washington,7170351,453,5244924,224,4798221
2021-10-25,Washington,7170351,457,5245381,121,4798342
2021-10-26,Washington,7170351,13885,5259266,14770,4813112
2021-10-27,Washington,7170351,5283,5264549,5164,4818276
2021-10-28,Washington,7170351,6438,5270987,5652,4823928
2021-10-29,Washington,7170351,5851,5276838,5182,4829110
2021-10-30,Washington,7170351,6183,5283021,4924,4834034
2021-10-31,Washington,7170351,924,5283945,223,4834257
2021-11-01,Washington,7170351,377,5284322,122,4834379
2021-11-02,Washington,7170351,14454,5298776,11923,4846302
2021-11-03,Washington,7170351,5200,5303976,3859,4850161
2021-11-04,Washington,7170351,5554,5309530,4560,4854721
2021-11-05,Washington,7170351,4639,5314169,3955,4858676
2021-11-06,Washington,7170351,5045,5319214,4229,4862905
2021-11-07,Washington,7170351,830,5320044,240,4863145
2021-11-08,Washington,7170351,773,5320817,125,4863270
2021-11-09,Washington,7170351,14296,5335113,12733,4876003
2021-11-10,Washington,7170351,4609,5339722,3790,4879793
2021-11-11,Washington,7170351,0,5339722,0,4879793
2021-11-12,Washington,7170351,17772,5357494,5088,4884881
2021-11-13,Washington,7170351,10312,5367806,4554,4889435
2021-11-14,Washington,7170351,569,5368375,147,4889582
2021-11-15,Washington,7170351,713,5369088,96,4889678
2021-11-16,Washington,7170351,52092,5421180,13657,4903335
2021-11-17,Washington,7170351,10733,5431913,3219,4906554
2021-11-18,Washington,7170351,0,5431913,0,4906554
2021-11-19,Washington,7170351,10816,5442729,4301,4910855
2021-11-20,Washington,7170351,10385,5453114,4493,4915348
2021-11-21,Washington,7170351,11092,5464206,5264,4920612
2021-11-22,Washington,7170351,1542,5465748,334,4920946
2021-11-23,Washington,7170351,0,5465748,0,4920946
2021-11-24,Washington,7170351,42861,5508609,14178,4935124
2021-11-25,Washington,7170351,0,5508609,0,4935124
2021-11-26,Washington,7170351,0,5508609,0,4935124
2021-11-27,Washington,7170351,0,5508609,0,4935124
2021-11-28,Washington,7170351,0,5508609,0,4935124
2021-11-29,Washington,7170351,0,5508609,0,4935124
2021-11-30,Washington,7170351,43667,5552276,17942,4953066
2021-12-01,Washington,7170351,8253,5560529,10761,4963827
2021-12-02,Washington,7170351,8911,5569440,8668,4972495
2021-12-03,Washington,7170351,8432,5577872,8209,4980704
2021-12-04,Washington,7170351,6914,5584786,6297,4987001
2021-12-05,Washington,7170351,1208,5585994,300,4987301
2021-12-06,Washington,7170351,642,5586636,241,4987542
2021-12-07,Washington,7170351,19550,5606186,43002,5030544
2021-12-08,Washington,7170351,6758,5612944,8144,5038688
2021-12-09,Washington,7170351,8271,5621215,9446,5048134
2021-12-10,Washington,7170351,9794,5631009,10561,5058695
2021-12-11,Washington,7170351,8058,5639067,7889,5066584
2021-12-12,Washington,7170351,841,5639908,268,5066852
2021-12-13,Washington,7170351,795,5640703,192,5067044
2021-12-14,Washington,7170351,17446,5658149,27501,5094545
2021-12-15,Washington,7170351,0,5658149,0,5094545
2021-12-16,Washington,7170351,747,5658896,225,5094770
2021-12-17,Washington,7170351,22558,5681454,23522,5118292
2021-12-18,Washington,7170351,0,5681454,0,5118292
2021-12-19,Washington,7170351,8935,5690389,5678,5123970
2021-12-20,Washington,7170351,957,5691346,187,5124157
2021-12-21,Washington,7170351,16729,5708075,11150,5135307
2021-12-22,Washington,7170351,9683,5717758,7191,5142498
2021-12-23,Washington,7170351,8988,5726746,5736,5148234
2021-12-24,Washington,7170351,0,5726746,0,5148234
2021-12-25,Washington,7170351,0,5726746,0,5148234
2021-12-26,Washington,7170351,0,5726746,0,5148234
2021-12-27,Washington,7170351,11703,5738449,6793,5155027
2021-12-28,Washington,7170351,11567,5750016,7776,5162803
2021-12-29,Washington,7170351,4791,5754807,3922,5166725
2021-12-30,Washington,7170351,5905,5760712,5002,5171727
2021-12-31,Washington,7170351,0,5760712,0,5171727
2022-01-01,Washington,7170351,0,5760712,0,5171727
2022-01-02,Washington,7170351,0,5760712,0,5171727
2022-01-03,Washington,7170351,0,5760712,0,5171727
2022-01-04,Washington,7170351,21325,5782037,13619,5185346
2022-01-05,Washington,7170351,4867,5786904,3792,5189138
2022-01-06,Washington,7170351,0,5786904,0,5189138
2022-01-07,Washington,7170351,6474,5793378,4850,5193988
2022-01-08,Washington,7170351,13954,5807332,9900,5203888
2022-01-09,Washington,7170351,630,5807962,179,5204067
2022-01-10,Washington,7170351,385,5808347,110,5204177
2022-01-11,Washington,7170351,14498,5822845,11521,5215698
2022-01-12,Washington,7170351,6876,5829721,4946,5220644
2022-01-13,Washington,7170351,8686,5838407,6100,5226744
2022-01-14,Washington,7170351,6643,5845050,5515,5232259
2022-01-15,Washington,7170351,0,5845050,0,5232259
2022-01-16,Washington,7170351,6975,5852025,4488,5236747
2022-01-17,Washington,7170351,0,5852025,0,5236747
2022-01-18,Washington,7170351,1000,5853025,237,5236984
2022-01-19,Washington,7170351,85842,5938867,54738,5291722
2022-01-20,Washington,7170351,5139,5944006,3336,5295058
2022-01-21,Washington,7170351,5877,5949883,4044,5299102
2022-01-22,Washington,7170351,553,5950436,158,5299260
2022-01-23,Washington,7170351,609,5951045,174,5299434
2022-01-24,Washington,7170351,500,5951545,123,5299557
2022-01-25,Washington,7170351,15993,5967538,10533,5310090
2022-01-26,Washington,7170351,5153,5972691,3244,5313334
2022-01-27,Washington,7170351,3828,5976519,3456,5316790
2022-01-28,Washington,7170351,4822,5981341,3564,5320354
2022-01-29,Washington,7170351,4910,5986251,4333,5324687
2022-01-30,Washington,7170351,531,5986782,191,5324878
2022-01-31,Washington,7170351,0,5986782,0,5324878
2022-02-01,Washington,7170351,11117,5997899,9372,5334250
2022-02-02,Washington,7170351,4362,6002261,3976,5338226
2022-02-03,Washington,7170351,0,6002261,0,5338226
2022-02-04,Washington,7170351,7463,6009724,7197,5345423
2022-02-05,Washington,7170351,4189,6013913,4007,5349430
2022-02-06,Washington,7170351,831,6014744,223,5349653
2022-02-07,Washington,7170351,294,6015038,70,5349723
2022-02-08,Washington,7170351,6659,6021697,7193,5356916
2022-02-09,Washington,7170351,0,6021697,0,5356916
2021-07-01,Wisconsin,5771337,5243,3127858,7192,2886653
2021-07-02,Wisconsin,5771337,5526,3133384,5174,2891827
2021-07-03,Wisconsin,5771337,4885,3138269,15725,2907552
2021-07-04,Wisconsin,5771337,5236,3143505,19568,2927120
2021-07-05,Wisconsin,5771337,0,3143505,0,2927120
2021-07-06,Wisconsin,5771337,2907,3146412,3725,2930845
2021-07-07,Wisconsin,5771337,788,3147200,1033,2931878
2021-07-08,Wisconsin,5771337,3836,3151036,4507,2936385
2021-07-09,Wisconsin,5771337,3984,3155020,4760,2941145
2021-07-10,Wisconsin,5771337,4156,3159176,4664,2945809
2021-07-11,Wisconsin,5771337,3949,3163125,5228,2951037
2021-07-12,Wisconsin,5771337,2146,3165271,2839,2953876
2021-07-13,Wisconsin,5771337,1338,3166609,1449,2955325
2021-07-14,Wisconsin,5771337,2607,3169216,2885,2958210
2021-07-15,Wisconsin,5771337,3931,3173147,4218,2962428
2021-07-16,Wisconsin,5771337,3653,3176800,4265,2966693
2021-07-17,Wisconsin,5771337,4094,3180894,4431,2971124
2021-07-18,Wisconsin,5771337,3810,3184704,4127,2975251
2021-07-19,Wisconsin,5771337,2397,3187101,2574,2977825
2021-07-20,Wisconsin,5771337,0,3187101,0,2977825
2021-07-21,Wisconsin,5771337,4341,3191442,3951,2981776
2021-07-22,Wisconsin,5771337,4690,3196132,4634,2986410
2021-07-23,Wisconsin,5771337,4690,3200822,3961,2990371
2021-07-24,Wisconsin,5771337,4952,3205774,3850,2994221
2021-07-25,Wisconsin,5771337,5778,3211552,4401,2998622
2021-07-26,Wisconsin,5771337,3448,3215000,1998,3000620
2021-07-27,Wisconsin,5771337,1987,3216987,1437,3002057
2021-07-28,Wisconsin,5771337,3830,3220817,1996,3004053
2021-07-29,Wisconsin,5771337,5890,3226707,3471,3007524
2021-07-30,Wisconsin,5771337,6612,3233319,3881,3011405
2021-07-31,Wisconsin,5771337,5916,3239235,3612,3015017
2021-08-01,Wisconsin,5771337,5928,3245163,3749,3018766
2021-08-02,Wisconsin,5771337,4139,3249302,2184,3020950
2021-08-03,Wisconsin,5771337,2367,3251669,1294,3022244
2021-08-04,Wisconsin,5771337,4872,3256541,2462,3024706
2021-08-05,Wisconsin,5771337,7310,3263851,3720,3028426
2021-08-06,Wisconsin,5771337,7777,3271628,3791,3032217
2021-08-07,Wisconsin,5771337,8527,3280155,4199,3036416
2021-08-08,Wisconsin,5771337,7661,3287816,3714,3040130
2021-08-09,Wisconsin,5771337,5009,3292825,2298,3042428
2021-08-10,Wisconsin,5771337,2979,3295804,1395,3043823
2021-08-11,Wisconsin,5771337,4691,3300495,2724,3046547
2021-08-12,Wisconsin,5771337,4864,3305359,2988,3049535
2021-08-13,Wisconsin,5771337,7589,3312948,4485,3054020
2021-08-14,Wisconsin,5771337,8513,3321461,5305,3059325
2021-08-15,Wisconsin,5771337,277,3321738,242,3059567
2021-08-16,Wisconsin,5771337,9913,3331651,6945,3066512
2021-08-17,Wisconsin,5771337,2426,3334077,1609,3068121
2021-08-18,Wisconsin,5771337,4415,3338492,3332,3071453
2021-08-19,Wisconsin,5771337,6592,3345084,5347,3076800
2021-08-20,Wisconsin,5771337,6646,3351730,5430,3082230
2021-08-21,Wisconsin,5771337,6471,3358201,5410,3087640
2021-08-22,Wisconsin,5771337,5790,3363991,5803,3093443
2021-08-23,Wisconsin,5771337,3917,3367908,9541,3102984
2021-08-24,Wisconsin,5771337,2022,3369930,2141,3105125
2021-08-25,Wisconsin,5771337,4671,3374601,4220,3109345
2021-08-26,Wisconsin,5771337,7076,3381677,6550,3115895
2021-08-27,Wisconsin,5771337,7431,3389108,6310,3122205
2021-08-28,Wisconsin,5771337,0,3389108,0,3122205
2021-08-29,Wisconsin,5771337,15549,3404657,13508,3135713
2021-08-30,Wisconsin,5771337,4799,3409456,4239,3139952
2021-08-31,Wisconsin,5771337,2873,3412329,2635,3142587
2021-09-01,Wisconsin,5771337,5518,3417847,4860,3147447
2021-09-02,Wisconsin,5771337,7830,3425677,7151,3154598
2021-09-03,Wisconsin,5771337,8197,3433874,6146,3160744
2021-09-04,Wisconsin,5771337,8966,3442840,6246,3166990
2021-09-05,Wisconsin,5771337,0,3442840,0,3166990
2021-09-06,Wisconsin,5771337,0,3442840,0,3166990
2021-09-07,Wisconsin,5771337,15186,3458026,11793,3178783
2021-09-08,Wisconsin,5771337,2430,3460456,1800,3180583
2021-09-09,Wisconsin,5771337,3331,3463787,4104,3184687
2021-09-10,Wisconsin,5771337,5654,3469441,6948,3191635
2021-09-11,Wisconsin,5771337,5112,3474553,6137,3197772
2021-09-12,Wisconsin,5771337,5265,3479818,5899,3203671
2021-09-13,Wisconsin,5771337,0,3479818,0,3203671
2021-09-14,Wisconsin,5771337,6324,3486142,6149,3209820
2021-09-15,Wisconsin,5771337,3925,3490067,4026,3213846
2021-09-16,Wisconsin,5771337,5732,3495799,6220,3220066
2021-09-17,Wisconsin,5771337,5454,3501253,6110,3226176
2021-09-18,Wisconsin,5771337,5927,3507180,6483,3232659
2021-09-19,Wisconsin,5771337,6147,3513327,6614,3239273
2021-09-20,Wisconsin,5771337,3868,3517195,4233,3243506
2021-09-21,Wisconsin,5771337,2710,3519905,2339,3245845
2021-09-22,Wisconsin,5771337,3322,3523227,3884,3249729
2021-09-23,Wisconsin,5771337,3612,3526839,5676,3255405
2021-09-24,Wisconsin,5771337,2834,3529673,4681,3260086
2021-09-25,Wisconsin,5771337,4014,3533687,6721,3266807
2021-09-26,Wisconsin,5771337,4000,3537687,6473,3273280
2021-09-27,Wisconsin,5771337,2512,3540199,3807,3277087
2021-09-28,Wisconsin,5771337,0,3540199,0,3277087
2021-09-29,Wisconsin,5771337,4776,3544975,6006,3283093
2021-09-30,Wisconsin,5771337,3006,3547981,3028,3286121
2021-10-01,Wisconsin,5771337,4004,3551985,4094,3290215
2021-10-02,Wisconsin,5771337,3111,3555096,3448,3293663
2021-10-03,Wisconsin,5771337,5818,3560914,6853,3300516
2021-10-04,Wisconsin,5771337,3114,3564028,4504,3305020
2021-10-05,Wisconsin,5771337,1314,3565342,1825,3306845
2021-10-06,Wisconsin,5771337,2796,3568138,3214,3310059
2021-10-07,Wisconsin,5771337,2750,3570888,2931,3312990
2021-10-08,Wisconsin,5771337,9266,3580154,9784,3322774
2021-10-09,Wisconsin,5771337,3707,3583861,4659,3327433
2021-10-10,Wisconsin,5771337,0,3583861,0,3327433
2021-10-11,Wisconsin,5771337,0,3583861,0,3327433
2021-10-12,Wisconsin,5771337,6410,3590271,9366,3336799
2021-10-13,Wisconsin,5771337,2931,3593202,3176,3339975
2021-10-14,Wisconsin,5771337,3857,3597059,4185,3344160
2021-10-15,Wisconsin,5771337,3717,3600776,3496,3347656
2021-10-16,Wisconsin,5771337,3087,3603863,3168,3350824
2021-10-17,Wisconsin,5771337,4262,3608125,5097,3355921
2021-10-18,Wisconsin,5771337,1856,3609981,2243,3358164
2021-10-19,Wisconsin,5771337,981,3610962,1293,3359457
2021-10-20,Wisconsin,5771337,2605,3613567,2747,3362204
2021-10-21,Wisconsin,5771337,3320,3616887,3321,3365525
2021-10-22,Wisconsin,5771337,5650,3622537,4599,3370124
2021-10-23,Wisconsin,5771337,3188,3625725,3060,3373184
2021-10-24,Wisconsin,5771337,3488,3629213,3289,3376473
2021-10-25,Wisconsin,5771337,1707,3630920,1522,3377995
2021-10-26,Wisconsin,5771337,1289,3632209,1021,3379016
2021-10-27,Wisconsin,5771337,2949,3635158,2259,3381275
2021-10-28,Wisconsin,5771337,4258,3639416,3195,3384470
2021-10-29,Wisconsin,5771337,3869,3643285,4583,3389053
2021-10-30,Wisconsin,5771337,4667,3647952,3536,3392589
2021-10-31,Wisconsin,5771337,4135,3652087,3167,3395756
2021-11-01,Wisconsin,5771337,2287,3654374,1643,3397399
2021-11-02,Wisconsin,5771337,1831,3656205,2519,3399918
2021-11-03,Wisconsin,5771337,3122,3659327,2261,3402179
2021-11-04,Wisconsin,5771337,5701,3665028,4997,3407176
2021-11-05,Wisconsin,5771337,3028,3668056,2156,3409332
2021-11-06,Wisconsin,5771337,3951,3672007,2452,3411784
2021-11-07,Wisconsin,5771337,6308,3678315,3538,3415322
2021-11-08,Wisconsin,5771337,5089,3683404,2712,3418034
2021-11-09,Wisconsin,5771337,2469,3685873,889,3418923
2021-11-10,Wisconsin,5771337,6578,3692451,2052,3420975
2021-11-11,Wisconsin,5771337,0,3692451,0,3420975
2021-11-12,Wisconsin,5771337,19180,3711631,5697,3426672
2021-11-13,Wisconsin,5771337,8572,3720203,2517,3429189
2021-11-14,Wisconsin,5771337,12585,3732788,3353,3432542
2021-11-15,Wisconsin,5771337,10679,3743467,1658,3434200
2021-11-16,Wisconsin,5771337,389,3743856,66,3434266
2021-11-17,Wisconsin,5771337,10468,3754324,3083,3437349
2021-11-18,Wisconsin,5771337,0,3754324,0,3437349
2021-11-19,Wisconsin,5771337,9487,3763811,2923,3440272
2021-11-20,Wisconsin,5771337,8639,3772450,2688,3442960
2021-11-21,Wisconsin,5771337,9744,3782194,2758,3445718
2021-11-22,Wisconsin,5771337,15782,3797976,4213,3449931
2021-11-23,Wisconsin,5771337,0,3797976,0,3449931
2021-11-24,Wisconsin,5771337,9835,3807811,2897,3452828
2021-11-25,Wisconsin,5771337,0,3807811,0,3452828
2021-11-26,Wisconsin,5771337,0,3807811,0,3452828
2021-11-27,Wisconsin,5771337,0,3807811,0,3452828
2021-11-28,Wisconsin,5771337,0,3807811,0,3452828
2021-11-29,Wisconsin,5771337,0,3807811,0,3452828
2021-11-30,Wisconsin,5771337,24708,3832519,11642,3464470
2021-12-01,Wisconsin,5771337,4652,3837171,5366,3469836
2021-12-02,Wisconsin,5771337,7141,3844312,7194,3477030
2021-12-03,Wisconsin,5771337,5655,3849967,5567,3482597
2021-12-04,Wisconsin,5771337,7289,3857256,7953,3490550
2021-12-05,Wisconsin,5771337,6032,3863288,7791,3498341
2021-12-06,Wisconsin,5771337,3861,3867149,8421,3506762
2021-12-07,Wisconsin,5771337,1858,3869007,3122,3509884
2021-12-08,Wisconsin,5771337,5500,3874507,6111,3515995
2021-12-09,Wisconsin,5771337,6471,3880978,7386,3523381
2021-12-10,Wisconsin,5771337,7107,3888085,7215,3530596
2021-12-11,Wisconsin,5771337,5801,3893886,7124,3537720
2021-12-12,Wisconsin,5771337,5831,3899717,7404,3545124
2021-12-13,Wisconsin,5771337,3627,3903344,6444,3551568
2021-12-14,Wisconsin,5771337,920,3904264,850,3552418
2021-12-15,Wisconsin,5771337,0,3904264,0,3552418
2021-12-16,Wisconsin,5771337,5081,3909345,5384,3557802
2021-12-17,Wisconsin,5771337,10720,3920065,11333,3569135
2021-12-18,Wisconsin,5771337,0,3920065,0,3569135
2021-12-19,Wisconsin,5771337,11691,3931756,8413,3577548
2021-12-20,Wisconsin,5771337,3229,3934985,3208,3580756
2021-12-21,Wisconsin,5771337,1689,3936674,1305,3582061
2021-12-22,Wisconsin,5771337,4748,3941422,3444,3585505
2021-12-23,Wisconsin,5771337,5771,3947193,4286,3589791
2021-12-24,Wisconsin,5771337,0,3947193,0,3589791
2021-12-25,Wisconsin,5771337,0,3947193,0,3589791
2021-12-26,Wisconsin,5771337,0,3947193,0,3589791
2021-12-27,Wisconsin,5771337,6625,3953818,4389,3594180
2021-12-28,Wisconsin,5771337,8364,3962182,5562,3599742
2021-12-29,Wisconsin,5771337,4450,3966632,3717,3603459
2021-12-30,Wisconsin,5771337,5714,3972346,4056,3607515
2021-12-31,Wisconsin,5771337,0,3972346,0,3607515
2022-01-01,Wisconsin,5771337,0,3972346,0,3607515
2022-01-02,Wisconsin,5771337,0,3972346,0,3607515
2022-01-03,Wisconsin,5771337,0,3972346,0,3607515
2022-01-04,Wisconsin,5771337,16151,3988497,11210,3618725
2022-01-05,Wisconsin,5771337,3981,3992478,3417,3622142
2022-01-06,Wisconsin,5771337,0,3992478,0,3622142
2022-01-07,Wisconsin,5771337,5108,3997586,3814,3625956
2022-01-08,Wisconsin,5771337,10259,4007845,7514,3633470
2022-01-09,Wisconsin,5771337,6119,4013964,4291,3637761
2022-01-10,Wisconsin,5771337,3559,4017523,2823,3640584
2022-01-11,Wisconsin,5771337,1714,4019237,1056,3641640
2022-01-12,Wisconsin,5771337,4374,4023611,2899,3644539
2022-01-13,Wisconsin,5771337,5402,4029013,3592,3648131
2022-01-14,Wisconsin,5771337,5204,4034217,3848,3651979
2022-01-15,Wisconsin,5771337,0,4034217,0,3651979
2022-01-16,Wisconsin,5771337,5135,4039352,3343,3655322
2022-01-17,Wisconsin,5771337,0,4039352,0,3655322
2022-01-18,Wisconsin,5771337,1250,4040602,176,3655498
2022-01-19,Wisconsin,5771337,21093,4061695,13725,3669223
2022-01-20,Wisconsin,5771337,3981,4065676,3389,3672612
2022-01-21,Wisconsin,5771337,3638,4069314,3539,3676151
2022-01-22,Wisconsin,5771337,3686,4073000,3465,3679616
2022-01-23,Wisconsin,5771337,3895,4076895,3359,3682975
2022-01-24,Wisconsin,5771337,2009,4078904,1367,3684342
2022-01-25,Wisconsin,5771337,1260,4080164,725,3685067
2022-01-26,Wisconsin,5771337,2629,4082793,2477,3687544
2022-01-27,Wisconsin,5771337,3033,4085826,3003,3690547
2022-01-28,Wisconsin,5771337,2907,4088733,3118,3693665
2022-01-29,Wisconsin,5771337,2925,4091658,3155,3696820
2022-01-30,Wisconsin,5771337,3059,4094717,3623,3700443
2022-01-31,Wisconsin,5771337,0,4094717,0,3700443
2022-02-01,Wisconsin,5771337,3256,4097973,3798,3704241
2022-02-02,Wisconsin,5771337,2277,4100250,2575,3706816
2022-02-03,Wisconsin,5771337,0,4100250,0,3706816
2022-02-04,Wisconsin,5771337,4649,4104899,6234,3713050
2022-02-05,Wisconsin,5771337,2853,4107752,3407,3716457
2022-02-06,Wisconsin,5771337,2464,4110216,3319,3719776
2022-02-07,Wisconsin,5771337,1355,4111571,2088,3721864
2022-02-08,Wisconsin,5771337,758,4112329,1042,3722906
2022-02-09,Wisconsin,5771337,0,4112329,0,3722906
2021-07-01,West Virginia,1844128,1462,783445,1559,668104
2021-07-02,West Virginia,1844128,1840,785285,1928,670032
2021-07-03,West Virginia,1844128,1232,786517,1238,671270
2021-07-04,West Virginia,1844128,118,786635,118,671388
2021-07-05,West Virginia,1844128,0,786635,0,671388
2021-07-06,West Virginia,1844128,163,786798,205,671593
2021-07-07,West Virginia,1844128,254,787052,386,671979
2021-07-08,West Virginia,1844128,29911,816963,20040,692019
2021-07-09,West Virginia,1844128,509,817472,725,692744
2021-07-10,West Virginia,1844128,389,817861,496,693240
2021-07-11,West Virginia,1844128,150,818011,193,693433
2021-07-12,West Virginia,1844128,73,818084,73,693506
2021-07-13,West Virginia,1844128,191,818275,246,693752
2021-07-14,West Virginia,1844128,320,818595,355,694107
2021-07-15,West Virginia,1844128,357,818952,426,694533
2021-07-16,West Virginia,1844128,451,819403,589,695122
2021-07-17,West Virginia,1844128,481,819884,516,695638
2021-07-18,West Virginia,1844128,141,820025,160,695798
2021-07-19,West Virginia,1844128,80,820105,73,695871
2021-07-20,West Virginia,1844128,0,820105,0,695871
2021-07-21,West Virginia,1844128,642,820747,567,696438
2021-07-22,West Virginia,1844128,410,821157,361,696799
2021-07-23,West Virginia,1844128,634,821791,536,697335
2021-07-24,West Virginia,1844128,542,822333,418,697753
2021-07-25,West Virginia,1844128,232,822565,155,697908
2021-07-26,West Virginia,1844128,102,822667,55,697963
2021-07-27,West Virginia,1844128,307,822974,242,698205
2021-07-28,West Virginia,1844128,409,823383,288,698493
2021-07-29,West Virginia,1844128,501,823884,400,698893
2021-07-30,West Virginia,1844128,770,824654,577,699470
2021-07-31,West Virginia,1844128,590,825244,316,699786
2021-08-01,West Virginia,1844128,250,825494,177,699963
2021-08-02,West Virginia,1844128,146,825640,73,700036
2021-08-03,West Virginia,1844128,353,825993,255,700291
2021-08-04,West Virginia,1844128,570,826563,325,700616
2021-08-05,West Virginia,1844128,652,827215,334,700950
2021-08-06,West Virginia,1844128,850,828065,487,701437
2021-08-07,West Virginia,1844128,815,828880,499,701936
2021-08-08,West Virginia,1844128,369,829249,199,702135
2021-08-09,West Virginia,1844128,122,829371,61,702196
2021-08-10,West Virginia,1844128,352,829723,349,702545
2021-08-11,West Virginia,1844128,576,830299,387,702932
2021-08-12,West Virginia,1844128,895,831194,484,703416
2021-08-13,West Virginia,1844128,882,832076,452,703868
2021-08-14,West Virginia,1844128,925,833001,440,704308
2021-08-15,West Virginia,1844128,228,833229,91,704399
2021-08-16,West Virginia,1844128,278,833507,142,704541
2021-08-17,West Virginia,1844128,455,833962,233,704774
2021-08-18,West Virginia,1844128,667,834629,441,705215
2021-08-19,West Virginia,1844128,887,835516,571,705786
2021-08-20,West Virginia,1844128,913,836429,536,706322
2021-08-21,West Virginia,1844128,1089,837518,570,706892
2021-08-22,West Virginia,1844128,334,837852,211,707103
2021-08-23,West Virginia,1844128,227,838079,109,707212
2021-08-24,West Virginia,1844128,743,838822,351,707563
2021-08-25,West Virginia,1844128,626,839448,527,708090
2021-08-26,West Virginia,1844128,817,840265,458,708548
2021-08-27,West Virginia,1844128,1065,841330,636,709184
2021-08-28,West Virginia,1844128,0,841330,0,709184
2021-08-29,West Virginia,1844128,1509,842839,953,710137
2021-08-30,West Virginia,1844128,242,843081,126,710263
2021-08-31,West Virginia,1844128,598,843679,340,710603
2021-09-01,West Virginia,1844128,644,844323,409,711012
2021-09-02,West Virginia,1844128,711,845034,563,711575
2021-09-03,West Virginia,1844128,1156,846190,744,712319
2021-09-04,West Virginia,1844128,950,847140,533,712852
2021-09-05,West Virginia,1844128,0,847140,0,712852
2021-09-06,West Virginia,1844128,0,847140,0,712852
2021-09-07,West Virginia,1844128,678,847818,452,713304
2021-09-08,West Virginia,1844128,516,848334,299,713603
2021-09-09,West Virginia,1844128,848,849182,628,714231
2021-09-10,West Virginia,1844128,932,850114,645,714876
2021-09-11,West Virginia,1844128,1041,851155,640,715516
2021-09-12,West Virginia,1844128,443,851598,313,715829
2021-09-13,West Virginia,1844128,0,851598,0,715829
2021-09-14,West Virginia,1844128,1006,852604,498,716327
2021-09-15,West Virginia,1844128,754,853358,452,716779
2021-09-16,West Virginia,1844128,1399,854757,923,717702
2021-09-17,West Virginia,1844128,966,855723,643,718345
2021-09-18,West Virginia,1844128,902,856625,842,719187
2021-09-19,West Virginia,1844128,328,856953,274,719461
2021-09-20,West Virginia,1844128,169,857122,135,719596
2021-09-21,West Virginia,1844128,729,857851,440,720036
2021-09-22,West Virginia,1844128,572,858423,418,720454
2021-09-23,West Virginia,1844128,713,859136,686,721140
2021-09-24,West Virginia,1844128,908,860044,821,721961
2021-09-25,West Virginia,1844128,921,860965,862,722823
2021-09-26,West Virginia,1844128,307,861272,231,723054
2021-09-27,West Virginia,1844128,151,861423,90,723144
2021-09-28,West Virginia,1844128,0,861423,0,723144
2021-09-29,West Virginia,1844128,1257,862680,748,723892
2021-09-30,West Virginia,1844128,674,863354,513,724405
2021-10-01,West Virginia,1844128,756,864110,496,724901
2021-10-02,West Virginia,1844128,634,864744,725,725626
2021-10-03,West Virginia,1844128,373,865117,246,725872
2021-10-04,West Virginia,1844128,291,865408,198,726070
2021-10-05,West Virginia,1844128,449,865857,375,726445
2021-10-06,West Virginia,1844128,631,866488,396,726841
2021-10-07,West Virginia,1844128,754,867242,559,727400
2021-10-08,West Virginia,1844128,855,868097,703,728103
2021-10-09,West Virginia,1844128,738,868835,581,728684
2021-10-10,West Virginia,1844128,0,868835,0,728684
2021-10-11,West Virginia,1844128,0,868835,0,728684
2021-10-12,West Virginia,1844128,696,869531,570,729254
2021-10-13,West Virginia,1844128,596,870127,415,729669
2021-10-14,West Virginia,1844128,683,870810,847,730516
2021-10-15,West Virginia,1844128,611,871421,517,731033
2021-10-16,West Virginia,1844128,614,872035,613,731646
2021-10-17,West Virginia,1844128,254,872289,215,731861
2021-10-18,West Virginia,1844128,148,872437,114,731975
2021-10-19,West Virginia,1844128,248,872685,264,732239
2021-10-20,West Virginia,1844128,323,873008,287,732526
2021-10-21,West Virginia,1844128,413,873421,429,732955
2021-10-22,West Virginia,1844128,803,874224,722,733677
2021-10-23,West Virginia,1844128,485,874709,425,734102
2021-10-24,West Virginia,1844128,245,874954,132,734234
2021-10-25,West Virginia,1844128,183,875137,46,734280
2021-10-26,West Virginia,1844128,219,875356,127,734407
2021-10-27,West Virginia,1844128,471,875827,240,734647
2021-10-28,West Virginia,1844128,644,876471,232,734879
2021-10-29,West Virginia,1844128,397,876868,204,735083
2021-10-30,West Virginia,1844128,448,877316,202,735285
2021-10-31,West Virginia,1844128,729,878045,165,735450
2021-11-01,West Virginia,1844128,247,878292,75,735525
2021-11-02,West Virginia,1844128,268,878560,99,735624
2021-11-03,West Virginia,1844128,532,879092,195,735819
2021-11-04,West Virginia,1844128,596,879688,207,736026
2021-11-05,West Virginia,1844128,507,880195,173,736199
2021-11-06,West Virginia,1844128,518,880713,167,736366
2021-11-07,West Virginia,1844128,511,881224,139,736505
2021-11-08,West Virginia,1844128,328,881552,147,736652
2021-11-09,West Virginia,1844128,318,881870,196,736848
2021-11-10,West Virginia,1844128,371,882241,152,737000
2021-11-11,West Virginia,1844128,0,882241,0,737000
2021-11-12,West Virginia,1844128,968,883209,324,737324
2021-11-13,West Virginia,1844128,372,883581,124,737448
2021-11-14,West Virginia,1844128,379,883960,318,737766
2021-11-15,West Virginia,1844128,370,884330,93,737859
2021-11-16,West Virginia,1844128,77181,961511,5172,743031
2021-11-17,West Virginia,1844128,418,961929,165,743196
2021-11-18,West Virginia,1844128,0,961929,0,743196
2021-11-19,West Virginia,1844128,384,962313,123,743319
2021-11-20,West Virginia,1844128,588,962901,219,743538
2021-11-21,West Virginia,1844128,517,963418,175,743713
2021-11-22,West Virginia,1844128,687,964105,170,743883
2021-11-23,West Virginia,1844128,0,964105,0,743883
2021-11-24,West Virginia,1844128,715,964820,120,744003
2021-11-25,West Virginia,1844128,0,964820,0,744003
2021-11-26,West Virginia,1844128,0,964820,0,744003
2021-11-27,West Virginia,1844128,0,964820,0,744003
2021-11-28,West Virginia,1844128,0,964820,0,744003
2021-11-29,West Virginia,1844128,0,964820,0,744003
2021-11-30,West Virginia,1844128,1452,966272,497,744500
2021-12-01,West Virginia,1844128,281,966553,114,744614
2021-12-02,West Virginia,1844128,269731,1236284,132297,876911
2021-12-03,West Virginia,1844128,859,1237143,549,877460
2021-12-04,West Virginia,1844128,4891,1242034,3111,880571
2021-12-05,West Virginia,1844128,384,1242418,153,880724
2021-12-06,West Virginia,1844128,295,1242713,123,880847
2021-12-07,West Virginia,1844128,186,1242899,95,880942
2021-12-08,West Virginia,1844128,311232,1554131,355426,1236368
2021-12-09,West Virginia,1844128,233,1554364,75,1236443
2021-12-10,West Virginia,1844128,40432,1594796,35198,1271641
2021-12-11,West Virginia,1844128,411,1595207,182,1271823
2021-12-12,West Virginia,1844128,374,1595581,103,1271926
2021-12-13,West Virginia,1844128,157,1595738,74,1272000
2021-12-14,West Virginia,1844128,6571,1602309,7246,1279246
2021-12-15,West Virginia,1844128,0,1602309,0,1279246
2021-12-16,West Virginia,1844128,665,1602974,538,1279784
2021-12-17,West Virginia,1844128,3618,1606592,3489,1283273
2021-12-18,West Virginia,1844128,0,1606592,0,1283273
2021-12-19,West Virginia,1844128,736,1607328,186,1283459
2021-12-20,West Virginia,1844128,230,1607558,31,1283490
2021-12-21,West Virginia,1844128,24,1607582,99,1283589
2021-12-22,West Virginia,1844128,308,1607890,88,1283677
2021-12-23,West Virginia,1844128,-504301,1103589,-301131,982546
2021-12-24,West Virginia,1844128,0,1103589,0,982546
2021-12-25,West Virginia,1844128,0,1103589,0,982546
2021-12-26,West Virginia,1844128,0,1103589,0,982546
2021-12-27,West Virginia,1844128,1854,1105443,1146,983692
2021-12-28,West Virginia,1844128,1613,1107056,1174,984866
2021-12-29,West Virginia,1844128,1065,1108121,745,985611
2021-12-30,West Virginia,1844128,1403,1109524,1077,986688
2021-12-31,West Virginia,1844128,0,1109524,0,986688
2022-01-01,West Virginia,1844128,0,1109524,0,986688
2022-01-02,West Virginia,1844128,0,1109524,0,986688
2022-01-03,West Virginia,1844128,0,1109524,0,986688
2022-01-04,West Virginia,1844128,4421,1113945,2975,989663
2022-01-05,West Virginia,1844128,979,1114924,711,990374
2022-01-06,West Virginia,1844128,0,1114924,0,990374
2022-01-07,West Virginia,1844128,1088,1116012,787,991161
2022-01-08,West Virginia,1844128,2547,1118559,1675,992836
2022-01-09,West Virginia,1844128,224,1118783,50,992886
2022-01-10,West Virginia,1844128,135,1118918,28,992914
2022-01-11,West Virginia,1844128,1683,1120601,1148,994062
2022-01-12,West Virginia,1844128,945,1121546,648,994710
2022-01-13,West Virginia,1844128,1178,1122724,797,995507
2022-01-14,West Virginia,1844128,1243,1123967,801,996308
2022-01-15,West Virginia,1844128,0,1123967,0,996308
2022-01-16,West Virginia,1844128,1208,1125175,668,996976
2022-01-17,West Virginia,1844128,0,1125175,0,996976
2022-01-18,West Virginia,1844128,399,1125574,129,997105
2022-01-19,West Virginia,1844128,7240,1132814,3927,1001032
2022-01-20,West Virginia,1844128,458,1133272,370,1001402
2022-01-21,West Virginia,1844128,681,1133953,576,1001978
2022-01-22,West Virginia,1844128,748,1134701,570,1002548
2022-01-23,West Virginia,1844128,125,1134826,51,1002599
2022-01-24,West Virginia,1844128,99,1134925,28,1002627
2022-01-25,West Virginia,1844128,1334,1136259,1152,1003779
2022-01-26,West Virginia,1844128,478,1136737,507,1004286
2022-01-27,West Virginia,1844128,637,1137374,588,1004874
2022-01-28,West Virginia,1844128,719,1138093,651,1005525
2022-01-29,West Virginia,1844128,621,1138714,608,1006133
2022-01-30,West Virginia,1844128,142,1138856,68,1006201
2022-01-31,West Virginia,1844128,0,1138856,0,1006201
2022-02-01,West Virginia,1844128,1068,1139924,971,1007172
2022-02-02,West Virginia,1844128,478,1140402,425,1007597
2022-02-03,West Virginia,1844128,0,1140402,0,1007597
2022-02-04,West Virginia,1844128,1219,1141621,1187,1008784
2022-02-05,West Virginia,1844128,651,1142272,616,1009400
2022-02-06,West Virginia,1844128,91,1142363,56,1009456
2022-02-07,West Virginia,1844128,19,1142382,17,1009473
2022-02-08,West Virginia,1844128,825,1143207,1000,1010473
2022-02-09,West Virginia,1844128,0,1143207,0,1010473
2021-07-01,Wyoming,586107,830,227741,785,199743
2021-07-02,Wyoming,586107,421,228162,441,200184
2021-07-03,Wyoming,586107,2752,230914,4338,204522
2021-07-04,Wyoming,586107,79,230993,76,204598
2021-07-05,Wyoming,586107,0,230993,0,204598
2021-07-06,Wyoming,586107,49,231042,38,204636
2021-07-07,Wyoming,586107,66,231108,51,204687
2021-07-08,Wyoming,586107,1027,232135,1087,205774
2021-07-09,Wyoming,586107,373,232508,394,206168
2021-07-10,Wyoming,586107,502,233010,403,206571
2021-07-11,Wyoming,586107,90,233100,81,206652
2021-07-12,Wyoming,586107,28,233128,20,206672
2021-07-13,Wyoming,586107,623,233751,549,207221
2021-07-14,Wyoming,586107,191,233942,196,207417
2021-07-15,Wyoming,586107,739,234681,440,207857
2021-07-16,Wyoming,586107,441,235122,318,208175
2021-07-17,Wyoming,586107,379,235501,298,208473
2021-07-18,Wyoming,586107,75,235576,52,208525
2021-07-19,Wyoming,586107,27,235603,18,208543
2021-07-20,Wyoming,586107,0,235603,0,208543
2021-07-21,Wyoming,586107,886,236489,689,209232
2021-07-22,Wyoming,586107,579,237068,368,209600
2021-07-23,Wyoming,586107,512,237580,338,209938
2021-07-24,Wyoming,586107,564,238144,379,210317
2021-07-25,Wyoming,586107,111,238255,59,210376
2021-07-26,Wyoming,586107,51,238306,21,210397
2021-07-27,Wyoming,586107,63,238369,52,210449
2021-07-28,Wyoming,586107,1472,239841,839,211288
2021-07-29,Wyoming,586107,552,240393,321,211609
2021-07-30,Wyoming,586107,568,240961,265,211874
2021-07-31,Wyoming,586107,649,241610,356,212230
2021-08-01,Wyoming,586107,125,241735,87,212317
2021-08-02,Wyoming,586107,34,241769,17,212334
2021-08-03,Wyoming,586107,43,241812,25,212359
2021-08-04,Wyoming,586107,180,241992,88,212447
2021-08-05,Wyoming,586107,154,242146,86,212533
2021-08-06,Wyoming,586107,2720,244866,1356,213889
2021-08-07,Wyoming,586107,164,245030,98,213987
2021-08-08,Wyoming,586107,121,245151,78,214065
2021-08-09,Wyoming,586107,37,245188,24,214089
2021-08-10,Wyoming,586107,1581,246769,764,214853
2021-08-11,Wyoming,586107,695,247464,351,215204
2021-08-12,Wyoming,586107,761,248225,421,215625
2021-08-13,Wyoming,586107,170,248395,67,215692
2021-08-14,Wyoming,586107,149,248544,90,215782
2021-08-15,Wyoming,586107,152,248696,75,215857
2021-08-16,Wyoming,586107,54,248750,34,215891
2021-08-17,Wyoming,586107,3016,251766,1508,217399
2021-08-18,Wyoming,586107,858,252624,434,217833
2021-08-19,Wyoming,586107,855,253479,467,218300
2021-08-20,Wyoming,586107,825,254304,471,218771
2021-08-21,Wyoming,586107,901,255205,576,219347
2021-08-22,Wyoming,586107,64,255269,43,219390
2021-08-23,Wyoming,586107,84,255353,54,219444
2021-08-24,Wyoming,586107,1637,256990,915,220359
2021-08-25,Wyoming,586107,744,257734,447,220806
2021-08-26,Wyoming,586107,824,258558,527,221333
2021-08-27,Wyoming,586107,890,259448,579,221912
2021-08-28,Wyoming,586107,0,259448,0,221912
2021-08-29,Wyoming,586107,367,259815,211,222123
2021-08-30,Wyoming,586107,42,259857,33,222156
2021-08-31,Wyoming,586107,2275,262132,1434,223590
2021-09-01,Wyoming,586107,201,262333,156,223746
2021-09-02,Wyoming,586107,1747,264080,2430,226176
2021-09-03,Wyoming,586107,920,265000,639,226815
2021-09-04,Wyoming,586107,857,265857,670,227485
2021-09-05,Wyoming,586107,0,265857,0,227485
2021-09-06,Wyoming,586107,0,265857,0,227485
2021-09-07,Wyoming,586107,485,266342,176,227661
2021-09-08,Wyoming,586107,1684,268026,1260,228921
2021-09-09,Wyoming,586107,579,268605,588,229509
2021-09-10,Wyoming,586107,978,269583,713,230222
2021-09-11,Wyoming,586107,793,270376,681,230903
2021-09-12,Wyoming,586107,149,270525,114,231017
2021-09-13,Wyoming,586107,0,270525,0,231017
2021-09-14,Wyoming,586107,1520,272045,1397,232414
2021-09-15,Wyoming,586107,670,272715,554,232968
2021-09-16,Wyoming,586107,764,273479,591,233559
2021-09-17,Wyoming,586107,722,274201,702,234261
2021-09-18,Wyoming,586107,835,275036,802,235063
2021-09-19,Wyoming,586107,118,275154,92,235155
2021-09-20,Wyoming,586107,33,275187,38,235193
2021-09-21,Wyoming,586107,1001,276188,1126,236319
2021-09-22,Wyoming,586107,636,276824,466,236785
2021-09-23,Wyoming,586107,561,277385,589,237374
2021-09-24,Wyoming,586107,133,277518,121,237495
2021-09-25,Wyoming,586107,508,278026,529,238024
2021-09-26,Wyoming,586107,50,278076,175,238199
2021-09-27,Wyoming,586107,26,278102,23,238222
2021-09-28,Wyoming,586107,0,278102,0,238222
2021-09-29,Wyoming,586107,2063,280165,2097,240319
2021-09-30,Wyoming,586107,470,280635,495,240814
2021-10-01,Wyoming,586107,147,280782,96,240910
2021-10-02,Wyoming,586107,148,280930,109,241019
2021-10-03,Wyoming,586107,109,281039,73,241092
2021-10-04,Wyoming,586107,40,281079,25,241117
2021-10-05,Wyoming,586107,1904,282983,2075,243192
2021-10-06,Wyoming,586107,459,283442,519,243711
2021-10-07,Wyoming,586107,490,283932,532,244243
2021-10-08,Wyoming,586107,668,284600,714,244957
2021-10-09,Wyoming,586107,597,285197,588,245545
2021-10-10,Wyoming,586107,0,285197,0,245545
2021-10-11,Wyoming,586107,0,285197,0,245545
2021-10-12,Wyoming,586107,998,286195,1057,246602
2021-10-13,Wyoming,586107,412,286607,462,247064
2021-10-14,Wyoming,586107,176,286783,182,247246
2021-10-15,Wyoming,586107,844,287627,1028,248274
2021-10-16,Wyoming,586107,476,288103,554,248828
2021-10-17,Wyoming,586107,71,288174,91,248919
2021-10-18,Wyoming,586107,28,288202,31,248950
2021-10-19,Wyoming,586107,822,289024,791,249741
2021-10-20,Wyoming,586107,395,289419,397,250138
2021-10-21,Wyoming,586107,422,289841,371,250509
2021-10-22,Wyoming,586107,822,290663,696,251205
2021-10-23,Wyoming,586107,486,291149,457,251662
2021-10-24,Wyoming,586107,118,291267,60,251722
2021-10-25,Wyoming,586107,48,291315,19,251741
2021-10-26,Wyoming,586107,839,292154,842,252583
2021-10-27,Wyoming,586107,500,292654,383,252966
2021-10-28,Wyoming,586107,606,293260,448,253414
2021-10-29,Wyoming,586107,632,293892,452,253866
2021-10-30,Wyoming,586107,201,294093,102,253968
2021-10-31,Wyoming,586107,191,294284,60,254028
2021-11-01,Wyoming,586107,72,294356,19,254047
2021-11-02,Wyoming,586107,1349,295705,1152,255199
2021-11-03,Wyoming,586107,446,296151,398,255597
2021-11-04,Wyoming,586107,158,296309,58,255655
2021-11-05,Wyoming,586107,791,297100,582,256237
2021-11-06,Wyoming,586107,572,297672,458,256695
2021-11-07,Wyoming,586107,135,297807,50,256745
2021-11-08,Wyoming,586107,58,297865,27,256772
2021-11-09,Wyoming,586107,939,298804,970,257742
2021-11-10,Wyoming,586107,469,299273,339,258081
2021-11-11,Wyoming,586107,0,299273,0,258081
2021-11-12,Wyoming,586107,834,300107,509,258590
2021-11-13,Wyoming,586107,1254,301361,577,259167
2021-11-14,Wyoming,586107,235,301596,56,259223
2021-11-15,Wyoming,586107,64,301660,15,259238
2021-11-16,Wyoming,586107,1893,303553,1048,260286
2021-11-17,Wyoming,586107,211,303764,83,260369
2021-11-18,Wyoming,586107,0,303764,0,260369
2021-11-19,Wyoming,586107,971,304735,628,260997
2021-11-20,Wyoming,586107,751,305486,345,261342
2021-11-21,Wyoming,586107,890,306376,356,261698
2021-11-22,Wyoming,586107,225,306601,60,261758
2021-11-23,Wyoming,586107,0,306601,0,261758
2021-11-24,Wyoming,586107,1322,307923,659,262417
2021-11-25,Wyoming,586107,0,307923,0,262417
2021-11-26,Wyoming,586107,0,307923,0,262417
2021-11-27,Wyoming,586107,0,307923,0,262417
2021-11-28,Wyoming,586107,0,307923,0,262417
2021-11-29,Wyoming,586107,0,307923,0,262417
2021-11-30,Wyoming,586107,2558,310481,1346,263763
2021-12-01,Wyoming,586107,625,311106,392,264155
2021-12-02,Wyoming,586107,689,311795,589,264744
2021-12-03,Wyoming,586107,653,312448,449,265193
2021-12-04,Wyoming,586107,832,313280,779,265972
2021-12-05,Wyoming,586107,178,313458,77,266049
2021-12-06,Wyoming,586107,76,313534,22,266071
2021-12-07,Wyoming,586107,1296,314830,1389,267460
2021-12-08,Wyoming,586107,515,315345,483,267943
2021-12-09,Wyoming,586107,570,315915,529,268472
2021-12-10,Wyoming,586107,125,316040,57,268529
2021-12-11,Wyoming,586107,149,316189,68,268597
2021-12-12,Wyoming,586107,122,316311,38,268635
2021-12-13,Wyoming,586107,44,316355,10,268645
2021-12-14,Wyoming,586107,1290,317645,1748,270393
2021-12-15,Wyoming,586107,0,317645,0,270393
2021-12-16,Wyoming,586107,144,317789,103,270496
2021-12-17,Wyoming,586107,1170,318959,1386,271882
2021-12-18,Wyoming,586107,0,318959,0,271882
2021-12-19,Wyoming,586107,505,319464,340,272222
2021-12-20,Wyoming,586107,48,319512,13,272235
2021-12-21,Wyoming,586107,603,320115,568,272803
2021-12-22,Wyoming,586107,565,320680,369,273172
2021-12-23,Wyoming,586107,600,321280,343,273515
2021-12-24,Wyoming,586107,0,321280,0,273515
2021-12-25,Wyoming,586107,0,321280,0,273515
2021-12-26,Wyoming,586107,0,321280,0,273515
2021-12-27,Wyoming,586107,576,321856,411,273926
2021-12-28,Wyoming,586107,543,322399,479,274405
2021-12-29,Wyoming,586107,366,322765,261,274666
2021-12-30,Wyoming,586107,480,323245,380,275046
2021-12-31,Wyoming,586107,0,323245,0,275046
2022-01-01,Wyoming,586107,0,323245,0,275046
2022-01-02,Wyoming,586107,0,323245,0,275046
2022-01-03,Wyoming,586107,0,323245,0,275046
2022-01-04,Wyoming,586107,1345,324590,993,276039
2022-01-05,Wyoming,586107,290,324880,248,276287
2022-01-06,Wyoming,586107,0,324880,0,276287
2022-01-07,Wyoming,586107,410,325290,287,276574
2022-01-08,Wyoming,586107,882,326172,626,277200
2022-01-09,Wyoming,586107,85,326257,19,277219
2022-01-10,Wyoming,586107,33,326290,14,277233
2022-01-11,Wyoming,586107,562,326852,471,277704
2022-01-12,Wyoming,586107,324,327176,241,277945
2022-01-13,Wyoming,586107,473,327649,315,278260
2022-01-14,Wyoming,586107,399,328048,256,278516
2022-01-15,Wyoming,586107,0,328048,0,278516
2022-01-16,Wyoming,586107,423,328471,267,278783
2022-01-17,Wyoming,586107,0,328471,0,278783
2022-01-18,Wyoming,586107,157,328628,48,278831
2022-01-19,Wyoming,586107,3000,331628,2095,280926
2022-01-20,Wyoming,586107,-2935,328693,5740,286666
2022-01-21,Wyoming,586107,278,328971,180,286846
2022-01-22,Wyoming,586107,334,329305,180,287026
2022-01-23,Wyoming,586107,71,329376,40,287066
2022-01-24,Wyoming,586107,33,329409,6,287072
2022-01-25,Wyoming,586107,124,329533,59,287131
2022-01-26,Wyoming,586107,746,330279,529,287660
2022-01-27,Wyoming,586107,307,330586,194,287854
2022-01-28,Wyoming,586107,297,330883,188,288042
2022-01-29,Wyoming,586107,277,331160,237,288279
2022-01-30,Wyoming,586107,48,331208,44,288323
2022-01-31,Wyoming,586107,0,331208,0,288323
2022-02-01,Wyoming,586107,397,331605,331,288654
2022-02-02,Wyoming,586107,154,331759,144,288798
2022-02-03,Wyoming,586107,0,331759,0,288798
2022-02-04,Wyoming,586107,409,332168,359,289157
2022-02-05,Wyoming,586107,286,332454,257,289414
2022-02-06,Wyoming,586107,76,332530,40,289454
2022-02-07,Wyoming,586107,13,332543,7,289461
2022-02-08,Wyoming,586107,59,332602,39,289500
2022-02-09,Wyoming,586107,0,332602,0,289500
